/*--------------------------------*- C++ -*----------------------------------*\
| =========                 |                                                 |
| \\      /  F ield         | OpenFOAM: The Open Source CFD Toolbox           |
|  \\    /   O peration     | Version:  2.3.1                                 |
|   \\  /    A nd           | Web:      www.OpenFOAM.org                      |
|    \\/     M anipulation  |                                                 |
\*---------------------------------------------------------------------------*/
FoamFile {
  version     2.0;
  format      ascii;
  class       regIOobject;
  location    "constant/polyMesh";
  object      faceZones;
}
// * * * * * * * * * * * * * * * * * * * * * * * * * * * * * * * * * * * * * //

2
(
hotFlow {
  type faceZone;
  faceLabels      List<label>
  110
  (
      12774
      12775
      12780
      12781
      12783
      12784
      12786
      12787
      12788
      12793
      12795
      12796
      12797
      12798
      12799
      12803
      12805
      12806
      12815
      12819
      12821
      12824
      12825
      12830
      12831
      12832
      12833
      12834
      12835
      12836
      12837
      12838
      12839
      12840
      12841
      12842
      12843
      12844
      12845
      12846
      12847
      12857
      12861
      12869
      12870
      12874
      12875
      12880
      12886
      12887
      12889
      12891
      12892
      12893
      12898
      12899
      12901
      12902
      12903
      12904
      12905
      12906
      12907
      12908
      12909
      12912
      12913
      12914
      12915
      12931
      12936
      12937
      12938
      12939
      12940
      12945
      12946
      12958
      12959
      12960
      12961
      12963
      12967
      12968
      12969
      12970
      12971
      12976
      12977
      12978
      12979
      12980
      12981
      12982
      12983
      12984
      12985
      12986
      12987
      12988
      12989
      12990
      12991
      12992
      13003
      13004
      13005
      13015
      13023
      13025
  )
  ;
  flipMap         List<bool> 110{0};
}

porousMat {
  type faceZone;
  faceLabels      List<label>
  146
  (
      12771
      12772
      12773
      12776
      12777
      12778
      12779
      12782
      12785
      12789
      12790
      12791
      12792
      12794
      12800
      12801
      12802
      12804
      12807
      12808
      12809
      12810
      12811
      12812
      12813
      12814
      12816
      12817
      12818
      12820
      12822
      12823
      12826
      12827
      12828
      12829
      12848
      12849
      12850
      12851
      12852
      12853
      12854
      12855
      12856
      12858
      12859
      12860
      12862
      12863
      12864
      12865
      12866
      12867
      12868
      12871
      12872
      12873
      12876
      12877
      12878
      12879
      12881
      12882
      12883
      12884
      12885
      12888
      12890
      12894
      12895
      12896
      12897
      12900
      12910
      12911
      12916
      12917
      12918
      12919
      12920
      12921
      12922
      12923
      12924
      12925
      12926
      12927
      12928
      12929
      12930
      12932
      12933
      12934
      12935
      12941
      12942
      12943
      12944
      12947
      12948
      12949
      12950
      12951
      12952
      12953
      12954
      12955
      12956
      12957
      12962
      12964
      12965
      12966
      12972
      12973
      12974
      12975
      12993
      12994
      12995
      12996
      12997
      12998
      12999
      13000
      13001
      13002
      13006
      13007
      13008
      13009
      13010
      13011
      13012
      13013
      13014
      13016
      13017
      13018
      13019
      13020
      13021
      13022
      13024
      13026
  )
  ;
  flipMap         List<bool> 146{0};
}
)

// ************************************************************************* //
