/*--------------------------------*- C++ -*----------------------------------*\
| =========                 |                                                 |
| \\      /  F ield         | OpenFOAM: The Open Source CFD Toolbox           |
|  \\    /   O peration     | Version:  2.3.1                                 |
|   \\  /    A nd           | Web:      www.OpenFOAM.org                      |
|    \\/     M anipulation  |                                                 |
\*---------------------------------------------------------------------------*/
FoamFile
{
    version     2.0;
    format      ascii;
    class       labelList;
    note        "nPoints:6904  nCells:3192  nFaces:13027  nInternalFaces:6315";
    location    "constant/polyMesh";
    object      neighbour;
}
// * * * * * * * * * * * * * * * * * * * * * * * * * * * * * * * * * * * * * //


6315
(
301
303
2424
49
2361
2363
51
605
2076
2078
53
152
1407
1409
55
81
612
747
1572
1573
603
2079
2081
150
617
1410
1412
79
620
1413
1415
2118
56
623
2082
2084
58
626
1419
1421
60
86
630
632
615
2364
2366
618
635
1422
1424
621
638
1425
1427
624
641
1428
1430
84
644
1431
1491
2292
2293
61
647
1434
1436
63
91
651
653
633
654
656
2373
636
656
657
659
2382
639
659
1437
1439
642
662
1440
1442
645
665
1443
1445
89
668
1446
1500
2298
2299
64
671
1449
1451
654
2085
2087
657
675
677
2087
660
677
678
680
663
680
2367
2369
666
683
1452
1454
669
686
1455
1457
65
689
1458
1460
67
97
1461
1463
2085
2088
2090
675
2090
2091
2093
678
696
698
2093
681
698
699
701
684
701
1464
1466
687
704
1467
1469
95
707
708
2121
2178
2179
68
164
711
713
2088
2094
2096
2091
2096
2097
2099
696
2099
2100
2102
699
714
716
2102
702
716
2370
2372
705
719
2103
2105
162
722
1470
1472
69
725
2106
2108
2109
2111
51
605
2112
2114
735
737
53
152
738
740
741
743
55
81
1473
1475
747
749
80
1476
1478
58
626
1479
1481
756
758
60
86
759
761
762
764
85
765
767
63
91
768
770
771
773
90
774
776
670
1482
1484
67
97
782
785
1804
1805
783
785
96
786
788
163
789
791
724
2115
2117
333
335
2457
731
795
1809
1810
101
730
800
1813
1814
100
338
340
2460
102
314
801
803
103
313
804
806
104
107
807
809
106
110
347
349
151
2118
2120
623
1485
1487
1475
1488
1490
115
183
819
821
118
182
350
352
625
1491
1493
647
1494
1496
1497
1499
226
320
1861
1862
1866
1867
121
319
834
836
646
1500
1502
671
1503
1505
1506
1508
191
232
1894
1895
1899
1900
124
190
849
851
127
128
356
358
688
2121
2123
164
1509
1511
1461
1512
1514
131
860
863
1918
1919
130
134
864
866
361
363
2463
733
1924
1925
1929
1930
732
1515
1517
171
873
875
170
876
878
109
611
879
881
108
882
884
170
1518
1520
110
888
890
816
891
1953
1954
369
2466
112
155
894
896
113
370
372
155
897
899
154
754
900
902
753
1521
1523
118
182
906
908
181
224
1966
1967
1971
1972
376
2472
121
319
912
914
230
318
1975
1976
1980
1981
918
920
124
190
380
382
125
189
921
923
383
2475
674
1524
1526
195
673
927
929
194
930
932
194
933
935
133
167
1527
1529
132
939
941
855
942
944
134
390
392
137
945
947
393
2481
138
329
948
950
142
328
951
953
167
954
956
166
957
959
144
400
402
2487
143
793
960
2004
2005
792
965
2008
2009
728
1530
1532
727
2023
2024
2028
2029
403
405
2484
797
972
974
212
796
975
977
211
406
408
2490
169
343
409
411
214
342
412
414
604
978
2244
2245
620
983
2120
2248
2249
2124
2126
752
818
987
989
751
990
992
1533
1535
180
221
416
418
220
419
2511
2514
845
848
996
998
235
847
999
1001
420
422
2538
2544
199
236
2553
2556
706
1004
2263
2264
725
2127
2129
2130
2132
330
1010
1011
1013
329
1536
1538
1539
1541
244
871
1020
1022
870
1023
1025
1542
1544
313
1545
1547
312
984
1032
1034
246
251
425
2499
260
614
1035
1037
259
263
1038
1040
262
744
1041
1043
178
264
2505
2508
375
426
428
374
904
1044
1046
903
1047
1049
629
1052
2050
2051
1053
1055
753
1548
1550
432
434
2517
2520
265
910
1059
1061
828
909
1062
1064
309
436
2526
2529
321
441
2532
2535
674
1551
1553
1068
1070
840
1071
2058
2059
276
446
2547
2550
197
275
447
449
1554
1556
778
1077
1079
777
858
1080
1082
926
1083
1085
385
925
1086
1088
384
450
452
279
695
1089
1091
278
282
1092
1094
281
780
1095
1097
287
398
454
456
209
397
457
459
289
294
460
2565
298
461
463
2571
297
964
1098
1100
963
1101
1103
968
1104
1106
299
967
1107
1109
466
468
2574
799
1110
1112
243
798
1113
1115
345
469
471
245
344
472
474
218
887
1116
1118
250
477
479
2502
364
481
483
223
1058
1119
1121
222
1122
1124
903
1125
1127
485
2622
2625
429
1128
1130
629
1131
1133
628
826
1134
1136
825
1137
1139
309
487
2640
2643
308
354
1140
1142
353
490
2646
2649
650
1143
1145
649
841
1146
1148
840
1149
1151
235
847
1152
1154
443
846
1155
1157
495
497
384
500
2694
242
502
504
2718
241
862
1158
1160
387
861
1161
1163
279
695
1164
1166
694
1167
1169
505
507
2715
869
1170
1172
868
1173
1175
249
511
512
248
513
2583
252
1031
1176
1178
251
1179
1181
344
1182
1184
514
516
2496
517
519
1026
1185
1187
258
520
522
2592
257
745
1188
1190
262
744
1191
1193
366
893
1194
1196
892
1197
1199
523
525
2595
261
530
532
993
1200
1202
263
2610
2613
533
535
537
2601
375
539
2616
267
542
544
431
911
1203
1205
910
1206
1208
379
549
2658
2673
322
378
1209
1211
321
552
2667
2670
379
554
2655
2664
353
556
2652
2661
277
445
1212
1214
276
559
2688
2691
926
1215
1217
1218
1220
1065
1221
1223
280
561
2706
563
565
282
2709
2712
1076
1224
1226
566
568
285
389
572
574
290
576
578
2559
936
1227
1229
295
396
582
584
395
585
587
293
1019
1230
1232
292
588
590
591
593
2562
295
396
1233
1235
294
1236
1238
1014
1239
1241
594
2730
595
596
300
962
1242
1244
961
1245
1247
597
599
2739
970
1248
1250
969
1251
1253
302
974
303
407
973
406
2742
305
311
411
2430
410
415
2748
317
418
2439
2754
830
833
1254
1256
832
1257
1259
1260
1262
311
424
1024
2745
1023
2427
608
1263
1265
806
1266
1268
1545
732
801
1269
1271
316
428
2433
2751
317
427
1048
1047
2436
650
1272
1274
1557
1559
825
1278
1280
1281
1283
916
1284
1286
843
915
1287
1289
325
447
2442
2760
326
1085
2445
327
451
1084
450
2448
2766
728
953
1290
1292
948
1293
1295
1538
1005
1296
1298
332
453
458
2769
336
457
2451
334
463
2775
335
462
1102
1101
337
1106
2454
464
1105
2772
339
468
2778
340
467
1114
361
1113
346
1271
1299
1301
345
1302
1304
870
1305
1307
1308
1310
1311
1313
1266
1314
1316
348
2793
2796
349
482
2799
481
882
351
2823
2826
352
484
1129
1053
1128
1317
1319
832
1320
1322
831
1275
1323
1325
357
499
935
358
501
2859
500
930
360
1166
2478
2862
506
1165
2871
362
1172
363
509
1171
508
2781
887
1326
1328
880
886
1329
1331
879
1332
1334
368
521
1192
2808
1191
2469
2805
526
890
2802
371
539
899
372
538
2820
540
894
902
995
1335
1337
901
1338
1340
1341
1343
908
2829
2832
917
1277
1344
1346
916
1347
1349
1350
1352
381
1070
1214
382
560
1213
2853
2856
849
2847
2850
1353
1355
928
1356
1358
927
1074
1359
1361
944
1362
1364
937
943
1365
1367
936
1368
1370
391
574
941
392
573
2886
2880
2883
581
864
2877
399
1295
1371
1373
398
1374
1376
1377
1379
968
1380
1382
1383
1385
1290
1386
1388
401
405
1244
402
598
1243
597
2901
404
602
2898
405
601
1252
1251
407
2904
408
976
466
975
410
414
1307
411
413
1023
413
471
2916
414
415
1302
2910
2913
417
419
1127
418
2757
2934
1047
1122
2937
421
440
653
422
652
1000
494
999
424
510
1022
2493
1021
2907
519
2919
2925
427
1046
1343
428
1045
2931
1058
1389
1391
1051
1057
1392
1394
1050
1395
1397
433
545
1061
434
760
1060
437
759
436
763
2946
2949
762
1260
438
764
2523
763
2940
2943
440
772
2958
2961
771
2541
442
773
1283
772
2952
2955
1073
1398
1400
1066
1072
1401
1403
1065
1404
1406
449
1220
2967
448
1085
449
2763
2964
1215
451
2970
452
1087
1086
1353
455
2985
2988
455
459
1385
456
458
585
2991
458
1106
459
1380
588
2976
2982
462
599
1100
463
1099
2997
465
1108
2994
600
1107
2568
467
1112
468
1111
3000
470
474
1313
471
473
3009
3006
473
512
2784
474
2787
1308
476
478
1117
3024
480
1116
2586
478
516
809
479
808
2928
3021
483
2589
3030
482
1328
483
3027
1116
486
3060
3063
486
1124
1130
1129
3066
488
1142
1262
1141
2835
3084
490
1141
2838
3087
1140
1317
492
498
1154
2685
493
850
1153
849
2682
3120
497
2676
3108
496
498
1154
497
3111
3117
999
2679
3114
569
2697
3138
501
1355
3132
3135
503
507
1160
504
865
1159
581
864
506
2874
3153
507
1168
1167
509
2577
3003
510
1174
1173
2580
513
1184
3015
2790
3012
1179
3018
515
519
2922
516
518
877
876
518
1181
1187
519
1186
521
525
1190
522
1189
2811
3033
524
526
890
525
889
1198
1197
2598
3036
528
532
2607
3045
529
531
895
540
894
2604
531
1040
1202
532
1201
3048
534
537
1043
535
536
2817
1191
2814
537
3039
3042
1038
539
3051
3054
1341
2619
3057
544
548
2631
3078
543
545
1061
544
3075
3081
1206
2628
3072
547
908
2634
3069
548
907
1207
1206
2637
550
1211
1352
1210
2844
3105
552
1210
2841
3102
1209
1281
554
555
919
3093
918
1350
557
3096
3099
557
920
1319
919
3090
559
560
1213
3129
1212
1218
3123
3126
562
565
1094
564
3147
3150
564
1166
2865
565
2868
1089
567
571
3144
568
570
1225
1092
1224
570
935
2700
571
934
2703
3141
573
575
1229
574
3165
1368
579
2727
3168
577
2973
3159
578
580
946
591
945
580
1229
2724
1228
3162
2721
3156
583
587
1379
584
586
2895
595
2892
586
3180
587
3183
1374
589
593
590
592
1231
1230
1236
592
956
593
955
2979
596
1238
3177
2889
3171
1233
3174
598
3189
599
1246
1245
601
1250
2736
602
1249
2733
3186
2133
2135
617
1560
1562
2136
2138
980
1565
2139
2141
979
985
2142
2144
984
2145
2147
812
986
2148
2150
811
817
1566
1568
816
1569
1571
613
989
1490
988
994
1573
1574
993
1572
1574
2151
2153
618
635
2154
2156
1575
1577
1578
1580
621
638
1581
1583
1584
1586
1587
1589
624
641
1590
1592
2157
2159
1596
1598
644
1493
1601
2311
2312
2160
2162
824
1604
1605
1607
823
1608
1610
1611
1613
631
1256
1499
632
1255
1261
762
1260
2373
2375
636
656
2376
2378
2379
2381
2382
2384
639
659
1614
1616
1617
1619
1620
1622
642
662
1623
1625
1626
1628
1629
1631
645
665
1632
1634
1635
1637
1638
1640
668
1502
1643
2326
2327
2163
2165
839
1646
1647
1649
838
1650
1652
1653
1655
652
998
1508
653
997
771
655
656
657
2087
2378
658
659
660
677
1437
1616
1437
1438
2386
2387
663
680
2385
2387
1656
1658
2388
2390
666
683
1659
1661
1662
1664
1665
1667
669
686
1668
1670
1671
1673
1674
1676
689
2166
2168
2169
2171
779
1682
1683
1685
778
1686
1688
1524
1553
1689
1691
676
2086
677
678
2093
679
680
681
698
2367
2387
1693
1694
2367
2368
684
701
1692
1694
1695
1697
1698
1700
687
704
1701
1703
1704
1706
1707
1709
707
1710
1712
2123
2172
2174
854
1715
1716
1718
853
859
1719
1721
777
858
1722
1724
863
1514
1725
1727
862
1728
1730
1731
1733
697
2092
698
699
2102
700
701
702
716
2393
1464
1694
2391
2393
705
719
1734
1736
1737
1739
1740
1742
722
1743
1745
1746
1748
1004
1748
2176
2177
1003
1009
2175
2177
852
1008
2178
2180
712
1013
2132
713
1012
1018
786
1017
715
2101
716
717
2396
2370
2394
2396
720
2397
2399
2400
2402
2181
2183
723
2184
2186
1749
1751
2187
2189
2403
2405
2193
2195
794
1754
2196
2198
793
1755
1757
1530
1758
1760
734
2075
2199
2201
733
2202
2204
2205
2207
1517
1761
1763
1764
1766
1563
2208
2210
736
1265
2078
737
1264
1270
1269
2112
739
743
1028
740
1027
1033
1032
2124
742
881
1409
743
880
886
1946
885
1941
1767
1769
892
1770
1772
891
1488
1773
1775
748
1037
749
1036
1042
1041
1473
755
1418
1776
1778
754
1779
1781
813
1782
1784
1523
1548
1785
1787
1788
1790
1602
1791
1793
757
1052
1421
758
1051
1057
1056
1479
760
764
761
1063
1062
1497
763
764
766
1274
1436
767
1273
1279
1278
1494
769
773
1283
770
1282
1288
1287
1506
772
773
775
1067
1451
776
1066
1072
1071
1503
1794
1796
1797
1799
1677
1800
1802
1076
1803
1805
782
1075
1081
1803
1804
1080
1512
784
1091
1463
785
1090
1096
1095
787
938
2000
788
937
943
1995
942
1509
790
1292
2108
791
1291
1297
1296
2127
2211
2213
2214
2216
2190
2217
2219
800
1807
1808
2207
799
1806
1808
1809
1811
869
1812
1814
1815
1817
1815
1816
2202
802
1301
803
1300
1306
1305
1515
805
875
1310
806
1309
1315
1314
808
1118
1520
809
1117
876
815
1415
2220
2222
814
2223
2225
981
2226
2228
818
1818
1820
817
1821
1823
1593
1824
1826
1827
1829
1830
1832
1833
1835
820
1121
1550
821
1120
1126
1125
1521
827
1433
1836
1838
826
1839
1841
1599
1842
1844
1845
1847
1848
1850
1644
1851
1853
1133
1854
1856
1132
1138
1854
1855
1858
1859
1137
1857
1859
1280
1860
1862
1863
1865
1137
1866
1868
835
920
1319
836
1318
1324
1323
1557
842
1448
1869
1871
841
1872
1874
1641
1875
1877
1878
1880
1881
1883
1680
1884
1886
1145
1887
1889
1144
1150
1887
1888
1891
1892
1149
1890
1892
1073
1893
1895
1896
1898
1149
1899
1901
850
851
1156
1068
1155
857
2229
2231
856
2232
2234
1710
2235
2237
860
1902
1904
859
1905
1907
1008
2238
2240
1908
1910
1911
1913
1914
1916
944
1917
1919
1920
1922
1725
1914
1920
1921
865
866
1162
939
1161
872
1766
1923
1925
871
1926
1928
1929
1931
1932
1934
1935
1937
1761
1938
1940
874
1178
1547
875
1177
1183
1182
877
878
1186
1185
1542
880
893
1334
1953
881
1329
1569
883
1328
884
1327
1333
888
1332
1028
1941
1943
1944
1946
1947
1949
889
1196
890
1195
1775
1829
1951
1952
1950
1952
1953
1955
895
896
1201
1200
1533
898
1337
1535
899
1336
1342
1341
905
1790
1957
1958
904
1956
1958
990
1335
1956
1957
1959
1961
1962
1964
1522
1523
1785
1962
1963
907
1055
1205
908
1204
1133
1965
1967
1968
1970
1050
1971
1973
913
1346
1559
914
1345
1351
918
1350
1145
1974
1976
1977
1979
1272
1980
1982
919
920
922
1217
1526
923
1216
1222
1221
1551
929
1524
1525
1691
1984
1985
928
1983
1985
1986
1988
1079
1361
1990
1991
1989
1991
1686
1989
1990
931
1355
932
1354
1360
1359
1554
934
1226
1556
935
1225
1992
1994
1995
1997
1017
1998
2000
940
1364
941
1363
1369
1368
943
1904
944
1367
1362
1919
946
956
947
1228
1227
1527
949
1373
950
1372
1378
957
1377
952
1382
1532
953
1381
1387
1386
955
1232
1541
956
1231
958
1235
959
1234
1240
1239
1536
965
2002
2003
2216
964
2001
2003
969
2004
2006
2007
2009
2010
2012
2010
2011
2211
971
1760
2013
2015
970
2016
2018
2019
2021
2022
2024
2025
2027
1755
2028
2030
973
977
1811
974
976
976
1112
977
1806
983
1412
2242
2243
982
2241
2243
1560
2244
2246
986
2247
2249
985
2250
2252
1584
2250
2251
2253
2255
2256
2258
2259
2261
988
992
1784
989
991
1833
991
995
2036
992
994
1779
2031
2033
2031
2032
2035
2036
2034
2036
997
1001
1901
998
1000
1890
1000
1001
1896
1007
1472
2262
2264
1006
2265
2267
1743
2265
2266
1010
2268
2270
1009
2271
2273
1752
2274
2276
2277
2279
2280
2282
2283
2285
1012
1016
1298
1013
1015
2283
1019
2037
2039
1016
1018
2037
2038
1293
1537
1538
1018
1539
1540
1998
2041
2042
2040
2042
1021
1025
1937
1022
1024
1173
1024
1025
1932
1031
2043
2045
1028
1030
2043
2044
1543
1544
1943
1030
1034
1268
1545
1546
1033
2047
2048
2046
2048
1033
2255
1034
1263
1036
1040
1202
1037
1039
1572
1039
1043
1040
1042
1042
1769
1043
1045
1049
1964
1046
1048
1338
1048
1049
1959
2049
2051
1052
1392
2049
2050
1611
1054
1391
1055
1390
1396
1395
1057
1548
1549
1787
1394
2053
2054
2052
2054
1060
1064
1970
1061
1063
1063
1856
1064
1965
2055
2057
1067
1401
2055
2056
1552
1553
1689
1069
1400
1070
1399
1405
1404
1072
1880
1403
2059
2060
2058
2060
1079
2061
2063
1078
2061
2062
2065
2066
2064
2066
1078
1082
1799
1079
1081
2061
1081
1910
1082
1794
1084
1088
1988
1085
1087
1087
1358
1088
1983
1090
1094
1091
1093
1731
1093
1097
1094
1096
1096
1805
1097
1224
1099
1103
2012
1100
1102
1245
1102
1103
2007
1105
1109
2021
1106
1108
1108
1250
1109
2016
1111
1115
1817
1112
1114
1114
1172
1115
1812
1117
1118
1947
1120
1124
1130
1121
1123
2052
1123
1127
1124
1126
1126
1961
1127
1129
1391
1130
1132
1136
1613
1133
1135
1854
1967
1135
1139
1850
1136
1138
1608
1138
1859
1866
1139
1845
1141
1322
1142
1257
1144
1148
1655
1145
1147
1887
1976
1147
1151
1883
1148
1150
1650
1150
1892
1899
1151
1878
1153
1157
1898
1154
1156
1156
1400
1157
1893
1159
1163
1922
1160
1162
1167
1162
1364
1163
1917
1165
1169
1733
1166
1168
1168
1169
1728
1171
1175
1931
1172
1174
1174
1175
1926
1177
1181
1187
1178
1180
2046
1180
1184
1181
1183
1183
1310
1184
1186
2045
1187
1189
1193
1772
1190
1192
1197
1192
1193
1767
1195
1199
1955
1196
1198
1332
1198
1199
1950
1201
2033
1202
1204
1208
1973
1205
1207
1395
1207
1208
1968
1210
1286
1211
1347
1213
1223
1214
1404
1216
1220
1217
1219
1986
1219
1223
1220
1222
1222
2057
1223
1225
1226
2064
1228
1994
1229
1231
1241
1232
2040
1234
1238
1235
1237
1377
1237
1241
1238
1240
1240
2039
1241
1243
1247
2006
1244
1246
1251
1246
1247
2001
1249
1253
2027
1250
1252
1252
1253
2022
1255
1259
1868
1256
1258
1857
1258
1262
1259
1261
1863
1261
1262
1264
1268
1265
1267
2145
1267
1271
1314
1268
1270
1270
1763
1271
1301
1273
1277
1980
2072
1274
1276
1653
1280
2067
2069
1279
2067
2068
2071
2072
2070
2072
1279
1847
1280
1862
2067
1282
1286
1283
1285
1285
1289
1979
1286
1288
1288
1889
1289
1974
1291
1295
1386
1292
1294
1758
1294
1298
1295
1297
1373
1297
2270
1298
1300
1304
1316
1301
1303
1303
1307
1304
1306
1311
1306
1934
1307
1309
1313
1310
1312
1312
1316
1313
1315
1315
1316
1318
1322
1319
1321
1321
1325
1865
1322
1324
1324
2069
1325
1860
1327
1331
1949
1328
1330
1330
1334
1331
1333
1944
1333
1334
1336
1340
1337
1339
2034
1339
1343
1340
1342
1956
1342
1343
1345
1349
1982
1346
1348
2070
1348
1352
1349
1351
1977
1351
1352
1354
1358
1355
1357
1357
1361
1991
1358
1360
1360
2063
1361
1363
1367
1364
1366
1366
1370
1997
1367
1369
1369
1370
1992
1372
1376
1388
1373
1375
1375
1379
1376
1378
1383
1378
1379
1381
1385
1382
1384
2019
1384
1388
1385
1387
1387
1388
1390
1394
2054
1391
1393
1393
1397
1394
1396
1396
1397
2049
1399
1403
2060
1400
1402
1402
1406
1403
1405
1405
1406
2055
1408
2126
2150
1409
1570
2149
1569
1411
1577
1580
1412
1579
1585
1584
1414
1586
1589
1415
1588
1594
1593
2222
1595
1598
2082
2083
2287
2288
1597
1603
2286
2288
1602
2289
2291
1420
1607
2162
1421
1606
1612
1611
1423
2381
2384
1424
1618
2383
1578
1617
1426
1619
1622
1427
1621
1627
1587
1626
1429
1628
1631
1430
1630
1636
1596
1635
1432
1637
1640
1639
1645
2293
2294
2333
1644
2292
2294
1435
1649
2165
1436
1648
1654
1653
1438
1439
1657
1620
1656
1441
1658
2390
1442
1663
2389
1629
1662
1444
1664
1667
1445
1666
1672
1638
1671
1673
1676
2296
2297
1675
1681
2295
2297
1680
2298
2300
1450
1685
2171
1451
1684
1690
1689
1453
1697
1700
1454
1699
1705
1665
1704
1456
1706
1709
1457
1708
1714
1674
1713
1459
1718
2174
1460
1717
1723
1482
1722
1462
1727
1463
1726
1732
1731
1465
2393
1466
1738
2392
1698
1737
1468
1739
1742
1469
1741
1747
1707
1746
1471
1751
2189
1472
1753
2188
2357
1752
2264
2352
1474
1769
1475
1768
1774
1773
1477
1778
2084
1478
1777
1783
1485
1782
1480
1787
1481
1786
1792
1791
2160
1483
1796
1484
1795
1801
1800
2166
1486
1820
1487
1819
1825
1824
2157
1489
1773
1829
1490
1828
1834
1833
1492
1838
1493
1837
1843
1842
1495
1847
1496
1846
1852
1851
2163
1498
1856
1499
1855
1858
1857
1501
1871
1502
1870
1876
1875
1504
1880
1505
1879
1885
1884
2169
1507
1889
1508
1888
1891
1890
1510
1904
1511
1903
2239
2130
2238
1513
1910
1514
1909
1915
1727
1914
1516
1934
1517
1933
1939
1938
1519
1544
1943
1520
1942
1948
1947
1522
1961
1523
1960
1525
1526
1987
1986
1528
1994
1529
1993
1999
1539
1998
1531
2015
1532
2014
2020
2019
1534
2033
1535
2032
2035
2034
1537
2039
1538
2038
1540
1541
2041
2040
1543
2045
1544
2044
1546
1547
2047
2046
1549
1550
2053
2052
1552
2057
1553
2056
1555
2063
1556
2062
2065
2064
1558
2069
1559
2068
2071
2070
1561
1565
2244
2309
1562
1564
2134
2304
1575
2133
2075
2301
2303
2074
2304
2306
2307
2309
1567
1571
1832
1568
1570
2149
2148
2223
1570
1571
1827
1573
1574
2031
1576
2081
1577
2080
2155
2154
1579
1583
1580
1582
2154
1582
1586
1589
1583
1585
1617
1585
1586
1588
1592
1589
1591
1591
1595
1598
1592
1594
1626
1594
1824
2157
2158
1595
2158
2159
1597
1601
1598
1600
2288
2313
1604
2310
2312
1603
2313
2315
1635
2313
2314
2316
2318
2319
2321
2322
2324
1606
1610
1844
1607
1609
2322
1609
1613
1610
1612
1839
1612
1613
1615
1619
1622
1616
1618
2383
2382
1618
1619
1621
1625
1622
1624
1624
1628
1631
1625
1627
1656
1627
1628
1630
1634
1631
1633
1633
1637
1640
1634
1636
1662
1636
1637
1639
1643
1640
1642
1646
2325
2327
1643
1645
2325
2326
2331
1671
2328
2330
2331
2333
2334
2336
1648
1652
1877
1649
1651
2334
1651
1655
1652
1654
1872
1654
1655
1657
1658
2386
2385
1660
1664
1667
1661
1663
2389
1695
2388
1663
1664
1666
1670
1667
1669
1669
1673
1676
1670
1672
1704
1672
1673
1675
1679
1676
1678
2297
2340
1682
2337
2339
1681
2340
2342
1713
2167
2168
2340
2341
2343
2345
2346
2348
2349
2351
1684
1688
1802
1685
1687
2349
1687
1691
1688
1690
1797
1690
1691
1693
1697
1700
1694
1696
1696
2369
1697
2368
1699
1703
1700
1702
1702
1706
1709
1703
1705
1737
1705
1706
1708
1712
1709
1711
1711
1715
2235
1712
1714
1746
1714
2172
2173
1715
1718
2173
2174
1717
1721
2237
1718
1720
1720
1724
1913
1721
1723
2232
1723
1796
1724
1908
1726
1730
1727
1729
1729
1733
1730
1732
1920
1732
1733
1735
1739
1742
1736
1738
2392
2391
2400
1738
1739
1741
1745
2105
1742
1744
1744
1748
1745
1747
1749
1747
1748
1750
2105
1751
2104
2185
2184
2352
2354
2191
2355
2357
2190
2358
2360
1756
1760
2028
1757
1759
2197
2196
2214
1759
2108
1760
2107
2015
1762
1766
1938
1763
1765
2113
2112
1765
2204
2210
1766
2209
1925
1768
1772
1769
1771
1771
1775
1952
1772
1774
1774
1775
1777
1781
1793
1778
1780
2289
1780
1784
1781
1783
1788
1783
1820
1784
1786
1790
1787
1789
1789
1793
1790
1792
1792
2318
1793
1795
1799
1796
1798
1798
1802
1799
1801
1801
2339
1802
1804
2066
1805
1807
1811
1808
1810
1815
1810
1811
1813
1817
1814
1816
1929
1816
1817
1819
1823
1835
1820
1822
1822
1826
2225
1823
1825
1830
1825
1826
2220
1828
1832
1829
1831
1831
1835
1832
1834
1834
1835
1837
1841
1853
1838
1840
2292
1840
1844
1841
1843
1848
1843
2312
1844
1846
1850
1847
1849
1849
1853
1850
1852
1852
2330
1853
1855
1856
1858
1859
1861
1865
1862
1864
1864
1868
1865
1867
1867
1868
1870
1874
1886
1871
1873
2298
1873
1877
1874
1876
1881
1876
2327
1877
1879
1883
1880
1882
1882
1886
1883
1885
1885
2345
1886
1888
1889
1891
1892
1894
1898
1895
1897
2058
1897
1901
1898
1900
1900
1901
1903
1907
1916
1904
1906
1906
2234
2240
1907
2239
1911
1909
1913
1910
1912
1912
1916
1913
1915
1915
1916
1918
1922
1919
1921
1921
1922
1924
1928
1940
1925
1927
1927
1931
1928
1930
1935
1930
1931
1933
1937
1934
1936
1936
1940
1937
1939
1939
1940
1942
1946
1943
1945
1945
1949
1946
1948
1948
1949
1951
1955
1952
1954
1954
1955
1957
1958
1962
1960
1964
1961
1963
1963
1964
1966
1970
1967
1969
1969
1973
1970
1972
1972
2051
1973
1975
1979
1976
1978
1978
1982
1979
1981
1981
1982
1984
1988
1985
1987
1989
1987
1988
1990
1991
1993
1997
1994
1996
1996
2000
1997
1999
1999
2000
2002
2006
2003
2005
2010
2005
2024
2006
2008
2012
2009
2011
2011
2012
2014
2018
2030
2015
2017
2017
2021
2018
2020
2025
2020
2021
2023
2027
2024
2026
2026
2030
2027
2029
2029
2030
2032
2033
2035
2036
2038
2042
2039
2041
2042
2044
2048
2045
2047
2048
2050
2051
2053
2054
2056
2057
2059
2060
2062
2063
2065
2066
2068
2069
2071
2072
2135
2406
2408
2134
2409
2411
2412
2414
2077
2138
2141
2078
2140
2146
2145
2080
2153
2081
2152
2133
2083
2159
2084
2290
2289
2086
2087
2090
2089
2090
2091
2096
2092
2093
2099
2095
2096
2097
2098
2099
2100
2101
2102
2104
2183
2402
2105
2182
2107
2195
2198
2108
2197
2110
2201
2363
2111
2200
2206
2205
2113
2114
2209
2136
2208
2116
2213
2117
2212
2218
2217
2403
2119
2222
2120
2221
2227
2226
2122
2231
2123
2230
2236
2235
2125
2255
2126
2254
2260
2259
2128
2270
2129
2269
2275
2193
2274
2131
2279
2132
2278
2284
2283
2134
2135
2411
2406
2137
2303
2138
2302
2308
2307
2140
2144
2246
2141
2143
2307
2143
2147
2258
2144
2146
2241
2146
2147
2253
2149
2228
2150
2259
2152
2156
2366
2153
2155
2155
2156
2379
2158
2159
2161
2318
2162
2317
2323
2322
2164
2330
2165
2329
2335
2334
2167
2339
2168
2338
2172
2170
2345
2171
2344
2350
2349
2173
2174
2176
2180
2282
2177
2179
2265
2179
2231
2180
2277
2182
2186
2183
2185
2397
2185
2189
2186
2188
2192
2423
2189
2191
2418
2415
2417
2418
2420
2421
2423
2194
2354
2195
2353
2359
2358
2197
2219
2198
2358
2200
2204
2210
2201
2203
2412
2203
2207
2204
2206
2206
2207
2209
2303
2210
2212
2216
2213
2215
2215
2219
2216
2218
2218
2417
2219
2221
2225
2222
2224
2224
2228
2225
2227
2227
2249
2228
2230
2234
2240
2231
2233
2233
2237
2234
2236
2236
2237
2239
2279
2240
2242
2246
2243
2245
2250
2245
2246
2248
2252
2261
2249
2251
2251
2252
2256
2254
2258
2255
2257
2257
2261
2258
2260
2260
2261
2263
2267
2276
2264
2266
2266
2267
2271
2269
2273
2285
2270
2272
2272
2276
2273
2275
2280
2275
2354
2276
2278
2282
2279
2281
2281
2285
2282
2284
2284
2285
2287
2291
2321
2288
2290
2290
2291
2316
2293
2294
2328
2296
2300
2348
2297
2299
2299
2300
2343
2302
2306
2414
2303
2305
2305
2309
2306
2308
2409
2308
2309
2311
2315
2324
2312
2314
2314
2315
2319
2317
2321
2318
2320
2320
2324
2321
2323
2323
2324
2326
2336
2327
2329
2333
2330
2332
2332
2336
2333
2335
2335
2336
2338
2342
2351
2339
2341
2341
2342
2346
2344
2348
2345
2347
2347
2351
2348
2350
2350
2351
2353
2357
2354
2356
2356
2360
2420
2357
2359
2359
2360
2415
2362
2408
2363
2407
2413
2412
2365
2375
2366
2374
2380
2379
2368
2369
2388
2371
2396
2372
2395
2401
2391
2400
2374
2378
2375
2377
2377
2381
2384
2378
2380
2380
2381
2383
2384
2386
2390
2387
2389
2390
2392
2393
2395
2399
2396
2398
2398
2402
2399
2401
2401
2402
2404
2417
2405
2416
2422
2421
2407
2411
2408
2410
2410
2414
2411
2413
2413
2414
2416
2420
2417
2419
2419
2423
2420
2422
2422
2423
2425
2742
2426
2743
2744
2428
2430
2745
2429
2431
2746
2432
2747
2431
2748
2432
2749
2750
2434
2436
2751
2435
2437
2752
2438
2753
2437
2439
2438
2440
2441
2440
2754
2441
2755
2756
2443
2445
2760
2444
2446
2761
2447
2762
2446
2448
2447
2449
2450
2449
2766
2450
2767
2768
2452
2454
2769
2453
2455
2770
2456
2771
2455
2772
2456
2773
2774
2458
2775
2459
2776
2777
2461
2463
2778
2462
2464
2779
2465
2780
2464
2781
2465
2782
2783
2467
2793
2802
2468
2794
2803
2795
2804
2470
2805
2808
2471
2806
2809
2807
2810
2473
2823
2829
2474
2824
2830
2825
2831
2476
2847
2853
2477
2848
2854
2849
2855
2479
2862
2871
2480
2863
2872
2864
2873
2482
2877
2880
2483
2878
2881
2879
2882
2485
2487
2898
2486
2488
2899
2489
2900
2488
2901
2489
2902
2903
2491
2574
2904
2492
2575
2905
2576
2906
2494
2580
2907
2495
2581
2908
2582
2909
2497
2502
2922
2498
2503
2923
2504
2924
2500
2583
2925
2501
2584
2926
2585
2927
2503
2928
2504
2929
2930
2506
2508
2931
2507
2509
2932
2510
2933
2509
2616
2510
2617
2618
2512
2514
2622
2513
2515
2623
2516
2624
2515
2937
2516
2938
2939
2518
2520
2523
2519
2521
2524
2522
2525
2521
2628
2522
2629
2630
2524
2940
2525
2941
2942
2527
2529
2640
2528
2530
2641
2531
2642
2530
2946
2531
2947
2948
2533
2535
2667
2534
2536
2668
2537
2669
2536
2952
2537
2953
2954
2539
2541
2544
2540
2542
2545
2543
2546
2542
2958
2543
2959
2960
2545
2676
2546
2677
2678
2548
2550
2688
2549
2551
2689
2552
2690
2551
2967
2552
2968
2969
2554
2556
2970
2555
2557
2971
2558
2972
2557
2694
2558
2695
2696
2560
2562
2973
2561
2563
2974
2564
2975
2563
2979
2564
2980
2981
2566
2730
2982
2567
2731
2983
2732
2984
2569
2736
2994
2570
2737
2995
2738
2996
2572
2739
2997
2573
2740
2998
2741
2999
2575
3000
2576
3001
3002
2578
2580
3003
2579
2581
3004
2582
3005
2581
2582
2584
3018
2585
3019
3020
2587
2589
3024
2588
2590
3025
2591
3026
2590
3030
2591
3031
3032
2593
2595
3033
2594
2596
3034
2597
3035
2596
2598
2597
2599
2600
2599
3036
2600
3037
3038
2602
2610
3042
2603
2611
3043
2612
3044
2605
2607
2619
2606
2608
2620
2609
2621
2608
3045
2609
3046
3047
2611
2613
2612
2614
2615
2614
3048
2615
3049
3050
2617
3051
2618
3052
3053
2620
3057
2621
3058
3059
2623
2625
2624
2626
2627
2626
3066
2627
3067
3068
2629
3072
2630
3073
3074
2632
2637
3078
2633
2638
3079
2639
3080
2635
2637
3069
2636
2638
3070
2639
3071
2638
2639
2641
2643
2642
2644
2645
2644
3084
2645
3085
3086
2647
2649
2652
2648
2650
2653
2651
2654
2650
3087
2651
3088
3089
2653
2661
2654
2662
2663
2656
2658
2664
2657
2659
2665
2660
2666
2659
2673
2660
2674
2675
2662
3090
2663
3091
3092
2665
3093
2666
3094
3095
2668
2670
2669
2671
2672
2671
3102
2672
3103
3104
2674
3105
2675
3106
3107
2677
3108
2678
3109
3110
2680
2685
3114
2681
2686
3115
2687
3116
2683
2685
3120
2684
2686
3121
2687
3122
2686
2687
2689
2691
2690
2692
2693
2692
3129
2693
3130
3131
2695
3132
2696
3133
3134
2698
2700
3138
2699
2701
3139
2702
3140
2701
2703
2702
2704
2705
2704
3141
2705
3142
3143
2707
2712
3150
2708
2713
3151
2714
3152
2710
2712
3144
2711
2713
3145
2714
3146
2713
2714
2716
2718
3153
2717
2719
3154
2720
3155
2719
2721
2720
2722
2723
2722
3156
2723
3157
3158
2725
2727
3162
2726
2728
3163
2729
3164
2728
3168
2729
3169
3170
2731
3177
2732
3178
3179
2734
2736
3186
2735
2737
3187
2738
3188
2737
2738
2740
3189
2741
3190
3191
2743
2904
2744
2905
2906
2746
2907
2747
2908
2909
2749
2910
2750
2911
2912
2752
2931
2753
2932
2933
2755
2757
2756
2758
2759
2758
2934
2759
2935
2936
2761
2763
2762
2764
2765
2764
2964
2765
2965
2966
2767
2970
2768
2971
2972
2770
2985
2771
2986
2987
2773
2994
2774
2995
2996
2776
2997
2777
2998
2999
2779
3000
2780
3001
3002
2782
3003
2783
3004
3005
2785
2787
2790
2786
2788
2791
2789
2792
2788
3009
2789
3010
3011
2791
3012
2792
3013
3014
2794
2796
2795
2797
2798
2797
2799
2798
2800
2801
2800
3027
2801
3028
3029
2803
3036
2804
3037
3038
2806
2814
2807
2815
2816
2809
2811
2810
2812
2813
2812
3033
2813
3034
3035
2815
2817
2816
2818
2819
2818
3039
2819
3040
3041
2821
3054
3057
2822
3055
3058
3056
3059
2824
2826
2825
2827
2828
2827
3060
2828
3061
3062
2830
2832
2831
2833
2834
2833
3069
2834
3070
3071
2836
2838
3084
2837
2839
3085
2840
3086
2839
3087
2840
3088
3089
2842
2844
3102
2843
2845
3103
2846
3104
2845
3105
2846
3106
3107
2848
2850
2849
2851
2852
2851
3120
2852
3121
3122
2854
2856
2855
2857
2858
2857
3123
2858
3124
3125
2860
3135
3138
2861
3136
3139
3137
3140
2863
2865
2864
2866
2867
2866
2868
2867
2869
2870
2869
3147
2870
3148
3149
2872
2874
2873
2875
2876
2875
3153
2876
3154
3155
2878
3156
2879
3157
3158
2881
2883
2882
2884
2885
2884
2886
2885
2887
2888
2887
3165
2888
3166
3167
2890
2892
3171
2891
2893
3172
2894
3173
2893
2895
2894
2896
2897
2896
3183
2897
3184
3185
2899
3186
2900
3187
3188
2902
3189
2903
3190
3191
2905
2906
2908
2909
2911
2913
2912
2914
2915
2914
2916
2915
2917
2918
2917
3006
2918
3007
3008
2920
2922
2925
2921
2923
2926
2924
2927
2923
2924
2926
2927
2929
3021
2930
3022
3023
2932
2933
2935
2937
2936
2938
2939
2938
2939
2941
2943
2942
2944
2945
2944
2949
2945
2950
2951
2947
2949
2948
2950
2951
2950
2951
2953
2955
2954
2956
2957
2956
2961
2957
2962
2963
2959
2961
2960
2962
2963
2962
2963
2965
2967
2966
2968
2969
2968
2969
2971
2972
2974
3159
2975
3160
3161
2977
2979
2982
2978
2980
2983
2981
2984
2980
2981
2983
2984
2986
2988
2987
2989
2990
2989
2991
2990
2992
2993
2992
3180
2993
3181
3182
2995
2996
2998
2999
3001
3002
3004
3005
3007
3009
3008
3010
3011
3010
3011
3013
3015
3014
3016
3017
3016
3018
3017
3019
3020
3019
3020
3022
3024
3023
3025
3026
3025
3026
3028
3030
3029
3031
3032
3031
3032
3034
3035
3037
3038
3040
3042
3041
3043
3044
3043
3044
3046
3048
3047
3049
3050
3049
3050
3052
3054
3053
3055
3056
3055
3056
3058
3059
3061
3063
3062
3064
3065
3064
3066
3065
3067
3068
3067
3068
3070
3071
3073
3075
3074
3076
3077
3076
3081
3077
3082
3083
3079
3081
3080
3082
3083
3082
3083
3085
3086
3088
3089
3091
3096
3092
3097
3098
3094
3099
3095
3100
3101
3097
3099
3098
3100
3101
3100
3101
3103
3104
3106
3107
3109
3111
3110
3112
3113
3112
3117
3113
3118
3119
3115
3117
3116
3118
3119
3118
3119
3121
3122
3124
3126
3125
3127
3128
3127
3129
3128
3130
3131
3130
3131
3133
3135
3134
3136
3137
3136
3137
3139
3140
3142
3144
3143
3145
3146
3145
3146
3148
3150
3149
3151
3152
3151
3152
3154
3155
3157
3158
3160
3162
3161
3163
3164
3163
3164
3166
3168
3167
3169
3170
3169
3170
3172
3174
3173
3175
3176
3175
3177
3176
3178
3179
3178
3179
3181
3183
3182
3184
3185
3184
3185
3187
3188
3190
3191
)


// ************************************************************************* //
