// Tabulated gas properties as a function of pressure and temperature. 
// Interpolation is linear. No extrapolation is allowed.
// If out of (p,T) range, PATO will send a warning and exit.
// NB: all data are needed: do not use zeros.

// p (Pa)	T (K)		M (kg/mol)	h_g (J/kg)	nu (Pa.s)
1.01325E+06	2.000E+02	2.200E-02	-7.247E+06	8.688E-06
1.01325E+06	2.250E+02	2.200E-02	-7.208E+06	9.666E-06
1.01325E+06	2.500E+02	2.200E-02	-7.170E+06	1.065E-05
1.01325E+06	2.750E+02	2.200E-02	-7.130E+06	1.162E-05
1.01325E+06	3.000E+02	2.200E-02	-7.090E+06	1.257E-05
1.01325E+06	3.250E+02	2.200E-02	-7.049E+06	1.351E-05
1.01325E+06	3.500E+02	2.200E-02	-7.006E+06	1.444E-05
1.01325E+06	3.750E+02	2.199E-02	-6.963E+06	1.534E-05
1.01325E+06	4.000E+02	2.199E-02	-6.917E+06	1.623E-05
1.01325E+06	4.250E+02	2.199E-02	-6.870E+06	1.710E-05
1.01325E+06	4.500E+02	2.198E-02	-6.821E+06	1.796E-05
1.01325E+06	4.750E+02	2.197E-02	-6.770E+06	1.879E-05
1.01325E+06	5.000E+02	2.195E-02	-6.715E+06	1.962E-05
1.01325E+06	5.250E+02	2.192E-02	-6.657E+06	2.042E-05
1.01325E+06	5.500E+02	2.187E-02	-6.595E+06	2.122E-05
1.01325E+06	5.750E+02	2.180E-02	-6.527E+06	2.201E-05
1.01325E+06	6.000E+02	2.171E-02	-6.451E+06	2.279E-05
1.01325E+06	6.250E+02	2.159E-02	-6.365E+06	2.356E-05
1.01325E+06	6.500E+02	2.142E-02	-6.266E+06	2.432E-05
1.01325E+06	6.750E+02	2.119E-02	-6.148E+06	2.509E-05
1.01325E+06	7.000E+02	2.089E-02	-6.005E+06	2.586E-05
1.01325E+06	7.250E+02	2.050E-02	-5.827E+06	2.664E-05
1.01325E+06	7.500E+02	1.999E-02	-5.608E+06	2.744E-05
1.01325E+06	7.750E+02	1.937E-02	-5.338E+06	2.826E-05
1.01325E+06	8.000E+02	1.864E-02	-5.014E+06	2.909E-05
1.01325E+06	8.250E+02	1.784E-02	-4.638E+06	2.993E-05
1.01325E+06	8.500E+02	1.700E-02	-4.219E+06	3.076E-05
1.01325E+06	8.750E+02	1.619E-02	-3.775E+06	3.157E-05
1.01325E+06	9.000E+02	1.546E-02	-3.335E+06	3.235E-05
1.01325E+06	9.250E+02	1.486E-02	-2.936E+06	3.309E-05
1.01325E+06	9.500E+02	1.441E-02	-2.605E+06	3.378E-05
1.01325E+06	9.750E+02	1.412E-02	-2.353E+06	3.444E-05
1.01325E+06	1.000E+03	1.395E-02	-2.170E+06	3.506E-05
1.01325E+06	1.025E+03	1.385E-02	-2.034E+06	3.566E-05
1.01325E+06	1.050E+03	1.380E-02	-1.925E+06	3.625E-05
1.01325E+06	1.075E+03	1.378E-02	-1.830E+06	3.683E-05
1.01325E+06	1.100E+03	1.376E-02	-1.741E+06	3.740E-05
1.01325E+06	1.125E+03	1.375E-02	-1.653E+06	3.797E-05
1.01325E+06	1.150E+03	1.374E-02	-1.561E+06	3.854E-05
1.01325E+06	1.175E+03	1.371E-02	-1.454E+06	3.913E-05
1.01325E+06	1.200E+03	1.364E-02	-1.316E+06	3.979E-05
1.01325E+06	1.225E+03	1.353E-02	-1.144E+06	4.053E-05
1.01325E+06	1.250E+03	1.340E-02	-9.480E+05	4.131E-05
1.01325E+06	1.275E+03	1.326E-02	-7.397E+05	4.212E-05
1.01325E+06	1.300E+03	1.311E-02	-5.255E+05	4.292E-05
1.01325E+06	1.325E+03	1.297E-02	-3.087E+05	4.371E-05
1.01325E+06	1.350E+03	1.284E-02	-9.028E+04	4.448E-05
1.01325E+06	1.375E+03	1.271E-02	1.299E+05	4.521E-05
1.01325E+06	1.400E+03	1.258E-02	3.533E+05	4.589E-05
1.01325E+06	1.425E+03	1.246E-02	5.820E+05	4.651E-05
1.01325E+06	1.450E+03	1.234E-02	8.187E+05	4.708E-05
1.01325E+06	1.475E+03	1.222E-02	1.067E+06	4.757E-05
1.01325E+06	1.500E+03	1.210E-02	1.329E+06	4.799E-05
1.01325E+06	1.525E+03	1.198E-02	1.608E+06	4.832E-05
1.01325E+06	1.550E+03	1.186E-02	1.905E+06	4.859E-05
1.01325E+06	1.575E+03	1.173E-02	2.214E+06	4.880E-05
1.01325E+06	1.600E+03	1.161E-02	2.527E+06	4.899E-05
1.01325E+06	1.625E+03	1.150E-02	2.827E+06	4.920E-05
1.01325E+06	1.650E+03	1.140E-02	3.098E+06	4.946E-05
1.01325E+06	1.675E+03	1.132E-02	3.331E+06	4.981E-05
1.01325E+06	1.700E+03	1.126E-02	3.529E+06	5.021E-05
1.01325E+06	1.725E+03	1.121E-02	3.701E+06	5.066E-05
1.01325E+06	1.750E+03	1.117E-02	3.853E+06	5.112E-05
1.01325E+06	1.775E+03	1.114E-02	3.991E+06	5.160E-05
1.01325E+06	1.800E+03	1.112E-02	4.119E+06	5.209E-05
1.01325E+06	1.825E+03	1.110E-02	4.241E+06	5.258E-05
1.01325E+06	1.850E+03	1.108E-02	4.356E+06	5.306E-05
1.01325E+06	1.875E+03	1.107E-02	4.468E+06	5.355E-05
1.01325E+06	1.900E+03	1.106E-02	4.576E+06	5.404E-05
1.01325E+06	1.925E+03	1.105E-02	4.682E+06	5.453E-05
1.01325E+06	1.950E+03	1.104E-02	4.786E+06	5.502E-05
1.01325E+06	1.975E+03	1.103E-02	4.889E+06	5.550E-05
1.01325E+06	2.000E+03	1.102E-02	4.991E+06	5.599E-05
1.01325E+06	2.025E+03	1.102E-02	5.093E+06	5.647E-05
1.01325E+06	2.050E+03	1.101E-02	5.195E+06	5.696E-05
1.01325E+06	2.075E+03	1.101E-02	5.297E+06	5.744E-05
1.01325E+06	2.100E+03	1.100E-02	5.399E+06	5.792E-05
1.01325E+06	2.125E+03	1.100E-02	5.502E+06	5.840E-05
1.01325E+06	2.150E+03	1.100E-02	5.605E+06	5.888E-05
1.01325E+06	2.175E+03	1.099E-02	5.710E+06	5.936E-05
1.01325E+06	2.200E+03	1.099E-02	5.816E+06	5.984E-05
1.01325E+06	2.225E+03	1.098E-02	5.924E+06	6.032E-05
1.01325E+06	2.250E+03	1.098E-02	6.033E+06	6.080E-05
1.01325E+06	2.275E+03	1.097E-02	6.144E+06	6.128E-05
1.01325E+06	2.300E+03	1.096E-02	6.257E+06	6.176E-05
1.01325E+06	2.325E+03	1.096E-02	6.373E+06	6.224E-05
1.01325E+06	2.350E+03	1.095E-02	6.491E+06	6.272E-05
1.01325E+06	2.375E+03	1.094E-02	6.612E+06	6.320E-05
1.01325E+06	2.400E+03	1.093E-02	6.736E+06	6.368E-05
1.01325E+06	2.425E+03	1.092E-02	6.863E+06	6.416E-05
1.01325E+06	2.450E+03	1.091E-02	6.994E+06	6.464E-05
1.01325E+06	2.475E+03	1.090E-02	7.128E+06	6.512E-05
1.01325E+06	2.500E+03	1.089E-02	7.267E+06	6.560E-05
1.01325E+06	2.525E+03	1.088E-02	7.410E+06	6.609E-05
1.01325E+06	2.550E+03	1.086E-02	7.558E+06	6.657E-05
1.01325E+06	2.575E+03	1.085E-02	7.711E+06	6.705E-05
1.01325E+06	2.600E+03	1.083E-02	7.870E+06	6.754E-05
1.01325E+06	2.625E+03	1.081E-02	8.034E+06	6.803E-05
1.01325E+06	2.650E+03	1.080E-02	8.204E+06	6.852E-05
1.01325E+06	2.675E+03	1.077E-02	8.382E+06	6.901E-05
1.01325E+06	2.700E+03	1.075E-02	8.566E+06	6.951E-05
1.01325E+06	2.725E+03	1.073E-02	8.757E+06	7.000E-05
1.01325E+06	2.750E+03	1.070E-02	8.957E+06	7.050E-05
1.01325E+06	2.775E+03	1.067E-02	9.165E+06	7.100E-05
1.01325E+06	2.800E+03	1.064E-02	9.382E+06	7.151E-05
1.01325E+06	2.825E+03	1.061E-02	9.608E+06	7.201E-05
1.01325E+06	2.850E+03	1.058E-02	9.844E+06	7.252E-05
1.01325E+06	2.875E+03	1.054E-02	1.009E+07	7.304E-05
1.01325E+06	2.900E+03	1.050E-02	1.035E+07	7.356E-05
1.01325E+06	2.925E+03	1.046E-02	1.062E+07	7.408E-05
1.01325E+06	2.950E+03	1.042E-02	1.090E+07	7.461E-05
1.01325E+06	2.975E+03	1.037E-02	1.119E+07	7.514E-05
1.01325E+06	3.000E+03	1.033E-02	1.150E+07	7.567E-05
1.01325E+06	3.025E+03	1.027E-02	1.182E+07	7.621E-05
1.01325E+06	3.050E+03	1.022E-02	1.216E+07	7.676E-05
1.01325E+06	3.075E+03	1.016E-02	1.251E+07	7.731E-05
1.01325E+06	3.100E+03	1.011E-02	1.288E+07	7.787E-05
1.01325E+06	3.125E+03	1.004E-02	1.326E+07	7.843E-05
1.01325E+06	3.150E+03	9.978E-03	1.366E+07	7.900E-05
1.01325E+06	3.175E+03	9.910E-03	1.408E+07	7.957E-05
1.01325E+06	3.200E+03	9.839E-03	1.452E+07	8.015E-05
1.01325E+06	3.225E+03	9.766E-03	1.498E+07	8.074E-05
1.01325E+06	3.250E+03	9.689E-03	1.546E+07	8.133E-05
1.01325E+06	3.275E+03	9.610E-03	1.596E+07	8.193E-05
1.01325E+06	3.300E+03	9.529E-03	1.648E+07	8.253E-05
1.01325E+06	3.325E+03	9.444E-03	1.702E+07	8.313E-05
1.01325E+06	3.350E+03	9.357E-03	1.758E+07	8.374E-05
1.01325E+06	3.375E+03	9.268E-03	1.817E+07	8.436E-05
1.01325E+06	3.400E+03	9.177E-03	1.877E+07	8.497E-05
1.01325E+06	3.425E+03	9.085E-03	1.940E+07	8.558E-05
1.01325E+06	3.450E+03	8.990E-03	2.005E+07	8.620E-05
1.01325E+06	3.475E+03	8.894E-03	2.072E+07	8.680E-05
1.01325E+06	3.500E+03	8.797E-03	2.140E+07	8.741E-05
1.01325E+06	3.525E+03	8.699E-03	2.211E+07	8.801E-05
1.01325E+06	3.550E+03	8.601E-03	2.283E+07	8.859E-05
1.01325E+06	3.575E+03	8.503E-03	2.357E+07	8.917E-05
1.01325E+06	3.600E+03	8.405E-03	2.432E+07	8.974E-05
1.01325E+06	3.625E+03	8.307E-03	2.509E+07	9.029E-05
1.01325E+06	3.650E+03	8.210E-03	2.587E+07	9.082E-05
1.01325E+06	3.675E+03	8.113E-03	2.665E+07	9.133E-05
1.01325E+06	3.700E+03	8.018E-03	2.745E+07	9.183E-05
1.01325E+06	3.725E+03	7.925E-03	2.825E+07	9.230E-05
1.01325E+06	3.750E+03	7.833E-03	2.906E+07	9.276E-05
1.01325E+06	3.775E+03	7.743E-03	2.987E+07	9.319E-05
1.01325E+06	3.800E+03	7.655E-03	3.068E+07	9.360E-05
1.01325E+06	3.825E+03	7.569E-03	3.149E+07	9.398E-05
1.01325E+06	3.850E+03	7.485E-03	3.230E+07	9.435E-05
1.01325E+06	3.875E+03	7.404E-03	3.311E+07	9.469E-05
1.01325E+06	3.900E+03	7.325E-03	3.391E+07	9.502E-05
1.01325E+06	3.925E+03	7.248E-03	3.471E+07	9.532E-05
1.01325E+06	3.950E+03	7.174E-03	3.550E+07	9.561E-05
1.01325E+06	3.975E+03	7.103E-03	3.628E+07	9.587E-05
1.01325E+05	2.000E+02	2.200E-02	-7.247E+06	8.688E-06
1.01325E+05	2.250E+02	2.200E-02	-7.208E+06	9.666E-06
1.01325E+05	2.500E+02	2.200E-02	-7.170E+06	1.065E-05
1.01325E+05	2.750E+02	2.200E-02	-7.130E+06	1.162E-05
1.01325E+05	3.000E+02	2.200E-02	-7.090E+06	1.257E-05
1.01325E+05	3.250E+02	2.200E-02	-7.049E+06	1.351E-05
1.01325E+05	3.500E+02	2.200E-02	-7.006E+06	1.444E-05
1.01325E+05	3.750E+02	2.199E-02	-6.963E+06	1.534E-05
1.01325E+05	4.000E+02	2.199E-02	-6.917E+06	1.623E-05
1.01325E+05	4.250E+02	2.199E-02	-6.870E+06	1.710E-05
1.01325E+05	4.500E+02	2.198E-02	-6.821E+06	1.796E-05
1.01325E+05	4.750E+02	2.197E-02	-6.770E+06	1.879E-05
1.01325E+05	5.000E+02	2.195E-02	-6.715E+06	1.962E-05
1.01325E+05	5.250E+02	2.192E-02	-6.657E+06	2.042E-05
1.01325E+05	5.500E+02	2.187E-02	-6.595E+06	2.122E-05
1.01325E+05	5.750E+02	2.180E-02	-6.527E+06	2.201E-05
1.01325E+05	6.000E+02	2.171E-02	-6.451E+06	2.279E-05
1.01325E+05	6.250E+02	2.159E-02	-6.365E+06	2.356E-05
1.01325E+05	6.500E+02	2.142E-02	-6.266E+06	2.432E-05
1.01325E+05	6.750E+02	2.119E-02	-6.148E+06	2.509E-05
1.01325E+05	7.000E+02	2.089E-02	-6.005E+06	2.586E-05
1.01325E+05	7.250E+02	2.050E-02	-5.827E+06	2.664E-05
1.01325E+05	7.500E+02	1.999E-02	-5.608E+06	2.744E-05
1.01325E+05	7.750E+02	1.937E-02	-5.338E+06	2.826E-05
1.01325E+05	8.000E+02	1.864E-02	-5.014E+06	2.909E-05
1.01325E+05	8.250E+02	1.784E-02	-4.638E+06	2.993E-05
1.01325E+05	8.500E+02	1.700E-02	-4.219E+06	3.076E-05
1.01325E+05	8.750E+02	1.619E-02	-3.775E+06	3.157E-05
1.01325E+05	9.000E+02	1.546E-02	-3.335E+06	3.235E-05
1.01325E+05	9.250E+02	1.486E-02	-2.936E+06	3.309E-05
1.01325E+05	9.500E+02	1.441E-02	-2.605E+06	3.378E-05
1.01325E+05	9.750E+02	1.412E-02	-2.353E+06	3.444E-05
1.01325E+05	1.000E+03	1.395E-02	-2.170E+06	3.506E-05
1.01325E+05	1.025E+03	1.385E-02	-2.034E+06	3.566E-05
1.01325E+05	1.050E+03	1.380E-02	-1.925E+06	3.625E-05
1.01325E+05	1.075E+03	1.378E-02	-1.830E+06	3.683E-05
1.01325E+05	1.100E+03	1.376E-02	-1.741E+06	3.740E-05
1.01325E+05	1.125E+03	1.375E-02	-1.653E+06	3.797E-05
1.01325E+05	1.150E+03	1.374E-02	-1.561E+06	3.854E-05
1.01325E+05	1.175E+03	1.371E-02	-1.454E+06	3.913E-05
1.01325E+05	1.200E+03	1.364E-02	-1.316E+06	3.979E-05
1.01325E+05	1.225E+03	1.353E-02	-1.144E+06	4.053E-05
1.01325E+05	1.250E+03	1.340E-02	-9.480E+05	4.131E-05
1.01325E+05	1.275E+03	1.326E-02	-7.397E+05	4.212E-05
1.01325E+05	1.300E+03	1.311E-02	-5.255E+05	4.292E-05
1.01325E+05	1.325E+03	1.297E-02	-3.087E+05	4.371E-05
1.01325E+05	1.350E+03	1.284E-02	-9.028E+04	4.448E-05
1.01325E+05	1.375E+03	1.271E-02	1.299E+05	4.521E-05
1.01325E+05	1.400E+03	1.258E-02	3.533E+05	4.589E-05
1.01325E+05	1.425E+03	1.246E-02	5.820E+05	4.651E-05
1.01325E+05	1.450E+03	1.234E-02	8.187E+05	4.708E-05
1.01325E+05	1.475E+03	1.222E-02	1.067E+06	4.757E-05
1.01325E+05	1.500E+03	1.210E-02	1.329E+06	4.799E-05
1.01325E+05	1.525E+03	1.198E-02	1.608E+06	4.832E-05
1.01325E+05	1.550E+03	1.186E-02	1.905E+06	4.859E-05
1.01325E+05	1.575E+03	1.173E-02	2.214E+06	4.880E-05
1.01325E+05	1.600E+03	1.161E-02	2.527E+06	4.899E-05
1.01325E+05	1.625E+03	1.150E-02	2.827E+06	4.920E-05
1.01325E+05	1.650E+03	1.140E-02	3.098E+06	4.946E-05
1.01325E+05	1.675E+03	1.132E-02	3.331E+06	4.981E-05
1.01325E+05	1.700E+03	1.126E-02	3.529E+06	5.021E-05
1.01325E+05	1.725E+03	1.121E-02	3.701E+06	5.066E-05
1.01325E+05	1.750E+03	1.117E-02	3.853E+06	5.112E-05
1.01325E+05	1.775E+03	1.114E-02	3.991E+06	5.160E-05
1.01325E+05	1.800E+03	1.112E-02	4.119E+06	5.209E-05
1.01325E+05	1.825E+03	1.110E-02	4.241E+06	5.258E-05
1.01325E+05	1.850E+03	1.108E-02	4.356E+06	5.306E-05
1.01325E+05	1.875E+03	1.107E-02	4.468E+06	5.355E-05
1.01325E+05	1.900E+03	1.106E-02	4.576E+06	5.404E-05
1.01325E+05	1.925E+03	1.105E-02	4.682E+06	5.453E-05
1.01325E+05	1.950E+03	1.104E-02	4.786E+06	5.502E-05
1.01325E+05	1.975E+03	1.103E-02	4.889E+06	5.550E-05
1.01325E+05	2.000E+03	1.102E-02	4.991E+06	5.599E-05
1.01325E+05	2.025E+03	1.102E-02	5.093E+06	5.647E-05
1.01325E+05	2.050E+03	1.101E-02	5.195E+06	5.696E-05
1.01325E+05	2.075E+03	1.101E-02	5.297E+06	5.744E-05
1.01325E+05	2.100E+03	1.100E-02	5.399E+06	5.792E-05
1.01325E+05	2.125E+03	1.100E-02	5.502E+06	5.840E-05
1.01325E+05	2.150E+03	1.100E-02	5.605E+06	5.888E-05
1.01325E+05	2.175E+03	1.099E-02	5.710E+06	5.936E-05
1.01325E+05	2.200E+03	1.099E-02	5.816E+06	5.984E-05
1.01325E+05	2.225E+03	1.098E-02	5.924E+06	6.032E-05
1.01325E+05	2.250E+03	1.098E-02	6.033E+06	6.080E-05
1.01325E+05	2.275E+03	1.097E-02	6.144E+06	6.128E-05
1.01325E+05	2.300E+03	1.096E-02	6.257E+06	6.176E-05
1.01325E+05	2.325E+03	1.096E-02	6.373E+06	6.224E-05
1.01325E+05	2.350E+03	1.095E-02	6.491E+06	6.272E-05
1.01325E+05	2.375E+03	1.094E-02	6.612E+06	6.320E-05
1.01325E+05	2.400E+03	1.093E-02	6.736E+06	6.368E-05
1.01325E+05	2.425E+03	1.092E-02	6.863E+06	6.416E-05
1.01325E+05	2.450E+03	1.091E-02	6.994E+06	6.464E-05
1.01325E+05	2.475E+03	1.090E-02	7.128E+06	6.512E-05
1.01325E+05	2.500E+03	1.089E-02	7.267E+06	6.560E-05
1.01325E+05	2.525E+03	1.088E-02	7.410E+06	6.609E-05
1.01325E+05	2.550E+03	1.086E-02	7.558E+06	6.657E-05
1.01325E+05	2.575E+03	1.085E-02	7.711E+06	6.705E-05
1.01325E+05	2.600E+03	1.083E-02	7.870E+06	6.754E-05
1.01325E+05	2.625E+03	1.081E-02	8.034E+06	6.803E-05
1.01325E+05	2.650E+03	1.080E-02	8.204E+06	6.852E-05
1.01325E+05	2.675E+03	1.077E-02	8.382E+06	6.901E-05
1.01325E+05	2.700E+03	1.075E-02	8.566E+06	6.951E-05
1.01325E+05	2.725E+03	1.073E-02	8.757E+06	7.000E-05
1.01325E+05	2.750E+03	1.070E-02	8.957E+06	7.050E-05
1.01325E+05	2.775E+03	1.067E-02	9.165E+06	7.100E-05
1.01325E+05	2.800E+03	1.064E-02	9.382E+06	7.151E-05
1.01325E+05	2.825E+03	1.061E-02	9.608E+06	7.201E-05
1.01325E+05	2.850E+03	1.058E-02	9.844E+06	7.252E-05
1.01325E+05	2.875E+03	1.054E-02	1.009E+07	7.304E-05
1.01325E+05	2.900E+03	1.050E-02	1.035E+07	7.356E-05
1.01325E+05	2.925E+03	1.046E-02	1.062E+07	7.408E-05
1.01325E+05	2.950E+03	1.042E-02	1.090E+07	7.461E-05
1.01325E+05	2.975E+03	1.037E-02	1.119E+07	7.514E-05
1.01325E+05	3.000E+03	1.033E-02	1.150E+07	7.567E-05
1.01325E+05	3.025E+03	1.027E-02	1.182E+07	7.621E-05
1.01325E+05	3.050E+03	1.022E-02	1.216E+07	7.676E-05
1.01325E+05	3.075E+03	1.016E-02	1.251E+07	7.731E-05
1.01325E+05	3.100E+03	1.011E-02	1.288E+07	7.787E-05
1.01325E+05	3.125E+03	1.004E-02	1.326E+07	7.843E-05
1.01325E+05	3.150E+03	9.978E-03	1.366E+07	7.900E-05
1.01325E+05	3.175E+03	9.910E-03	1.408E+07	7.957E-05
1.01325E+05	3.200E+03	9.839E-03	1.452E+07	8.015E-05
1.01325E+05	3.225E+03	9.766E-03	1.498E+07	8.074E-05
1.01325E+05	3.250E+03	9.689E-03	1.546E+07	8.133E-05
1.01325E+05	3.275E+03	9.610E-03	1.596E+07	8.193E-05
1.01325E+05	3.300E+03	9.529E-03	1.648E+07	8.253E-05
1.01325E+05	3.325E+03	9.444E-03	1.702E+07	8.313E-05
1.01325E+05	3.350E+03	9.357E-03	1.758E+07	8.374E-05
1.01325E+05	3.375E+03	9.268E-03	1.817E+07	8.436E-05
1.01325E+05	3.400E+03	9.177E-03	1.877E+07	8.497E-05
1.01325E+05	3.425E+03	9.085E-03	1.940E+07	8.558E-05
1.01325E+05	3.450E+03	8.990E-03	2.005E+07	8.620E-05
1.01325E+05	3.475E+03	8.894E-03	2.072E+07	8.680E-05
1.01325E+05	3.500E+03	8.797E-03	2.140E+07	8.741E-05
1.01325E+05	3.525E+03	8.699E-03	2.211E+07	8.801E-05
1.01325E+05	3.550E+03	8.601E-03	2.283E+07	8.859E-05
1.01325E+05	3.575E+03	8.503E-03	2.357E+07	8.917E-05
1.01325E+05	3.600E+03	8.405E-03	2.432E+07	8.974E-05
1.01325E+05	3.625E+03	8.307E-03	2.509E+07	9.029E-05
1.01325E+05	3.650E+03	8.210E-03	2.587E+07	9.082E-05
1.01325E+05	3.675E+03	8.113E-03	2.665E+07	9.133E-05
1.01325E+05	3.700E+03	8.018E-03	2.745E+07	9.183E-05
1.01325E+05	3.725E+03	7.925E-03	2.825E+07	9.230E-05
1.01325E+05	3.750E+03	7.833E-03	2.906E+07	9.276E-05
1.01325E+05	3.775E+03	7.743E-03	2.987E+07	9.319E-05
1.01325E+05	3.800E+03	7.655E-03	3.068E+07	9.360E-05
1.01325E+05	3.825E+03	7.569E-03	3.149E+07	9.398E-05
1.01325E+05	3.850E+03	7.485E-03	3.230E+07	9.435E-05
1.01325E+05	3.875E+03	7.404E-03	3.311E+07	9.469E-05
1.01325E+05	3.900E+03	7.325E-03	3.391E+07	9.502E-05
1.01325E+05	3.925E+03	7.248E-03	3.471E+07	9.532E-05
1.01325E+05	3.950E+03	7.174E-03	3.550E+07	9.561E-05
1.01325E+05	3.975E+03	7.103E-03	3.628E+07	9.587E-05
1.01325E+04	2.000E+02	2.200E-02	-7.247E+06	8.688E-06
1.01325E+04	2.250E+02	2.200E-02	-7.208E+06	9.666E-06
1.01325E+04	2.500E+02	2.200E-02	-7.170E+06	1.065E-05
1.01325E+04	2.750E+02	2.200E-02	-7.130E+06	1.162E-05
1.01325E+04	3.000E+02	2.200E-02	-7.090E+06	1.257E-05
1.01325E+04	3.250E+02	2.200E-02	-7.049E+06	1.351E-05
1.01325E+04	3.500E+02	2.199E-02	-7.006E+06	1.444E-05
1.01325E+04	3.750E+02	2.199E-02	-6.962E+06	1.535E-05
1.01325E+04	4.000E+02	2.198E-02	-6.916E+06	1.623E-05
1.01325E+04	4.250E+02	2.197E-02	-6.867E+06	1.711E-05
1.01325E+04	4.500E+02	2.195E-02	-6.815E+06	1.796E-05
1.01325E+04	4.750E+02	2.191E-02	-6.759E+06	1.881E-05
1.01325E+04	5.000E+02	2.185E-02	-6.697E+06	1.964E-05
1.01325E+04	5.250E+02	2.176E-02	-6.627E+06	2.047E-05
1.01325E+04	5.500E+02	2.163E-02	-6.547E+06	2.129E-05
1.01325E+04	5.750E+02	2.145E-02	-6.454E+06	2.210E-05
1.01325E+04	6.000E+02	2.120E-02	-6.342E+06	2.291E-05
1.01325E+04	6.250E+02	2.088E-02	-6.202E+06	2.372E-05
1.01325E+04	6.500E+02	2.044E-02	-6.022E+06	2.455E-05
1.01325E+04	6.750E+02	1.984E-02	-5.781E+06	2.541E-05
1.01325E+04	7.000E+02	1.907E-02	-5.461E+06	2.630E-05
1.01325E+04	7.250E+02	1.813E-02	-5.050E+06	2.722E-05
1.01325E+04	7.500E+02	1.708E-02	-4.554E+06	2.815E-05
1.01325E+04	7.750E+02	1.604E-02	-4.005E+06	2.906E-05
1.01325E+04	8.000E+02	1.513E-02	-3.465E+06	2.991E-05
1.01325E+04	8.250E+02	1.447E-02	-3.015E+06	3.068E-05
1.01325E+04	8.500E+02	1.408E-02	-2.703E+06	3.139E-05
1.01325E+04	8.750E+02	1.389E-02	-2.509E+06	3.205E-05
1.01325E+04	9.000E+02	1.381E-02	-2.383E+06	3.268E-05
1.01325E+04	9.250E+02	1.378E-02	-2.288E+06	3.330E-05
1.01325E+04	9.500E+02	1.376E-02	-2.204E+06	3.391E-05
1.01325E+04	9.750E+02	1.375E-02	-2.123E+06	3.451E-05
1.01325E+04	1.000E+03	1.374E-02	-2.038E+06	3.511E-05
1.01325E+04	1.025E+03	1.370E-02	-1.929E+06	3.576E-05
1.01325E+04	1.050E+03	1.359E-02	-1.762E+06	3.653E-05
1.01325E+04	1.075E+03	1.342E-02	-1.544E+06	3.741E-05
1.01325E+04	1.100E+03	1.323E-02	-1.304E+06	3.834E-05
1.01325E+04	1.125E+03	1.304E-02	-1.061E+06	3.928E-05
1.01325E+04	1.150E+03	1.287E-02	-8.206E+05	4.020E-05
1.01325E+04	1.175E+03	1.270E-02	-5.882E+05	4.109E-05
1.01325E+04	1.200E+03	1.256E-02	-3.642E+05	4.193E-05
1.01325E+04	1.225E+03	1.243E-02	-1.477E+05	4.273E-05
1.01325E+04	1.250E+03	1.231E-02	6.406E+04	4.348E-05
1.01325E+04	1.275E+03	1.220E-02	2.747E+05	4.415E-05
1.01325E+04	1.300E+03	1.210E-02	4.892E+05	4.475E-05
1.01325E+04	1.325E+03	1.200E-02	7.134E+05	4.527E-05
1.01325E+04	1.350E+03	1.190E-02	9.540E+05	4.569E-05
1.01325E+04	1.375E+03	1.180E-02	1.218E+06	4.600E-05
1.01325E+04	1.400E+03	1.169E-02	1.510E+06	4.619E-05
1.01325E+04	1.425E+03	1.157E-02	1.832E+06	4.629E-05
1.01325E+04	1.450E+03	1.145E-02	2.177E+06	4.632E-05
1.01325E+04	1.475E+03	1.133E-02	2.520E+06	4.635E-05
1.01325E+04	1.500E+03	1.123E-02	2.822E+06	4.647E-05
1.01325E+04	1.525E+03	1.116E-02	3.058E+06	4.674E-05
1.01325E+04	1.550E+03	1.111E-02	3.236E+06	4.714E-05
1.01325E+04	1.575E+03	1.108E-02	3.379E+06	4.759E-05
1.01325E+04	1.600E+03	1.106E-02	3.501E+06	4.808E-05
1.01325E+04	1.625E+03	1.105E-02	3.613E+06	4.857E-05
1.01325E+04	1.650E+03	1.104E-02	3.719E+06	4.907E-05
1.01325E+04	1.675E+03	1.103E-02	3.820E+06	4.957E-05
1.01325E+04	1.700E+03	1.102E-02	3.919E+06	5.007E-05
1.01325E+04	1.725E+03	1.102E-02	4.017E+06	5.057E-05
1.01325E+04	1.750E+03	1.101E-02	4.113E+06	5.107E-05
1.01325E+04	1.775E+03	1.101E-02	4.209E+06	5.156E-05
1.01325E+04	1.800E+03	1.101E-02	4.304E+06	5.206E-05
1.01325E+04	1.825E+03	1.100E-02	4.400E+06	5.255E-05
1.01325E+04	1.850E+03	1.100E-02	4.496E+06	5.305E-05
1.01325E+04	1.875E+03	1.100E-02	4.593E+06	5.354E-05
1.01325E+04	1.900E+03	1.099E-02	4.691E+06	5.403E-05
1.01325E+04	1.925E+03	1.099E-02	4.790E+06	5.452E-05
1.01325E+04	1.950E+03	1.099E-02	4.890E+06	5.501E-05
1.01325E+04	1.975E+03	1.098E-02	4.993E+06	5.550E-05
1.01325E+04	2.000E+03	1.098E-02	5.097E+06	5.599E-05
1.01325E+04	2.025E+03	1.097E-02	5.203E+06	5.647E-05
1.01325E+04	2.050E+03	1.097E-02	5.312E+06	5.696E-05
1.01325E+04	2.075E+03	1.096E-02	5.423E+06	5.745E-05
1.01325E+04	2.100E+03	1.096E-02	5.538E+06	5.794E-05
1.01325E+04	2.125E+03	1.095E-02	5.656E+06	5.842E-05
1.01325E+04	2.150E+03	1.094E-02	5.779E+06	5.891E-05
1.01325E+04	2.175E+03	1.093E-02	5.905E+06	5.940E-05
1.01325E+04	2.200E+03	1.092E-02	6.036E+06	5.988E-05
1.01325E+04	2.225E+03	1.091E-02	6.173E+06	6.037E-05
1.01325E+04	2.250E+03	1.090E-02	6.315E+06	6.086E-05
1.01325E+04	2.275E+03	1.088E-02	6.464E+06	6.135E-05
1.01325E+04	2.300E+03	1.087E-02	6.619E+06	6.184E-05
1.01325E+04	2.325E+03	1.085E-02	6.782E+06	6.234E-05
1.01325E+04	2.350E+03	1.083E-02	6.953E+06	6.283E-05
1.01325E+04	2.375E+03	1.080E-02	7.133E+06	6.333E-05
1.01325E+04	2.400E+03	1.078E-02	7.323E+06	6.383E-05
1.01325E+04	2.425E+03	1.075E-02	7.523E+06	6.433E-05
1.01325E+04	2.450E+03	1.072E-02	7.734E+06	6.483E-05
1.01325E+04	2.475E+03	1.069E-02	7.957E+06	6.534E-05
1.01325E+04	2.500E+03	1.066E-02	8.194E+06	6.585E-05
1.01325E+04	2.525E+03	1.062E-02	8.444E+06	6.637E-05
1.01325E+04	2.550E+03	1.057E-02	8.709E+06	6.689E-05
1.01325E+04	2.575E+03	1.053E-02	8.991E+06	6.741E-05
1.01325E+04	2.600E+03	1.048E-02	9.290E+06	6.794E-05
1.01325E+04	2.625E+03	1.043E-02	9.607E+06	6.847E-05
1.01325E+04	2.650E+03	1.037E-02	9.945E+06	6.901E-05
1.01325E+04	2.675E+03	1.031E-02	1.030E+07	6.955E-05
1.01325E+04	2.700E+03	1.025E-02	1.068E+07	7.010E-05
1.01325E+04	2.725E+03	1.018E-02	1.109E+07	7.065E-05
1.01325E+04	2.750E+03	1.010E-02	1.152E+07	7.122E-05
1.01325E+04	2.775E+03	1.002E-02	1.198E+07	7.179E-05
1.01325E+04	2.800E+03	9.939E-03	1.246E+07	7.236E-05
1.01325E+04	2.825E+03	9.851E-03	1.298E+07	7.295E-05
1.01325E+04	2.850E+03	9.758E-03	1.353E+07	7.354E-05
1.01325E+04	2.875E+03	9.660E-03	1.411E+07	7.414E-05
1.01325E+04	2.900E+03	9.557E-03	1.473E+07	7.475E-05
1.01325E+04	2.925E+03	9.450E-03	1.538E+07	7.536E-05
1.01325E+04	2.950E+03	9.339E-03	1.606E+07	7.598E-05
1.01325E+04	2.975E+03	9.223E-03	1.679E+07	7.661E-05
1.01325E+04	3.000E+03	9.104E-03	1.755E+07	7.724E-05
1.01325E+04	3.025E+03	8.982E-03	1.835E+07	7.786E-05
1.01325E+04	3.050E+03	8.857E-03	1.919E+07	7.849E-05
1.01325E+04	3.075E+03	8.730E-03	2.005E+07	7.911E-05
1.01325E+04	3.100E+03	8.602E-03	2.095E+07	7.972E-05
1.01325E+04	3.125E+03	8.473E-03	2.188E+07	8.032E-05
1.01325E+04	3.150E+03	8.344E-03	2.283E+07	8.089E-05
1.01325E+04	3.175E+03	8.216E-03	2.381E+07	8.145E-05
1.01325E+04	3.200E+03	8.090E-03	2.480E+07	8.199E-05
1.01325E+04	3.225E+03	7.966E-03	2.580E+07	8.249E-05
1.01325E+04	3.250E+03	7.845E-03	2.682E+07	8.297E-05
1.01325E+04	3.275E+03	7.727E-03	2.783E+07	8.342E-05
1.01325E+04	3.300E+03	7.612E-03	2.885E+07	8.383E-05
1.01325E+04	3.325E+03	7.502E-03	2.986E+07	8.421E-05
1.01325E+04	3.350E+03	7.396E-03	3.087E+07	8.457E-05
1.01325E+04	3.375E+03	7.294E-03	3.186E+07	8.489E-05
1.01325E+04	3.400E+03	7.197E-03	3.284E+07	8.518E-05
1.01325E+04	3.425E+03	7.104E-03	3.380E+07	8.545E-05
1.01325E+04	3.450E+03	7.017E-03	3.474E+07	8.570E-05
1.01325E+04	3.475E+03	6.934E-03	3.566E+07	8.593E-05
1.01325E+04	3.500E+03	6.855E-03	3.656E+07	8.614E-05
1.01325E+04	3.525E+03	6.781E-03	3.743E+07	8.634E-05
1.01325E+04	3.550E+03	6.711E-03	3.828E+07	8.653E-05
1.01325E+04	3.575E+03	6.645E-03	3.911E+07	8.670E-05
1.01325E+04	3.600E+03	6.582E-03	3.991E+07	8.688E-05
1.01325E+04	3.625E+03	6.524E-03	4.069E+07	8.705E-05
1.01325E+04	3.650E+03	6.468E-03	4.144E+07	8.721E-05
1.01325E+04	3.675E+03	6.416E-03	4.217E+07	8.738E-05
1.01325E+04	3.700E+03	6.367E-03	4.288E+07	8.754E-05
1.01325E+04	3.725E+03	6.321E-03	4.358E+07	8.771E-05
1.01325E+04	3.750E+03	6.277E-03	4.425E+07	8.788E-05
1.01325E+04	3.775E+03	6.236E-03	4.490E+07	8.805E-05
1.01325E+04	3.800E+03	6.197E-03	4.553E+07	8.822E-05
1.01325E+04	3.825E+03	6.160E-03	4.615E+07	8.840E-05
1.01325E+04	3.850E+03	6.125E-03	4.675E+07	8.858E-05
1.01325E+04	3.875E+03	6.091E-03	4.734E+07	8.877E-05
1.01325E+04	3.900E+03	6.060E-03	4.790E+07	8.896E-05
1.01325E+04	3.925E+03	6.030E-03	4.845E+07	8.915E-05
1.01325E+04	3.950E+03	6.001E-03	4.899E+07	8.935E-05
1.01325E+04	3.975E+03	5.975E-03	4.951E+07	8.956E-05
1.01325E+03	2.000E+02	2.200E-02	-7.247E+06	8.688E-06
1.01325E+03	2.250E+02	2.200E-02	-7.208E+06	9.666E-06
1.01325E+03	2.500E+02	2.200E-02	-7.170E+06	1.065E-05
1.01325E+03	2.750E+02	2.200E-02	-7.130E+06	1.162E-05
1.01325E+03	3.000E+02	2.200E-02	-7.090E+06	1.257E-05
1.01325E+03	3.250E+02	2.199E-02	-7.049E+06	1.351E-05
1.01325E+03	3.500E+02	2.199E-02	-7.005E+06	1.444E-05
1.01325E+03	3.750E+02	2.198E-02	-6.960E+06	1.535E-05
1.01325E+03	4.000E+02	2.196E-02	-6.912E+06	1.624E-05
1.01325E+03	4.250E+02	2.192E-02	-6.858E+06	1.712E-05
1.01325E+03	4.500E+02	2.185E-02	-6.798E+06	1.799E-05
1.01325E+03	4.750E+02	2.174E-02	-6.727E+06	1.886E-05
1.01325E+03	5.000E+02	2.157E-02	-6.644E+06	1.972E-05
1.01325E+03	5.250E+02	2.134E-02	-6.545E+06	2.058E-05
1.01325E+03	5.500E+02	2.103E-02	-6.423E+06	2.144E-05
1.01325E+03	5.750E+02	2.063E-02	-6.269E+06	2.229E-05
1.01325E+03	6.000E+02	2.008E-02	-6.057E+06	2.318E-05
1.01325E+03	6.250E+02	1.929E-02	-5.748E+06	2.411E-05
1.01325E+03	6.500E+02	1.823E-02	-5.307E+06	2.511E-05
1.01325E+03	6.750E+02	1.697E-02	-4.724E+06	2.614E-05
1.01325E+03	7.000E+02	1.570E-02	-4.056E+06	2.713E-05
1.01325E+03	7.250E+02	1.470E-02	-3.436E+06	2.803E-05
1.01325E+03	7.500E+02	1.411E-02	-3.009E+06	2.881E-05
1.01325E+03	7.750E+02	1.387E-02	-2.783E+06	2.951E-05
1.01325E+03	8.000E+02	1.379E-02	-2.660E+06	3.018E-05
1.01325E+03	8.250E+02	1.376E-02	-2.572E+06	3.082E-05
1.01325E+03	8.500E+02	1.376E-02	-2.495E+06	3.145E-05
1.01325E+03	8.750E+02	1.375E-02	-2.418E+06	3.208E-05
1.01325E+03	9.000E+02	1.372E-02	-2.322E+06	3.274E-05
1.01325E+03	9.250E+02	1.358E-02	-2.141E+06	3.357E-05
1.01325E+03	9.500E+02	1.335E-02	-1.879E+06	3.457E-05
1.01325E+03	9.750E+02	1.311E-02	-1.594E+06	3.563E-05
1.01325E+03	1.000E+03	1.287E-02	-1.314E+06	3.667E-05
1.01325E+03	1.025E+03	1.267E-02	-1.050E+06	3.769E-05
1.01325E+03	1.050E+03	1.249E-02	-8.049E+05	3.865E-05
1.01325E+03	1.075E+03	1.234E-02	-5.806E+05	3.955E-05
1.01325E+03	1.100E+03	1.222E-02	-3.742E+05	4.040E-05
1.01325E+03	1.125E+03	1.212E-02	-1.814E+05	4.118E-05
1.01325E+03	1.150E+03	1.203E-02	3.457E+03	4.189E-05
1.01325E+03	1.175E+03	1.195E-02	1.872E+05	4.253E-05
1.01325E+03	1.200E+03	1.187E-02	3.777E+05	4.308E-05
1.01325E+03	1.225E+03	1.180E-02	5.843E+05	4.353E-05
1.01325E+03	1.250E+03	1.172E-02	8.172E+05	4.387E-05
1.01325E+03	1.275E+03	1.162E-02	1.087E+06	4.407E-05
1.01325E+03	1.300E+03	1.152E-02	1.404E+06	4.412E-05
1.01325E+03	1.325E+03	1.139E-02	1.767E+06	4.405E-05
1.01325E+03	1.350E+03	1.127E-02	2.154E+06	4.393E-05
1.01325E+03	1.375E+03	1.116E-02	2.502E+06	4.392E-05
1.01325E+03	1.400E+03	1.109E-02	2.753E+06	4.413E-05
1.01325E+03	1.425E+03	1.105E-02	2.916E+06	4.452E-05
1.01325E+03	1.450E+03	1.103E-02	3.038E+06	4.500E-05
1.01325E+03	1.475E+03	1.102E-02	3.142E+06	4.550E-05
1.01325E+03	1.500E+03	1.102E-02	3.239E+06	4.601E-05
1.01325E+03	1.525E+03	1.101E-02	3.333E+06	4.652E-05
1.01325E+03	1.550E+03	1.101E-02	3.425E+06	4.703E-05
1.01325E+03	1.575E+03	1.100E-02	3.516E+06	4.754E-05
1.01325E+03	1.600E+03	1.100E-02	3.607E+06	4.805E-05
1.01325E+03	1.625E+03	1.100E-02	3.698E+06	4.856E-05
1.01325E+03	1.650E+03	1.100E-02	3.790E+06	4.906E-05
1.01325E+03	1.675E+03	1.100E-02	3.882E+06	4.957E-05
1.01325E+03	1.700E+03	1.099E-02	3.975E+06	5.007E-05
1.01325E+03	1.725E+03	1.099E-02	4.069E+06	5.057E-05
1.01325E+03	1.750E+03	1.099E-02	4.165E+06	5.107E-05
1.01325E+03	1.775E+03	1.099E-02	4.263E+06	5.157E-05
1.01325E+03	1.800E+03	1.098E-02	4.363E+06	5.206E-05
1.01325E+03	1.825E+03	1.098E-02	4.465E+06	5.256E-05
1.01325E+03	1.850E+03	1.098E-02	4.570E+06	5.306E-05
1.01325E+03	1.875E+03	1.097E-02	4.678E+06	5.355E-05
1.01325E+03	1.900E+03	1.096E-02	4.790E+06	5.405E-05
1.01325E+03	1.925E+03	1.096E-02	4.906E+06	5.454E-05
1.01325E+03	1.950E+03	1.095E-02	5.027E+06	5.503E-05
1.01325E+03	1.975E+03	1.094E-02	5.154E+06	5.553E-05
1.01325E+03	2.000E+03	1.093E-02	5.286E+06	5.603E-05
1.01325E+03	2.025E+03	1.091E-02	5.426E+06	5.652E-05
1.01325E+03	2.050E+03	1.090E-02	5.574E+06	5.702E-05
1.01325E+03	2.075E+03	1.088E-02	5.730E+06	5.752E-05
1.01325E+03	2.100E+03	1.086E-02	5.896E+06	5.802E-05
1.01325E+03	2.125E+03	1.084E-02	6.073E+06	5.852E-05
1.01325E+03	2.150E+03	1.081E-02	6.262E+06	5.902E-05
1.01325E+03	2.175E+03	1.079E-02	6.465E+06	5.953E-05
1.01325E+03	2.200E+03	1.075E-02	6.682E+06	6.004E-05
1.01325E+03	2.225E+03	1.072E-02	6.916E+06	6.055E-05
1.01325E+03	2.250E+03	1.068E-02	7.168E+06	6.107E-05
1.01325E+03	2.275E+03	1.063E-02	7.439E+06	6.159E-05
1.01325E+03	2.300E+03	1.058E-02	7.732E+06	6.211E-05
1.01325E+03	2.325E+03	1.053E-02	8.048E+06	6.264E-05
1.01325E+03	2.350E+03	1.047E-02	8.391E+06	6.318E-05
1.01325E+03	2.375E+03	1.040E-02	8.761E+06	6.372E-05
1.01325E+03	2.400E+03	1.033E-02	9.161E+06	6.427E-05
1.01325E+03	2.425E+03	1.025E-02	9.595E+06	6.482E-05
1.01325E+03	2.450E+03	1.017E-02	1.007E+07	6.538E-05
1.01325E+03	2.475E+03	1.008E-02	1.057E+07	6.595E-05
1.01325E+03	2.500E+03	9.978E-03	1.113E+07	6.653E-05
1.01325E+03	2.525E+03	9.871E-03	1.172E+07	6.712E-05
1.01325E+03	2.550E+03	9.756E-03	1.237E+07	6.772E-05
1.01325E+03	2.575E+03	9.634E-03	1.306E+07	6.832E-05
1.01325E+03	2.600E+03	9.505E-03	1.381E+07	6.894E-05
1.01325E+03	2.625E+03	9.368E-03	1.462E+07	6.956E-05
1.01325E+03	2.650E+03	9.224E-03	1.549E+07	7.020E-05
1.01325E+03	2.675E+03	9.074E-03	1.642E+07	7.083E-05
1.01325E+03	2.700E+03	8.918E-03	1.741E+07	7.147E-05
1.01325E+03	2.725E+03	8.759E-03	1.846E+07	7.211E-05
1.01325E+03	2.750E+03	8.596E-03	1.956E+07	7.273E-05
1.01325E+03	2.775E+03	8.433E-03	2.071E+07	7.334E-05
1.01325E+03	2.800E+03	8.269E-03	2.190E+07	7.393E-05
1.01325E+03	2.825E+03	8.107E-03	2.312E+07	7.449E-05
1.01325E+03	2.850E+03	7.948E-03	2.437E+07	7.501E-05
1.01325E+03	2.875E+03	7.794E-03	2.562E+07	7.549E-05
1.01325E+03	2.900E+03	7.646E-03	2.688E+07	7.593E-05
1.01325E+03	2.925E+03	7.504E-03	2.813E+07	7.632E-05
1.01325E+03	2.950E+03	7.370E-03	2.937E+07	7.667E-05
1.01325E+03	2.975E+03	7.243E-03	3.058E+07	7.698E-05
1.01325E+03	3.000E+03	7.125E-03	3.175E+07	7.726E-05
1.01325E+03	3.025E+03	7.014E-03	3.289E+07	7.750E-05
1.01325E+03	3.050E+03	6.911E-03	3.399E+07	7.772E-05
1.01325E+03	3.075E+03	6.817E-03	3.504E+07	7.792E-05
1.01325E+03	3.100E+03	6.729E-03	3.605E+07	7.810E-05
1.01325E+03	3.125E+03	6.649E-03	3.701E+07	7.827E-05
1.01325E+03	3.150E+03	6.575E-03	3.793E+07	7.844E-05
1.01325E+03	3.175E+03	6.507E-03	3.879E+07	7.861E-05
1.01325E+03	3.200E+03	6.445E-03	3.962E+07	7.877E-05
1.01325E+03	3.225E+03	6.387E-03	4.041E+07	7.894E-05
1.01325E+03	3.250E+03	6.335E-03	4.117E+07	7.912E-05
1.01325E+03	3.275E+03	6.286E-03	4.189E+07	7.930E-05
1.01325E+03	3.300E+03	6.240E-03	4.258E+07	7.948E-05
1.01325E+03	3.325E+03	6.198E-03	4.326E+07	7.967E-05
1.01325E+03	3.350E+03	6.159E-03	4.390E+07	7.986E-05
1.01325E+03	3.375E+03	6.121E-03	4.453E+07	8.006E-05
1.01325E+03	3.400E+03	6.086E-03	4.515E+07	8.026E-05
1.01325E+03	3.425E+03	6.053E-03	4.575E+07	8.047E-05
1.01325E+03	3.450E+03	6.021E-03	4.634E+07	8.068E-05
1.01325E+03	3.475E+03	5.991E-03	4.691E+07	8.089E-05
1.01325E+03	3.500E+03	5.963E-03	4.747E+07	8.111E-05
1.01325E+03	3.525E+03	5.936E-03	4.802E+07	8.133E-05
1.01325E+03	3.550E+03	5.910E-03	4.855E+07	8.156E-05
1.01325E+03	3.575E+03	5.885E-03	4.907E+07	8.179E-05
1.01325E+03	3.600E+03	5.862E-03	4.957E+07	8.202E-05
1.01325E+03	3.625E+03	5.840E-03	5.005E+07	8.227E-05
1.01325E+03	3.650E+03	5.820E-03	5.051E+07	8.252E-05
1.01325E+03	3.675E+03	5.802E-03	5.094E+07	8.278E-05
1.01325E+03	3.700E+03	5.785E-03	5.135E+07	8.306E-05
1.01325E+03	3.725E+03	5.769E-03	5.173E+07	8.334E-05
1.01325E+03	3.750E+03	5.755E-03	5.208E+07	8.363E-05
1.01325E+03	3.775E+03	5.743E-03	5.241E+07	8.394E-05
1.01325E+03	3.800E+03	5.732E-03	5.271E+07	8.426E-05
1.01325E+03	3.825E+03	5.722E-03	5.299E+07	8.458E-05
1.01325E+03	3.850E+03	5.713E-03	5.325E+07	8.492E-05
1.01325E+03	3.875E+03	5.706E-03	5.349E+07	8.527E-05
1.01325E+03	3.900E+03	5.699E-03	5.371E+07	8.563E-05
1.01325E+03	3.925E+03	5.693E-03	5.392E+07	8.599E-05
1.01325E+03	3.950E+03	5.688E-03	5.411E+07	8.636E-05
1.01325E+03	3.975E+03	5.684E-03	5.429E+07	8.673E-05
1.01325E+00	2.000E+02	2.200E-02	-7.247E+06	8.688E-06
1.01325E+00	2.250E+02	2.200E-02	-7.208E+06	9.666E-06
1.01325E+00	2.500E+02	2.200E-02	-7.170E+06	1.065E-05
1.01325E+00	2.750E+02	2.200E-02	-7.130E+06	1.162E-05
1.01325E+00	3.000E+02	2.200E-02	-7.090E+06	1.257E-05
1.01325E+00	3.250E+02	2.199E-02	-7.049E+06	1.351E-05
1.01325E+00	3.500E+02	2.199E-02	-7.005E+06	1.444E-05
1.01325E+00	3.750E+02	2.198E-02	-6.960E+06	1.535E-05
1.01325E+00	4.000E+02	2.196E-02	-6.912E+06	1.624E-05
1.01325E+00	4.250E+02	2.192E-02	-6.858E+06	1.712E-05
1.01325E+00	4.500E+02	2.185E-02	-6.798E+06	1.799E-05
1.01325E+00	4.750E+02	2.174E-02	-6.727E+06	1.886E-05
1.01325E+00	5.000E+02	2.157E-02	-6.644E+06	1.972E-05
1.01325E+00	5.250E+02	2.134E-02	-6.545E+06	2.058E-05
1.01325E+00	5.500E+02	2.103E-02	-6.423E+06	2.144E-05
1.01325E+00	5.750E+02	2.063E-02	-6.269E+06	2.229E-05
1.01325E+00	6.000E+02	2.008E-02	-6.057E+06	2.318E-05
1.01325E+00	6.250E+02	1.929E-02	-5.748E+06	2.411E-05
1.01325E+00	6.500E+02	1.823E-02	-5.307E+06	2.511E-05
1.01325E+00	6.750E+02	1.697E-02	-4.724E+06	2.614E-05
1.01325E+00	7.000E+02	1.570E-02	-4.056E+06	2.713E-05
1.01325E+00	7.250E+02	1.470E-02	-3.436E+06	2.803E-05
1.01325E+00	7.500E+02	1.411E-02	-3.009E+06	2.881E-05
1.01325E+00	7.750E+02	1.387E-02	-2.783E+06	2.951E-05
1.01325E+00	8.000E+02	1.379E-02	-2.660E+06	3.018E-05
1.01325E+00	8.250E+02	1.376E-02	-2.572E+06	3.082E-05
1.01325E+00	8.500E+02	1.376E-02	-2.495E+06	3.145E-05
1.01325E+00	8.750E+02	1.375E-02	-2.418E+06	3.208E-05
1.01325E+00	9.000E+02	1.372E-02	-2.322E+06	3.274E-05
1.01325E+00	9.250E+02	1.358E-02	-2.141E+06	3.357E-05
1.01325E+00	9.500E+02	1.335E-02	-1.879E+06	3.457E-05
1.01325E+00	9.750E+02	1.311E-02	-1.594E+06	3.563E-05
1.01325E+00	1.000E+03	1.287E-02	-1.314E+06	3.667E-05
1.01325E+00	1.025E+03	1.267E-02	-1.050E+06	3.769E-05
1.01325E+00	1.050E+03	1.249E-02	-8.049E+05	3.865E-05
1.01325E+00	1.075E+03	1.234E-02	-5.806E+05	3.955E-05
1.01325E+00	1.100E+03	1.222E-02	-3.742E+05	4.040E-05
1.01325E+00	1.125E+03	1.212E-02	-1.814E+05	4.118E-05
1.01325E+00	1.150E+03	1.203E-02	3.457E+03	4.189E-05
1.01325E+00	1.175E+03	1.195E-02	1.872E+05	4.253E-05
1.01325E+00	1.200E+03	1.187E-02	3.777E+05	4.308E-05
1.01325E+00	1.225E+03	1.180E-02	5.843E+05	4.353E-05
1.01325E+00	1.250E+03	1.172E-02	8.172E+05	4.387E-05
1.01325E+00	1.275E+03	1.162E-02	1.087E+06	4.407E-05
1.01325E+00	1.300E+03	1.152E-02	1.404E+06	4.412E-05
1.01325E+00	1.325E+03	1.139E-02	1.767E+06	4.405E-05
1.01325E+00	1.350E+03	1.127E-02	2.154E+06	4.393E-05
1.01325E+00	1.375E+03	1.116E-02	2.502E+06	4.392E-05
1.01325E+00	1.400E+03	1.109E-02	2.753E+06	4.413E-05
1.01325E+00	1.425E+03	1.105E-02	2.916E+06	4.452E-05
1.01325E+00	1.450E+03	1.103E-02	3.038E+06	4.500E-05
1.01325E+00	1.475E+03	1.102E-02	3.142E+06	4.550E-05
1.01325E+00	1.500E+03	1.102E-02	3.239E+06	4.601E-05
1.01325E+00	1.525E+03	1.101E-02	3.333E+06	4.652E-05
1.01325E+00	1.550E+03	1.101E-02	3.425E+06	4.703E-05
1.01325E+00	1.575E+03	1.100E-02	3.516E+06	4.754E-05
1.01325E+00	1.600E+03	1.100E-02	3.607E+06	4.805E-05
1.01325E+00	1.625E+03	1.100E-02	3.698E+06	4.856E-05
1.01325E+00	1.650E+03	1.100E-02	3.790E+06	4.906E-05
1.01325E+00	1.675E+03	1.100E-02	3.882E+06	4.957E-05
1.01325E+00	1.700E+03	1.099E-02	3.975E+06	5.007E-05
1.01325E+00	1.725E+03	1.099E-02	4.069E+06	5.057E-05
1.01325E+00	1.750E+03	1.099E-02	4.165E+06	5.107E-05
1.01325E+00	1.775E+03	1.099E-02	4.263E+06	5.157E-05
1.01325E+00	1.800E+03	1.098E-02	4.363E+06	5.206E-05
1.01325E+00	1.825E+03	1.098E-02	4.465E+06	5.256E-05
1.01325E+00	1.850E+03	1.098E-02	4.570E+06	5.306E-05
1.01325E+00	1.875E+03	1.097E-02	4.678E+06	5.355E-05
1.01325E+00	1.900E+03	1.096E-02	4.790E+06	5.405E-05
1.01325E+00	1.925E+03	1.096E-02	4.906E+06	5.454E-05
1.01325E+00	1.950E+03	1.095E-02	5.027E+06	5.503E-05
1.01325E+00	1.975E+03	1.094E-02	5.154E+06	5.553E-05
1.01325E+00	2.000E+03	1.093E-02	5.286E+06	5.603E-05
1.01325E+00	2.025E+03	1.091E-02	5.426E+06	5.652E-05
1.01325E+00	2.050E+03	1.090E-02	5.574E+06	5.702E-05
1.01325E+00	2.075E+03	1.088E-02	5.730E+06	5.752E-05
1.01325E+00	2.100E+03	1.086E-02	5.896E+06	5.802E-05
1.01325E+00	2.125E+03	1.084E-02	6.073E+06	5.852E-05
1.01325E+00	2.150E+03	1.081E-02	6.262E+06	5.902E-05
1.01325E+00	2.175E+03	1.079E-02	6.465E+06	5.953E-05
1.01325E+00	2.200E+03	1.075E-02	6.682E+06	6.004E-05
1.01325E+00	2.225E+03	1.072E-02	6.916E+06	6.055E-05
1.01325E+00	2.250E+03	1.068E-02	7.168E+06	6.107E-05
1.01325E+00	2.275E+03	1.063E-02	7.439E+06	6.159E-05
1.01325E+00	2.300E+03	1.058E-02	7.732E+06	6.211E-05
1.01325E+00	2.325E+03	1.053E-02	8.048E+06	6.264E-05
1.01325E+00	2.350E+03	1.047E-02	8.391E+06	6.318E-05
1.01325E+00	2.375E+03	1.040E-02	8.761E+06	6.372E-05
1.01325E+00	2.400E+03	1.033E-02	9.161E+06	6.427E-05
1.01325E+00	2.425E+03	1.025E-02	9.595E+06	6.482E-05
1.01325E+00	2.450E+03	1.017E-02	1.007E+07	6.538E-05
1.01325E+00	2.475E+03	1.008E-02	1.057E+07	6.595E-05
1.01325E+00	2.500E+03	9.978E-03	1.113E+07	6.653E-05
1.01325E+00	2.525E+03	9.871E-03	1.172E+07	6.712E-05
1.01325E+00	2.550E+03	9.756E-03	1.237E+07	6.772E-05
1.01325E+00	2.575E+03	9.634E-03	1.306E+07	6.832E-05
1.01325E+00	2.600E+03	9.505E-03	1.381E+07	6.894E-05
1.01325E+00	2.625E+03	9.368E-03	1.462E+07	6.956E-05
1.01325E+00	2.650E+03	9.224E-03	1.549E+07	7.020E-05
1.01325E+00	2.675E+03	9.074E-03	1.642E+07	7.083E-05
1.01325E+00	2.700E+03	8.918E-03	1.741E+07	7.147E-05
1.01325E+00	2.725E+03	8.759E-03	1.846E+07	7.211E-05
1.01325E+00	2.750E+03	8.596E-03	1.956E+07	7.273E-05
1.01325E+00	2.775E+03	8.433E-03	2.071E+07	7.334E-05
1.01325E+00	2.800E+03	8.269E-03	2.190E+07	7.393E-05
1.01325E+00	2.825E+03	8.107E-03	2.312E+07	7.449E-05
1.01325E+00	2.850E+03	7.948E-03	2.437E+07	7.501E-05
1.01325E+00	2.875E+03	7.794E-03	2.562E+07	7.549E-05
1.01325E+00	2.900E+03	7.646E-03	2.688E+07	7.593E-05
1.01325E+00	2.925E+03	7.504E-03	2.813E+07	7.632E-05
1.01325E+00	2.950E+03	7.370E-03	2.937E+07	7.667E-05
1.01325E+00	2.975E+03	7.243E-03	3.058E+07	7.698E-05
1.01325E+00	3.000E+03	7.125E-03	3.175E+07	7.726E-05
1.01325E+00	3.025E+03	7.014E-03	3.289E+07	7.750E-05
1.01325E+00	3.050E+03	6.911E-03	3.399E+07	7.772E-05
1.01325E+00	3.075E+03	6.817E-03	3.504E+07	7.792E-05
1.01325E+00	3.100E+03	6.729E-03	3.605E+07	7.810E-05
1.01325E+00	3.125E+03	6.649E-03	3.701E+07	7.827E-05
1.01325E+00	3.150E+03	6.575E-03	3.793E+07	7.844E-05
1.01325E+00	3.175E+03	6.507E-03	3.879E+07	7.861E-05
1.01325E+00	3.200E+03	6.445E-03	3.962E+07	7.877E-05
1.01325E+00	3.225E+03	6.387E-03	4.041E+07	7.894E-05
1.01325E+00	3.250E+03	6.335E-03	4.117E+07	7.912E-05
1.01325E+00	3.275E+03	6.286E-03	4.189E+07	7.930E-05
1.01325E+00	3.300E+03	6.240E-03	4.258E+07	7.948E-05
1.01325E+00	3.325E+03	6.198E-03	4.326E+07	7.967E-05
1.01325E+00	3.350E+03	6.159E-03	4.390E+07	7.986E-05
1.01325E+00	3.375E+03	6.121E-03	4.453E+07	8.006E-05
1.01325E+00	3.400E+03	6.086E-03	4.515E+07	8.026E-05
1.01325E+00	3.425E+03	6.053E-03	4.575E+07	8.047E-05
1.01325E+00	3.450E+03	6.021E-03	4.634E+07	8.068E-05
1.01325E+00	3.475E+03	5.991E-03	4.691E+07	8.089E-05
1.01325E+00	3.500E+03	5.963E-03	4.747E+07	8.111E-05
1.01325E+00	3.525E+03	5.936E-03	4.802E+07	8.133E-05
1.01325E+00	3.550E+03	5.910E-03	4.855E+07	8.156E-05
1.01325E+00	3.575E+03	5.885E-03	4.907E+07	8.179E-05
1.01325E+00	3.600E+03	5.862E-03	4.957E+07	8.202E-05
1.01325E+00	3.625E+03	5.840E-03	5.005E+07	8.227E-05
1.01325E+00	3.650E+03	5.820E-03	5.051E+07	8.252E-05
1.01325E+00	3.675E+03	5.802E-03	5.094E+07	8.278E-05
1.01325E+00	3.700E+03	5.785E-03	5.135E+07	8.306E-05
1.01325E+00	3.725E+03	5.769E-03	5.173E+07	8.334E-05
1.01325E+00	3.750E+03	5.755E-03	5.208E+07	8.363E-05
1.01325E+00	3.775E+03	5.743E-03	5.241E+07	8.394E-05
1.01325E+00	3.800E+03	5.732E-03	5.271E+07	8.426E-05
1.01325E+00	3.825E+03	5.722E-03	5.299E+07	8.458E-05
1.01325E+00	3.850E+03	5.713E-03	5.325E+07	8.492E-05
1.01325E+00	3.875E+03	5.706E-03	5.349E+07	8.527E-05
1.01325E+00	3.900E+03	5.699E-03	5.371E+07	8.563E-05
1.01325E+00	3.925E+03	5.693E-03	5.392E+07	8.599E-05
1.01325E+00	3.950E+03	5.688E-03	5.411E+07	8.636E-05
1.01325E+00	3.975E+03	5.684E-03	5.429E+07	8.673E-05


