//t(s) probe0(0,0.049,0) probe1(0,0.048,0) probe2(0,0.046,0) probe3(0,0.042,0) 
1 316.991 300.032 299.999 299.999 
2 392.577 300.872 299.999 299.999 
3 488.62 305.023 300 299.999 
4 576.849 314.333 300.002 299.999 
5 650.164 328.594 300.017 299.999 
6 709.345 346.71 300.067 299.999 
7 757.046 367.432 300.195 299.999 
8 796.175 389.731 300.456 299.999 
9 829.013 412.833 300.907 299.999 
10 857.328 436.187 301.603 299.999 
11 882.408 459.37 302.586 299.999 
12 905.051 482.118 303.887 299.999 
13 925.813 504.209 305.523 299.999 
14 945.084 525.531 307.499 299.999 
15 963.128 545.988 309.814 300 
16 980.118 565.537 312.456 300 
17 996.186 584.165 315.411 300.001 
18 1011.42 601.861 318.661 300.002 
19 1025.89 618.641 322.186 300.004 
20 1039.64 634.526 325.964 300.006 
21 1052.72 649.541 329.976 300.011 
22 1065.15 663.723 334.199 300.017 
23 1077.01 677.112 338.615 300.025 
24 1088.27 689.747 343.203 300.037 
25 1099.02 701.685 347.947 300.052 
26 1109.26 712.959 352.828 300.072 
27 1119.01 723.644 357.831 300.098 
28 1128.32 733.76 362.941 300.129 
29 1137.2 743.371 368.145 300.168 
30 1145.69 752.528 373.43 300.215 
31 1153.79 761.255 378.784 300.271 
32 1161.54 769.603 384.196 300.336 
33 1168.97 777.611 389.658 300.413 
34 1176.08 785.301 395.159 300.501 
35 1182.9 792.702 400.692 300.602 
36 1189.45 799.847 406.249 300.717 
37 1195.74 806.764 411.822 300.846 
38 1201.79 813.463 417.406 300.99 
39 1207.62 819.958 422.995 301.15 
40 1213.22 826.276 428.583 301.327 
41 1218.62 832.436 434.165 301.521 
42 1223.84 838.441 439.736 301.732 
43 1228.87 844.301 445.293 301.962 
44 1233.73 850.032 450.833 302.21 
45 1238.43 855.657 456.35 302.477 
46 1242.98 861.173 461.841 302.764 
47 1247.38 866.58 467.302 303.071 
48 1251.64 871.888 472.732 303.398 
49 1255.77 877.117 478.129 303.745 
50 1259.78 882.275 483.488 304.112 
51 1263.67 887.354 488.809 304.5 
52 1267.45 892.355 494.087 304.909 
53 1271.11 897.292 499.322 305.338 
54 1274.68 902.173 504.513 305.788 
55 1278.15 907.005 509.658 306.259 
56 1281.52 911.776 514.754 306.751 
57 1284.8 916.49 519.802 307.262 
58 1288 921.151 524.8 307.795 
59 1291.11 925.768 529.746 308.348 
60 1294.15 930.347 534.639 308.921 
61 1279.37 934.823 539.476 309.513 
62 1233.3 938.633 544.26 310.126 
63 1183.95 940.208 548.989 310.758 
64 1138.5 938.801 553.662 311.41 
65 1098.02 934.721 558.276 312.08 
66 1062.17 928.652 562.821 312.77 
67 1030.31 921.253 567.282 313.478 
68 1001.81 913.035 571.635 314.205 
69 976.076 904.41 575.856 314.95 
70 952.534 895.627 579.917 315.712 
71 930.703 886.907 583.794 316.492 
72 910.211 878.343 587.468 317.29 
73 890.802 870.015 590.924 318.104 
74 872.293 861.944 594.154 318.935 
75 854.58 854.135 597.153 319.782 
76 837.595 846.569 599.924 320.645 
77 821.302 839.218 602.468 321.523 
78 805.669 832.058 604.793 322.417 
79 790.689 825.06 606.906 323.326 
80 776.341 818.2 608.816 324.25 
81 762.611 811.459 610.534 325.187 
82 749.487 804.809 612.069 326.138 
83 736.94 798.255 613.431 327.102 
84 724.963 791.786 614.631 328.079 
85 713.519 785.388 615.675 329.068 
86 702.594 779.073 616.575 330.069 
87 692.162 772.845 617.336 331.081 
88 682.194 766.689 617.968 332.103 
89 672.677 760.615 618.476 333.134 
90 663.576 754.63 618.867 334.175 
91 654.874 748.731 619.148 335.224 
92 646.55 742.917 619.324 336.281 
93 638.578 737.197 619.401 337.344 
94 630.942 731.571 619.384 338.414 
95 623.627 726.037 619.278 339.488 
96 616.609 720.594 619.087 340.568 
97 609.873 715.25 618.817 341.651 
98 603.405 710.004 618.471 342.738 
99 597.19 704.854 618.053 343.827 
100 591.212 699.795 617.567 344.918 
101 585.462 694.829 617.017 346.01 
102 579.928 689.959 616.407 347.102 
103 574.597 685.185 615.74 348.193 
104 569.456 680.502 615.02 349.284 
105 564.496 675.909 614.249 350.373 
106 559.711 671.404 613.431 351.459 
107 555.092 666.986 612.569 352.543 
108 550.63 662.654 611.665 353.623 
109 546.317 658.408 610.722 354.699 
110 542.144 654.243 609.743 355.771 
111 538.106 650.16 608.73 356.837 
112 534.197 646.155 607.685 357.898 
113 530.411 642.226 606.611 358.952 
114 526.743 638.372 605.51 360 
115 523.188 634.593 604.383 361.041 
116 519.738 630.884 603.234 362.074 
117 516.39 627.246 602.062 363.1 
118 513.14 623.676 600.871 364.117 
119 509.984 620.172 599.662 365.126 
120 506.917 616.733 598.436 366.126 
