/*--------------------------------*- C++ -*----------------------------------*\
  =========                 |
  \\      /  F ield         | OpenFOAM: The Open Source CFD Toolbox
   \\    /   O peration     | Website:  https://openfoam.org
    \\  /    A nd           | Version:  7
     \\/     M anipulation  |
\*---------------------------------------------------------------------------*/
FoamFile {
  version     2.0;
  format      ascii;
  class       labelList;
  location    "constant/tank/polyMesh";
  object      faceRegionAddressing;
}
// * * * * * * * * * * * * * * * * * * * * * * * * * * * * * * * * * * * * * //


272
(
    87
    88
    89
    176
    177
    178
    265
    266
    267
    354
    355
    356
    443
    444
    445
    532
    533
    534
    621
    622
    623
    710
    711
    712
    799
    800
    801
    888
    889
    890
    977
    978
    979
    1066
    1067
    1068
    1155
    1156
    1157
    1244
    1245
    1246
    1333
    1334
    1335
    1422
    1423
    1424
    1511
    1512
    1513
    1600
    1601
    1602
    1689
    1690
    1691
    1778
    1779
    1780
    1867
    1868
    1869
    1956
    1957
    1958
    2045
    2046
    2047
    2134
    2135
    2136
    2223
    2224
    2225
    2312
    2313
    2314
    2401
    2402
    2403
    2490
    2491
    2492
    2579
    2580
    2581
    2625
    2669
    2670
    2714
    2715
    2716
    2717
    2718
    2719
    2720
    2721
    2722
    2723
    2724
    2725
    2726
    2727
    2728
    2729
    2730
    2731
    2732
    2733
    2734
    2735
    2736
    2737
    2738
    2739
    2740
    2741
    2742
    2743
    2744
    2745
    4036
    4037
    4038
    4039
    4040
    4041
    4042
    4043
    4044
    4045
    4046
    4047
    4048
    4049
    4050
    4051
    4052
    4053
    4054
    4055
    4056
    4057
    4058
    4059
    4060
    4061
    4062
    4063
    4064
    4065
    4066
    4067
    4068
    4069
    4070
    4071
    4072
    4073
    4074
    4075
    4076
    4077
    4078
    4079
    4080
    4081
    4082
    4083
    4084
    4085
    4086
    4087
    4088
    4089
    4090
    4091
    4092
    4093
    4094
    4095
    5386
    5387
    5388
    5389
    5390
    5391
    5392
    5393
    5394
    5395
    5396
    5397
    5398
    5399
    5400
    5401
    5402
    5403
    5404
    5405
    5406
    5407
    5408
    5409
    5410
    5411
    5412
    5413
    5414
    5415
    5416
    5417
    5418
    5419
    5420
    5421
    5422
    5423
    5424
    5425
    5426
    5427
    5428
    5429
    5430
    5431
    5432
    5433
    5434
    5435
    5436
    5437
    5438
    5439
    5440
    5441
    5442
    5443
    5444
    5445
    -85
    -174
    -263
    -352
    -441
    -530
    -619
    -708
    -797
    -886
    -975
    -1064
    -1153
    -1242
    -1331
    -1420
    -1509
    -1598
    -1687
    -1776
    -1865
    -1954
    -2043
    -2132
    -2221
    -2310
    -2399
    -2488
    -2577
    -2624
)


// ************************************************************************* //
