/*--------------------------------*- C++ -*----------------------------------*\
  =========                 |
  \\      /  F ield         | OpenFOAM: The Open Source CFD Toolbox
   \\    /   O peration     | Website:  https://openfoam.org
    \\  /    A nd           | Version:  7
     \\/     M anipulation  |
\*---------------------------------------------------------------------------*/
FoamFile {
  version     2.0;
  format      ascii;
  class       faceList;
  location    "constant/tank/polyMesh";
  object      faces;
}
// * * * * * * * * * * * * * * * * * * * * * * * * * * * * * * * * * * * * * //


272
(
    4(1 4 10 7)
    4(6 7 10 9)
    4(7 8 11 10)
    4(7 10 16 13)
    4(12 13 16 15)
    4(13 14 17 16)
    4(13 16 22 19)
    4(18 19 22 21)
    4(19 20 23 22)
    4(19 22 28 25)
    4(24 25 28 27)
    4(25 26 29 28)
    4(25 28 34 31)
    4(30 31 34 33)
    4(31 32 35 34)
    4(31 34 40 37)
    4(36 37 40 39)
    4(37 38 41 40)
    4(37 40 46 43)
    4(42 43 46 45)
    4(43 44 47 46)
    4(43 46 52 49)
    4(48 49 52 51)
    4(49 50 53 52)
    4(49 52 58 55)
    4(54 55 58 57)
    4(55 56 59 58)
    4(55 58 64 61)
    4(60 61 64 63)
    4(61 62 65 64)
    4(61 64 70 67)
    4(66 67 70 69)
    4(67 68 71 70)
    4(67 70 76 73)
    4(72 73 76 75)
    4(73 74 77 76)
    4(73 76 82 79)
    4(78 79 82 81)
    4(79 80 83 82)
    4(79 82 88 85)
    4(84 85 88 87)
    4(85 86 89 88)
    4(85 88 94 91)
    4(90 91 94 93)
    4(91 92 95 94)
    4(91 94 100 97)
    4(96 97 100 99)
    4(97 98 101 100)
    4(97 100 106 103)
    4(102 103 106 105)
    4(103 104 107 106)
    4(103 106 112 109)
    4(108 109 112 111)
    4(109 110 113 112)
    4(109 112 118 115)
    4(114 115 118 117)
    4(115 116 119 118)
    4(115 118 124 121)
    4(120 121 124 123)
    4(121 122 125 124)
    4(121 124 130 127)
    4(126 127 130 129)
    4(127 128 131 130)
    4(127 130 136 133)
    4(132 133 136 135)
    4(133 134 137 136)
    4(133 136 142 139)
    4(138 139 142 141)
    4(139 140 143 142)
    4(139 142 148 145)
    4(144 145 148 147)
    4(145 146 149 148)
    4(145 148 154 151)
    4(150 151 154 153)
    4(151 152 155 154)
    4(151 154 160 157)
    4(156 157 160 159)
    4(157 158 161 160)
    4(157 160 166 163)
    4(162 163 166 165)
    4(163 164 167 166)
    4(163 166 172 169)
    4(168 169 172 171)
    4(169 170 173 172)
    4(169 172 178 175)
    4(174 175 178 177)
    4(175 176 179 178)
    4(175 178 184 181)
    4(180 181 184 183)
    4(181 182 185 184)
    4(0 3 4 1)
    4(1 4 5 2)
    4(2 5 11 8)
    4(8 11 17 14)
    4(14 17 23 20)
    4(20 23 29 26)
    4(26 29 35 32)
    4(32 35 41 38)
    4(38 41 47 44)
    4(44 47 53 50)
    4(50 53 59 56)
    4(56 59 65 62)
    4(62 65 71 68)
    4(68 71 77 74)
    4(74 77 83 80)
    4(80 83 89 86)
    4(86 89 95 92)
    4(92 95 101 98)
    4(98 101 107 104)
    4(104 107 113 110)
    4(110 113 119 116)
    4(116 119 125 122)
    4(122 125 131 128)
    4(128 131 137 134)
    4(134 137 143 140)
    4(140 143 149 146)
    4(146 149 155 152)
    4(152 155 161 158)
    4(158 161 167 164)
    4(164 167 173 170)
    4(170 173 179 176)
    4(176 179 185 182)
    4(0 1 7 6)
    4(6 7 13 12)
    4(12 13 19 18)
    4(18 19 25 24)
    4(24 25 31 30)
    4(30 31 37 36)
    4(36 37 43 42)
    4(42 43 49 48)
    4(48 49 55 54)
    4(54 55 61 60)
    4(60 61 67 66)
    4(66 67 73 72)
    4(72 73 79 78)
    4(78 79 85 84)
    4(84 85 91 90)
    4(90 91 97 96)
    4(96 97 103 102)
    4(102 103 109 108)
    4(108 109 115 114)
    4(114 115 121 120)
    4(120 121 127 126)
    4(126 127 133 132)
    4(132 133 139 138)
    4(138 139 145 144)
    4(144 145 151 150)
    4(150 151 157 156)
    4(156 157 163 162)
    4(162 163 169 168)
    4(168 169 175 174)
    4(174 175 181 180)
    4(1 2 8 7)
    4(7 8 14 13)
    4(13 14 20 19)
    4(19 20 26 25)
    4(25 26 32 31)
    4(31 32 38 37)
    4(37 38 44 43)
    4(43 44 50 49)
    4(49 50 56 55)
    4(55 56 62 61)
    4(61 62 68 67)
    4(67 68 74 73)
    4(73 74 80 79)
    4(79 80 86 85)
    4(85 86 92 91)
    4(91 92 98 97)
    4(97 98 104 103)
    4(103 104 110 109)
    4(109 110 116 115)
    4(115 116 122 121)
    4(121 122 128 127)
    4(127 128 134 133)
    4(133 134 140 139)
    4(139 140 146 145)
    4(145 146 152 151)
    4(151 152 158 157)
    4(157 158 164 163)
    4(163 164 170 169)
    4(169 170 176 175)
    4(175 176 182 181)
    4(3 9 10 4)
    4(9 15 16 10)
    4(15 21 22 16)
    4(21 27 28 22)
    4(27 33 34 28)
    4(33 39 40 34)
    4(39 45 46 40)
    4(45 51 52 46)
    4(51 57 58 52)
    4(57 63 64 58)
    4(63 69 70 64)
    4(69 75 76 70)
    4(75 81 82 76)
    4(81 87 88 82)
    4(87 93 94 88)
    4(93 99 100 94)
    4(99 105 106 100)
    4(105 111 112 106)
    4(111 117 118 112)
    4(117 123 124 118)
    4(123 129 130 124)
    4(129 135 136 130)
    4(135 141 142 136)
    4(141 147 148 142)
    4(147 153 154 148)
    4(153 159 160 154)
    4(159 165 166 160)
    4(165 171 172 166)
    4(171 177 178 172)
    4(177 183 184 178)
    4(4 10 11 5)
    4(10 16 17 11)
    4(16 22 23 17)
    4(22 28 29 23)
    4(28 34 35 29)
    4(34 40 41 35)
    4(40 46 47 41)
    4(46 52 53 47)
    4(52 58 59 53)
    4(58 64 65 59)
    4(64 70 71 65)
    4(70 76 77 71)
    4(76 82 83 77)
    4(82 88 89 83)
    4(88 94 95 89)
    4(94 100 101 95)
    4(100 106 107 101)
    4(106 112 113 107)
    4(112 118 119 113)
    4(118 124 125 119)
    4(124 130 131 125)
    4(130 136 137 131)
    4(136 142 143 137)
    4(142 148 149 143)
    4(148 154 155 149)
    4(154 160 161 155)
    4(160 166 167 161)
    4(166 172 173 167)
    4(172 178 179 173)
    4(178 184 185 179)
    4(0 6 9 3)
    4(6 12 15 9)
    4(12 18 21 15)
    4(18 24 27 21)
    4(24 30 33 27)
    4(30 36 39 33)
    4(36 42 45 39)
    4(42 48 51 45)
    4(48 54 57 51)
    4(54 60 63 57)
    4(60 66 69 63)
    4(66 72 75 69)
    4(72 78 81 75)
    4(78 84 87 81)
    4(84 90 93 87)
    4(90 96 99 93)
    4(96 102 105 99)
    4(102 108 111 105)
    4(108 114 117 111)
    4(114 120 123 117)
    4(120 126 129 123)
    4(126 132 135 129)
    4(132 138 141 135)
    4(138 144 147 141)
    4(144 150 153 147)
    4(150 156 159 153)
    4(156 162 165 159)
    4(162 168 171 165)
    4(168 174 177 171)
    4(174 180 183 177)
)


// ************************************************************************* //
