/*--------------------------------*- C++ -*----------------------------------*\
  =========                 |
  \\      /  F ield         | OpenFOAM: The Open Source CFD Toolbox
   \\    /   O peration     | Website:  https://openfoam.org
    \\  /    A nd           | Version:  7
     \\/     M anipulation  |
\*---------------------------------------------------------------------------*/
FoamFile {
  version     2.0;
  format      ascii;
  class       labelList;
  note        "nPoints:186  nCells:60  nFaces:272  nInternalFaces:88";
  location    "constant/tank/polyMesh";
  object      owner;
}
// * * * * * * * * * * * * * * * * * * * * * * * * * * * * * * * * * * * * * //


272
(
    0
    0
    1
    2
    2
    3
    4
    4
    5
    6
    6
    7
    8
    8
    9
    10
    10
    11
    12
    12
    13
    14
    14
    15
    16
    16
    17
    18
    18
    19
    20
    20
    21
    22
    22
    23
    24
    24
    25
    26
    26
    27
    28
    28
    29
    30
    30
    31
    32
    32
    33
    34
    34
    35
    36
    36
    37
    38
    38
    39
    40
    40
    41
    42
    42
    43
    44
    44
    45
    46
    46
    47
    48
    48
    49
    50
    50
    51
    52
    52
    53
    54
    54
    55
    56
    56
    57
    58
    58
    59
    0
    1
    1
    3
    5
    7
    9
    11
    13
    15
    17
    19
    21
    23
    25
    27
    29
    31
    33
    35
    37
    39
    41
    43
    45
    47
    49
    51
    53
    55
    57
    59
    0
    2
    4
    6
    8
    10
    12
    14
    16
    18
    20
    22
    24
    26
    28
    30
    32
    34
    36
    38
    40
    42
    44
    46
    48
    50
    52
    54
    56
    58
    1
    3
    5
    7
    9
    11
    13
    15
    17
    19
    21
    23
    25
    27
    29
    31
    33
    35
    37
    39
    41
    43
    45
    47
    49
    51
    53
    55
    57
    59
    0
    2
    4
    6
    8
    10
    12
    14
    16
    18
    20
    22
    24
    26
    28
    30
    32
    34
    36
    38
    40
    42
    44
    46
    48
    50
    52
    54
    56
    58
    1
    3
    5
    7
    9
    11
    13
    15
    17
    19
    21
    23
    25
    27
    29
    31
    33
    35
    37
    39
    41
    43
    45
    47
    49
    51
    53
    55
    57
    59
    0
    2
    4
    6
    8
    10
    12
    14
    16
    18
    20
    22
    24
    26
    28
    30
    32
    34
    36
    38
    40
    42
    44
    46
    48
    50
    52
    54
    56
    58
)


// ************************************************************************* //
