/*--------------------------------*- C++ -*----------------------------------*\
  =========                 |
  \\      /  F ield         | OpenFOAM: The Open Source CFD Toolbox
   \\    /   O peration     | Website:  https://openfoam.org
    \\  /    A nd           | Version:  7
     \\/     M anipulation  |
\*---------------------------------------------------------------------------*/
FoamFile {
  version     2.0;
  format      ascii;
  class       vectorField;
  location    "constant/tank/polyMesh";
  object      points;
}
// * * * * * * * * * * * * * * * * * * * * * * * * * * * * * * * * * * * * * //


186
(
    (0.419683354417 -0.0183237709769 0)
    (0.422203674517 -0.0184338105289 0)
    (0.424595494172 -0.0185382396303 0)
    (0.419683354417 0.0183237709769 0)
    (0.422203674517 0.0184338105289 0)
    (0.424595494172 0.0185382396303 0)
    (0.419683354417 -0.0183237709769 0.01)
    (0.422203674517 -0.0184338105289 0.01)
    (0.424595494172 -0.0185382396303 0.01)
    (0.419683354417 0.0183237709769 0.01)
    (0.422203674517 0.0184338105289 0.01)
    (0.424595494172 0.0185382396303 0.01)
    (0.419683354417 -0.0183237709769 0.02)
    (0.422203674517 -0.0184338105289 0.02)
    (0.424595494172 -0.0185382396303 0.02)
    (0.419683354417 0.0183237709769 0.02)
    (0.422203674517 0.0184338105289 0.02)
    (0.424595494172 0.0185382396303 0.02)
    (0.419683354417 -0.0183237709769 0.03)
    (0.422203674517 -0.0184338105289 0.03)
    (0.424595494172 -0.0185382396303 0.03)
    (0.419683354417 0.0183237709769 0.03)
    (0.422203674517 0.0184338105289 0.03)
    (0.424595494172 0.0185382396303 0.03)
    (0.419683354417 -0.0183237709769 0.04)
    (0.422203674517 -0.0184338105289 0.04)
    (0.424595494172 -0.0185382396303 0.04)
    (0.419683354417 0.0183237709769 0.04)
    (0.422203674517 0.0184338105289 0.04)
    (0.424595494172 0.0185382396303 0.04)
    (0.419683354417 -0.0183237709769 0.05)
    (0.422203674517 -0.0184338105289 0.05)
    (0.424595494172 -0.0185382396303 0.05)
    (0.419683354417 0.0183237709769 0.05)
    (0.422203674517 0.0184338105289 0.05)
    (0.424595494172 0.0185382396303 0.05)
    (0.419683354417 -0.0183237709769 0.06)
    (0.422203674517 -0.0184338105289 0.06)
    (0.424595494172 -0.0185382396303 0.06)
    (0.419683354417 0.0183237709769 0.06)
    (0.422203674517 0.0184338105289 0.06)
    (0.424595494172 0.0185382396303 0.06)
    (0.419683354417 -0.0183237709769 0.07)
    (0.422203674517 -0.0184338105289 0.07)
    (0.424595494172 -0.0185382396303 0.07)
    (0.419683354417 0.0183237709769 0.07)
    (0.422203674517 0.0184338105289 0.07)
    (0.424595494172 0.0185382396303 0.07)
    (0.419683354417 -0.0183237709769 0.08)
    (0.422203674517 -0.0184338105289 0.08)
    (0.424595494172 -0.0185382396303 0.08)
    (0.419683354417 0.0183237709769 0.08)
    (0.422203674517 0.0184338105289 0.08)
    (0.424595494172 0.0185382396303 0.08)
    (0.419683354417 -0.0183237709769 0.09)
    (0.422203674517 -0.0184338105289 0.09)
    (0.424595494172 -0.0185382396303 0.09)
    (0.419683354417 0.0183237709769 0.09)
    (0.422203674517 0.0184338105289 0.09)
    (0.424595494172 0.0185382396303 0.09)
    (0.419683354417 -0.0183237709769 0.1)
    (0.422203674517 -0.0184338105289 0.1)
    (0.424595494172 -0.0185382396303 0.1)
    (0.419683354417 0.0183237709769 0.1)
    (0.422203674517 0.0184338105289 0.1)
    (0.424595494172 0.0185382396303 0.1)
    (0.419683354417 -0.0183237709769 0.11)
    (0.422203674517 -0.0184338105289 0.11)
    (0.424595494172 -0.0185382396303 0.11)
    (0.419683354417 0.0183237709769 0.11)
    (0.422203674517 0.0184338105289 0.11)
    (0.424595494172 0.0185382396303 0.11)
    (0.419683354417 -0.0183237709769 0.12)
    (0.422203674517 -0.0184338105289 0.12)
    (0.424595494172 -0.0185382396303 0.12)
    (0.419683354417 0.0183237709769 0.12)
    (0.422203674517 0.0184338105289 0.12)
    (0.424595494172 0.0185382396303 0.12)
    (0.419683354417 -0.0183237709769 0.13)
    (0.422203674517 -0.0184338105289 0.13)
    (0.424595494172 -0.0185382396303 0.13)
    (0.419683354417 0.0183237709769 0.13)
    (0.422203674517 0.0184338105289 0.13)
    (0.424595494172 0.0185382396303 0.13)
    (0.419683354417 -0.0183237709769 0.14)
    (0.422203674517 -0.0184338105289 0.14)
    (0.424595494172 -0.0185382396303 0.14)
    (0.419683354417 0.0183237709769 0.14)
    (0.422203674517 0.0184338105289 0.14)
    (0.424595494172 0.0185382396303 0.14)
    (0.419683354417 -0.0183237709769 0.15)
    (0.422203674517 -0.0184338105289 0.15)
    (0.424595494172 -0.0185382396303 0.15)
    (0.419683354417 0.0183237709769 0.15)
    (0.422203674517 0.0184338105289 0.15)
    (0.424595494172 0.0185382396303 0.15)
    (0.419683354417 -0.0183237709769 0.16)
    (0.422203674517 -0.0184338105289 0.16)
    (0.424595494172 -0.0185382396303 0.16)
    (0.419683354417 0.0183237709769 0.16)
    (0.422203674517 0.0184338105289 0.16)
    (0.424595494172 0.0185382396303 0.16)
    (0.419683354417 -0.0183237709769 0.17)
    (0.422203674517 -0.0184338105289 0.17)
    (0.424595494172 -0.0185382396303 0.17)
    (0.419683354417 0.0183237709769 0.17)
    (0.422203674517 0.0184338105289 0.17)
    (0.424595494172 0.0185382396303 0.17)
    (0.419683354417 -0.0183237709769 0.18)
    (0.422203674517 -0.0184338105289 0.18)
    (0.424595494172 -0.0185382396303 0.18)
    (0.419683354417 0.0183237709769 0.18)
    (0.422203674517 0.0184338105289 0.18)
    (0.424595494172 0.0185382396303 0.18)
    (0.419683354417 -0.0183237709769 0.19)
    (0.422203674517 -0.0184338105289 0.19)
    (0.424595494172 -0.0185382396303 0.19)
    (0.419683354417 0.0183237709769 0.19)
    (0.422203674517 0.0184338105289 0.19)
    (0.424595494172 0.0185382396303 0.19)
    (0.419683354417 -0.0183237709769 0.2)
    (0.422203674517 -0.0184338105289 0.2)
    (0.424595494172 -0.0185382396303 0.2)
    (0.419683354417 0.0183237709769 0.2)
    (0.422203674517 0.0184338105289 0.2)
    (0.424595494172 0.0185382396303 0.2)
    (0.419683354417 -0.0183237709769 0.21)
    (0.422203674517 -0.0184338105289 0.21)
    (0.424595494172 -0.0185382396303 0.21)
    (0.419683354417 0.0183237709769 0.21)
    (0.422203674517 0.0184338105289 0.21)
    (0.424595494172 0.0185382396303 0.21)
    (0.419683354417 -0.0183237709769 0.22)
    (0.422203674517 -0.0184338105289 0.22)
    (0.424595494172 -0.0185382396303 0.22)
    (0.419683354417 0.0183237709769 0.22)
    (0.422203674517 0.0184338105289 0.22)
    (0.424595494172 0.0185382396303 0.22)
    (0.419683354417 -0.0183237709769 0.23)
    (0.422203674517 -0.0184338105289 0.23)
    (0.424595494172 -0.0185382396303 0.23)
    (0.419683354417 0.0183237709769 0.23)
    (0.422203674517 0.0184338105289 0.23)
    (0.424595494172 0.0185382396303 0.23)
    (0.419683354417 -0.0183237709769 0.24)
    (0.422203674517 -0.0184338105289 0.24)
    (0.424595494172 -0.0185382396303 0.24)
    (0.419683354417 0.0183237709769 0.24)
    (0.422203674517 0.0184338105289 0.24)
    (0.424595494172 0.0185382396303 0.24)
    (0.419683354417 -0.0183237709769 0.25)
    (0.422203674517 -0.0184338105289 0.25)
    (0.424595494172 -0.0185382396303 0.25)
    (0.419683354417 0.0183237709769 0.25)
    (0.422203674517 0.0184338105289 0.25)
    (0.424595494172 0.0185382396303 0.25)
    (0.419683354417 -0.0183237709769 0.26)
    (0.422203674517 -0.0184338105289 0.26)
    (0.424595494172 -0.0185382396303 0.26)
    (0.419683354417 0.0183237709769 0.26)
    (0.422203674517 0.0184338105289 0.26)
    (0.424595494172 0.0185382396303 0.26)
    (0.419683354417 -0.0183237709769 0.27)
    (0.422203674517 -0.0184338105289 0.27)
    (0.424595494172 -0.0185382396303 0.27)
    (0.419683354417 0.0183237709769 0.27)
    (0.422203674517 0.0184338105289 0.27)
    (0.424595494172 0.0185382396303 0.27)
    (0.419683354417 -0.0183237709769 0.28)
    (0.422203674517 -0.0184338105289 0.28)
    (0.424595494172 -0.0185382396303 0.28)
    (0.419683354417 0.0183237709769 0.28)
    (0.422203674517 0.0184338105289 0.28)
    (0.424595494172 0.0185382396303 0.28)
    (0.419683354417 -0.0183237709769 0.29)
    (0.422203674517 -0.0184338105289 0.29)
    (0.424595494172 -0.0185382396303 0.29)
    (0.419683354417 0.0183237709769 0.29)
    (0.422203674517 0.0184338105289 0.29)
    (0.424595494172 0.0185382396303 0.29)
    (0.419683354417 -0.0183237709769 0.3)
    (0.422203674517 -0.0184338105289 0.3)
    (0.424595494172 -0.0185382396303 0.3)
    (0.419683354417 0.0183237709769 0.3)
    (0.422203674517 0.0184338105289 0.3)
    (0.424595494172 0.0185382396303 0.3)
)


// ************************************************************************* //
