FoamFile {
  version     2.0;
  format      ascii;
  class       faceSet;
  location    "constant/polyMesh/sets";
  object      vc-2-boundaryFaces;
}

3996
(
    49842 49843 49844 49845 49846 49847 49848 49849 49850 49851
    49852 49853 49854 49855 49856 49857 49858 49859 49860 49861
    49862 49863 49864 49865 49866 49867 49868 49869 49870 49871
    49872 49873 49874 49875 49876 49877 49878 49879 49880 49881
    49882 49883 49884 49885 49886 49887 49888 49889 49890 49891
    49892 49893 49894 49895 49896 49897 49898 49899 49900 49901
    49902 49903 49904 49905 49906 49907 49908 49909 49910 49911
    49912 49913 49914 49915 49916 49917 49918 49919 49920 49921
    49922 49923 49924 49925 49926 49927 49928 49929 49930 49931
    49932 49933 49934 49935 49936 49937 49938 49939 49940 49941
    49942 49943 49944 49945 49946 49947 49948 49949 49950 49951
    49952 49953 49954 49955 49956 49957 49958 49959 49960 49961
    49962 49963 49964 49965 49966 49967 49968 49969 49970 49971
    49972 49973 49974 49975 49976 49977 49978 49979 49980 49981
    49982 49983 49984 49985 49986 49987 49988 49989 49990 49991
    49992 49993 49994 49995 49996 49997 49998 49999 50000 50001
    50002 50003 50004 50005 50006 50007 50008 50009 50010 50011
    50012 50013 50014 50015 50016 50017 50018 50019 50020 50021
    50022 50023 50024 50025 50026 50027 50028 50029 50030 50031
    50032 50033 50034 50035 50036 50037 50038 50039 50040 50041
    50042 50043 50044 50045 50046 50047 50048 50049 50050 50051
    50052 50053 50054 50055 50056 50057 50058 50059 50060 50061
    50062 50063 50064 50065 50066 50067 50068 50069 50070 50071
    50072 50073 50074 50075 50076 50077 50078 50079 50080 50081
    50082 50083 50084 50085 50086 50087 50088 50089 50090 50091
    50092 50093 50094 50095 50096 50097 50098 50099 50100 50101
    50102 50103 50104 50105 50106 50107 50108 50109 50110 50111
    50112 50113 50114 50115 50116 50117 50118 50119 50120 50121
    50122 50123 50124 50125 50126 50127 50128 50129 50130 50131
    50132 50133 50134 50135 50136 50137 50138 50139 50140 50141
    50142 50143 50144 50145 50146 50147 50148 50149 50150 50151
    50152 50153 50154 50155 50156 50157 50158 50159 50160 50161
    50162 50163 50164 50165 50166 50167 50168 50169 50170 50171
    50172 50173 50174 50175 50176 50177 50178 50179 50180 50181
    50182 50183 50184 50185 50186 50187 50188 50189 50190 50191
    50192 50193 50194 50195 50196 50197 50198 50199 50200 50201
    50202 50203 50204 50205 50206 50207 50208 50209 50210 50211
    50212 50213 50214 50215 50216 50217 50218 50219 50220 50221
    50222 50223 50224 50225 50226 50227 50228 50229 50230 50231
    50232 50233 50234 50235 50236 50237 50238 50239 50240 50241
    50242 50243 50244 50245 50246 50247 50248 50249 50250 50251
    50252 50253 50254 50255 50256 50257 50258 50259 50260 50261
    50262 50263 50264 50265 50266 50267 50268 50269 50270 50271
    50272 50273 50274 50275 50276 50277 50278 50279 50280 50281
    50282 50283 50284 50285 50286 50287 50288 50289 50290 50291
    50292 50293 50294 50295 50296 50297 50298 50299 50300 50301
    50302 50303 50304 50305 50306 50307 50308 50309 50310 50311
    50312 50313 50314 50315 50316 50317 50318 50319 50320 50321
    50322 50323 50324 50325 50326 50327 50328 50329 50330 50331
    50332 50333 50334 50335 50336 50337 50338 50339 50340 50341
    50342 50343 50344 50345 50346 50347 50348 50349 50350 50351
    50352 50353 50354 50355 50356 50357 50358 50359 50360 50361
    50362 50363 50364 50365 50366 50367 50368 50369 50370 50371
    50372 50373 50374 50375 50376 50377 50378 50379 50380 50381
    50382 50383 50384 50385 50386 50387 50388 50389 50390 50391
    50392 50393 50394 50395 50396 50397 50398 50399 50400 50401
    50402 50403 50404 50405 50406 50407 50408 50409 50410 50411
    50412 50413 50414 50415 50416 50417 50418 50419 50420 50421
    50422 50423 50424 50425 50426 50427 50428 50429 50430 50431
    50432 50433 50434 50435 50436 50437 50438 50439 50440 50441
    50442 50443 50444 50445 50446 50447 50448 50449 50450 50451
    50452 50453 50454 50455 50456 50457 50458 50459 50460 50461
    50462 50463 50464 50465 50466 50467 50468 50469 50470 50471
    50472 50473 50474 50475 50476 50477 50478 50479 50480 50481
    50482 50483 50484 50485 50486 50487 50488 50489 50490 50491
    50492 50493 50494 50495 50496 50497 50498 50499 50500 50501
    50502 50503 50504 50505 50506 50507 50508 50509 50510 50511
    50512 50513 50514 50515 50516 50517 50518 50519 50520 50521
    50522 50523 50524 50525 50526 50527 50528 50529 50530 50531
    50532 50533 50534 50535 50536 50537 50538 50539 50540 50541
    50542 50543 50544 50545 50546 50547 50548 50549 50550 50551
    50552 50553 50554 50555 50556 50557 50558 50559 50560 50561
    50562 50563 50564 50565 50566 50567 50568 50569 50570 50571
    50572 50573 50574 50575 50576 50577 50578 50579 50580 50581
    50582 50583 50584 50585 50586 50587 50588 50589 50590 50591
    50592 50593 50594 50595 50596 50597 50598 50599 50600 50601
    50602 50603 50604 50605 50606 50607 50608 50609 50610 50611
    50612 50613 50614 50615 50616 50617 50618 50619 50620 50621
    50622 50623 50624 50625 50626 50627 50628 50629 50630 50631
    50632 50633 50634 50635 50636 50637 50638 50639 50640 50641
    50642 50643 50644 50645 50646 50647 50648 50649 50650 50651
    50652 50653 50654 50655 50656 50657 50658 50659 50660 50661
    50662 50663 50664 50665 50666 50667 50668 50669 50670 50671
    50672 50673 50674 50675 50676 50677 50678 50679 50680 50681
    50682 50683 50684 50685 50686 50687 50688 50689 50690 50691
    50692 50693 50694 50695 50696 50697 50698 50699 50700 50701
    50702 50703 50704 50705 50706 50707 50708 50709 50710 50711
    50712 50713 50714 50715 50716 50717 50718 50719 50720 50721
    50722 50723 50724 50725 50726 50727 50728 50729 50730 50731
    50732 50733 50734 50735 50736 50737 50738 50739 50740 50741
    50742 50743 50744 50745 50746 50747 50748 50749 50750 50751
    50752 50753 50754 50755 50756 50757 50758 50759 50760 50761
    50762 50763 50764 50765 50766 50767 50768 50769 50770 50771
    50772 50773 50774 50775 50776 50777 50778 50779 50780 50781
    50782 50783 50784 50785 50786 50787 50788 50789 50790 50791
    50792 50793 50794 50795 50796 50797 50798 50799 50800 50801
    50802 50803 50804 50805 50806 50807 50808 50809 50810 50811
    50812 50813 50814 50815 50816 50817 50818 50819 50820 50821
    50822 50823 50824 50825 50826 50827 50828 50829 50830 50831
    50832 50833 50834 50835 50836 50837 50838 50839 50840 50841
    50842 50843 50844 50845 50846 50847 50848 50849 50850 50851
    50852 50853 50854 50855 50856 50857 50858 50859 50860 50861
    50862 50863 50864 50865 50866 50867 50868 50869 50870 50871
    50872 50873 50874 50875 50876 50877 50878 50879 50880 50881
    50882 50883 50884 50885 50886 50887 50888 50889 50890 50891
    50892 50893 50894 50895 50896 50897 50898 50899 50900 50901
    50902 50903 50904 50905 50906 50907 50908 50909 50910 50911
    50912 50913 50914 50915 50916 50917 50918 50919 50920 50921
    50922 50923 50924 50925 50926 50927 50928 50929 50930 50931
    50932 50933 50934 50935 50936 50937 50938 50939 50940 50941
    50942 50943 50944 50945 50946 50947 50948 50949 50950 50951
    50952 50953 50954 50955 50956 50957 50958 50959 50960 50961
    50962 50963 50964 50965 50966 50967 50968 50969 50970 50971
    50972 50973 50974 50975 50976 50977 50978 50979 50980 50981
    50982 50983 50984 50985 50986 50987 50988 50989 50990 50991
    50992 50993 50994 50995 50996 50997 50998 50999 51000 51001
    51002 51003 51004 51005 51006 51007 51008 51009 51010 51011
    51012 51013 51014 51015 51016 51017 51018 51019 51020 51021
    51022 51023 51024 51025 51026 51027 51028 51029 51030 51031
    51032 51033 51034 51035 51036 51037 51038 51039 51040 51041
    51042 51043 51044 51045 51046 51047 51048 51049 51050 51051
    51052 51053 51054 51055 51056 51057 51058 51059 51060 51061
    51062 51063 51064 51065 51066 51067 51068 51069 51070 51071
    51072 51073 51074 51075 51076 51077 51078 51079 51080 51081
    51082 51083 51084 51085 51086 51087 51088 51089 51090 51091
    51092 51093 51094 51095 51096 51097 51098 51099 51100 51101
    51102 51103 51104 51105 51106 51107 51108 51109 51110 51111
    51112 51113 51114 51115 51116 51117 51118 51119 51120 51121
    51122 51123 51124 51125 51126 51127 51128 51129 51130 51131
    51132 51133 51134 51135 51136 51137 51138 51139 51140 51141
    51142 51143 51144 51145 51146 51147 51148 51149 51150 51151
    51152 51153 51154 51155 51156 51157 51158 51159 51160 51161
    51162 51163 51164 51165 51166 51167 51168 51169 51170 51171
    51172 51173 51174 51175 51176 51177 51178 51179 51180 51181
    51182 51183 51184 51185 51186 51187 51188 51189 51190 51191
    51192 51193 51194 51195 51196 51197 51198 51199 51200 51201
    51202 51203 51204 51205 51206 51207 51208 51209 51210 51211
    51212 51213 51214 51215 51216 51217 51218 51219 51220 51221
    51222 51223 51224 51225 51226 51227 51228 51229 51230 51231
    51232 51233 51234 51235 51236 51237 51238 51239 51240 51241
    51242 51243 51244 51245 51246 51247 51248 51249 51250 51251
    51252 51253 51254 51255 51256 51257 51258 51259 51260 51261
    51262 51263 51264 51265 51266 51267 51268 51269 51270 51271
    51272 51273 51274 51275 51276 51277 51278 51279 51280 51281
    51282 51283 51284 51285 51286 51287 51288 51289 51290 51291
    51292 51293 51294 51295 51296 51297 51298 51299 51300 51301
    51302 51303 51304 51305 51306 51307 51308 51309 51310 51311
    51312 51313 51314 51315 51316 51317 51318 51319 51320 51321
    51322 51323 51324 51325 51326 51327 51328 51329 51330 51331
    51332 51333 51334 51335 51336 51337 51338 51339 51340 51341
    51342 51343 51344 51345 51346 51347 51348 51349 51350 51351
    51352 51353 51354 51355 51356 51357 51358 51359 51360 51361
    51362 51363 51364 51365 51366 51367 51368 51369 51370 51371
    51372 51373 51374 51375 51376 51377 51378 51379 51380 51381
    51382 51383 51384 51385 51386 51387 51388 51389 51390 51391
    51392 51393 51394 51395 51396 51397 51398 51399 51400 51401
    51402 51403 51404 51405 51406 51407 51408 51409 51410 51411
    51412 51413 51414 51415 51416 51417 51418 51419 51420 51421
    51422 51423 51424 51425 51426 51427 51428 51429 51430 51431
    51432 51433 51434 51435 51436 51437 51438 51439 51440 51441
    51442 51443 51444 51445 51446 51447 51448 51449 51450 51451
    51452 51453 51454 51455 51456 51457 51458 51459 51460 51461
    51462 51463 51464 51465 51466 51467 51468 51469 51470 51471
    51472 51473 51474 51475 51476 51477 51478 51479 51480 51481
    51482 51483 51484 51485 51486 51487 51488 51489 51490 51491
    51492 51493 51494 51495 51496 51497 51498 51499 51500 51501
    51502 51503 51504 51505 51506 51507 51508 51509 51510 51511
    51512 51513 51514 51515 51516 51517 51518 51519 51520 51521
    51522 51523 51524 51525 51526 51527 51528 51529 51530 51531
    51532 51533 51534 51535 51536 51537 51538 51539 51540 51541
    51542 51543 51544 51545 51546 51547 51548 51549 51550 51551
    51552 51553 51554 51555 51556 51557 51558 51559 51560 51561
    51562 51563 51564 51565 51566 51567 51568 51569 51570 51571
    51572 51573 51574 51575 51576 51577 51578 51579 51580 51581
    51582 51583 51584 51585 51586 51587 51588 51589 51590 51591
    51592 51593 51594 51595 51596 51597 51598 51599 51600 51601
    51602 51603 51604 51605 51606 51607 51608 51609 51610 51611
    51612 51613 51614 51615 51616 51617 51618 51619 51620 51621
    51622 51623 51624 51625 51626 51627 51628 51629 51630 51631
    51632 51633 51634 51635 51636 51637 51638 51639 51640 51641
    51642 51643 51644 51645 51646 51647 51648 51649 51650 51651
    51652 51653 51654 51655 51656 51657 51658 51659 51660 51661
    51662 51663 51664 51665 51666 51667 51668 51669 51670 51671
    51672 51673 51674 51675 51676 51677 51678 51679 51680 51681
    51682 51683 51684 51685 51686 51687 51688 51689 51690 51691
    51692 51693 51694 51695 51696 51697 51698 51699 51700 51701
    51702 51703 51704 51705 51706 51707 51708 51709 51710 51711
    51712 51713 51714 51715 51716 51717 51718 51719 51720 51721
    51722 51723 51724 51725 51726 51727 51728 51729 51730 51731
    51732 51733 51734 51735 51736 51737 51738 51739 51740 51741
    51742 51743 51744 51745 51746 51747 51748 51749 51750 51751
    51752 51753 51754 51755 51756 51757 51758 51759 51760 51761
    51762 51763 51764 51765 51766 51767 51768 51769 51770 51771
    51772 51773 51774 51775 51776 51777 51778 51779 51780 51781
    51782 51783 51784 51785 51786 51787 51788 51789 51790 51791
    51792 51793 51794 51795 51796 51797 51798 51799 51800 51801
    51802 51803 51804 51805 51806 51807 51808 51809 51810 51811
    51812 51813 51814 51815 51816 51817 51818 51819 51820 51821
    51822 51823 51824 51825 51826 51827 51828 51829 51830 51831
    51832 51833 51834 51835 51836 51837 51838 51839 51840 51841
    51842 51843 51844 51845 51846 51847 51848 51849 51850 51851
    51852 51853 51854 51855 51856 51857 51858 51859 51860 51861
    51862 51863 51864 51865 51866 51867 51868 51869 51870 51871
    51872 51873 51874 51875 51876 51877 51878 51879 51880 51881
    51882 51883 51884 51885 51886 51887 51888 51889 51890 51891
    51892 51893 51894 51895 51896 51897 51898 51899 51900 51901
    51902 51903 51904 51905 51906 51907 51908 51909 51910 51911
    51912 51913 51914 51915 51916 51917 51918 51919 51920 51921
    51922 51923 51924 51925 51926 51927 51928 51929 51930 51931
    51932 51933 51934 51935 51936 51937 51938 51939 51940 51941
    51942 51943 51944 51945 51946 51947 51948 51949 51950 51951
    51952 51953 51954 51955 51956 51957 51958 51959 51960 51961
    51962 51963 51964 51965 51966 51967 51968 51969 51970 51971
    51972 51973 51974 51975 51976 51977 51978 51979 51980 51981
    51982 51983 51984 51985 51986 51987 51988 51989 51990 51991
    51992 51993 51994 51995 51996 51997 51998 51999 52000 52001
    52002 52003 52004 52005 52006 52007 52008 52009 52010 52011
    52012 52013 52014 52015 52016 52017 52018 52019 52020 52021
    52022 52023 52024 52025 52026 52027 52028 52029 52030 52031
    52032 52033 52034 52035 52036 52037 52038 52039 52040 52041
    52042 52043 52044 52045 52046 52047 52048 52049 52050 52051
    52052 52053 52054 52055 52056 52057 52058 52059 52060 52061
    52062 52063 52064 52065 52066 52067 52068 52069 52070 52071
    52072 52073 52074 52075 52076 52077 52078 52079 52080 52081
    52082 52083 52084 52085 52086 52087 52088 52089 52090 52091
    52092 52093 52094 52095 52096 52097 52098 52099 52100 52101
    52102 52103 52104 52105 52106 52107 52108 52109 52110 52111
    52112 52113 52114 52115 52116 52117 52118 52119 52120 52121
    52122 52123 52124 52125 52126 52127 52128 52129 52130 52131
    52132 52133 52134 52135 52136 52137 52138 52139 52140 52141
    52142 52143 52144 52145 52146 52147 52148 52149 52150 52151
    52152 52153 52154 52155 52156 52157 52158 52159 52160 52161
    52162 52163 52164 52165 52166 52167 52168 52169 52170 52171
    52172 52173 52174 52175 52176 52177 52178 52179 52180 52181
    52182 52183 52184 52185 52186 52187 52188 52189 52190 52191
    52192 52193 52194 52195 52196 52197 52198 52199 52200 52201
    52202 52203 52204 52205 52206 52207 52208 52209 52210 52211
    52212 52213 52214 52215 52216 52217 52218 52219 52220 52221
    52222 52223 52224 52225 52226 52227 52228 52229 52230 52231
    52232 52233 52234 52235 52236 52237 52238 52239 52240 52241
    52242 52243 52244 52245 52246 52247 52248 52249 52250 52251
    52252 52253 52254 52255 52256 52257 52258 52259 52260 52261
    52262 52263 52264 52265 52266 52267 52268 52269 52270 52271
    52272 52273 52274 52275 52276 52277 52278 52279 52280 52281
    52282 52283 52284 52285 52286 52287 52288 52289 52290 52291
    52292 52293 52294 52295 52296 52297 52298 52299 52300 52301
    52302 52303 52304 52305 52306 52307 52308 52309 52310 52311
    52312 52313 52314 52315 52316 52317 52318 52319 52320 52321
    52322 52323 52324 52325 52326 52327 52328 52329 52330 52331
    52332 52333 52334 52335 52336 52337 52338 52339 52340 52341
    52342 52343 52344 52345 52346 52347 52348 52349 52350 52351
    52352 52353 52354 52355 52356 52357 52358 52359 52360 52361
    52362 52363 52364 52365 52366 52367 52368 52369 52370 52371
    52372 52373 52374 52375 52376 52377 52378 52379 52380 52381
    52382 52383 52384 52385 52386 52387 52388 52389 52390 52391
    52392 52393 52394 52395 52396 52397 52398 52399 52400 52401
    52402 52403 52404 52405 52406 52407 52408 52409 52410 52411
    52412 52413 52414 52415 52416 52417 52418 52419 52420 52421
    52422 52423 52424 52425 52426 52427 52428 52429 52430 52431
    52432 52433 52434 52435 52436 52437 52438 52439 52440 52441
    52442 52443 52444 52445 52446 52447 52448 52449 52450 52451
    52452 52453 52454 52455 52456 52457 52458 52459 52460 52461
    52462 52463 52464 52465 52466 52467 52468 52469 52470 52471
    52472 52473 52474 52475 52476 52477 52478 52479 52480 52481
    52482 52483 52484 52485 52486 52487 52488 52489 52490 52491
    52492 52493 52494 52495 52496 52497 52498 52499 52500 52501
    52502 52503 52504 52505 52506 52507 52508 52509 52510 52511
    52512 52513 52514 52515 52516 52517 52518 52519 52520 52521
    52522 52523 52524 52525 52526 52527 52528 52529 52530 52531
    52532 52533 52534 52535 52536 52537 52538 52539 52540 52541
    52542 52543 52544 52545 52546 52547 52548 52549 52550 52551
    52552 52553 52554 52555 52556 52557 52558 52559 52560 52561
    52562 52563 52564 52565 52566 52567 52568 52569 52570 52571
    52572 52573 52574 52575 52576 52577 52578 52579 52580 52581
    52582 52583 52584 52585 52586 52587 52588 52589 52590 52591
    52592 52593 52594 52595 52596 52597 52598 52599 52600 52601
    52602 52603 52604 52605 52606 52607 52608 52609 52610 52611
    52612 52613 52614 52615 52616 52617 52618 52619 52620 52621
    52622 52623 52624 52625 52626 52627 52628 52629 52630 52631
    52632 52633 52634 52635 52636 52637 52638 52639 52640 52641
    52642 52643 52644 52645 52646 52647 52648 52649 52650 52651
    52652 52653 52654 52655 52656 52657 52658 52659 52660 52661
    52662 52663 52664 52665 52666 52667 52668 52669 52670 52671
    52672 52673 52674 52675 52676 52677 52678 52679 52680 52681
    52682 52683 52684 52685 52686 52687 52688 52689 52690 52691
    52692 52693 52694 52695 52696 52697 52698 52699 52700 52701
    52702 52703 52704 52705 52706 52707 52708 52709 52710 52711
    52712 52713 52714 52715 52716 52717 52718 52719 52720 52721
    52722 52723 52724 52725 52726 52727 52728 52729 52730 52731
    52732 52733 52734 52735 52736 52737 52738 52739 52740 52741
    52742 52743 52744 52745 52746 52747 52748 52749 52750 52751
    52752 52753 52754 52755 52756 52757 52758 52759 52760 52761
    52762 52763 52764 52765 52766 52767 52768 52769 52770 52771
    52772 52773 52774 52775 52776 52777 52778 52779 52780 52781
    52782 52783 52784 52785 52786 52787 52788 52789 52790 52791
    52792 52793 52794 52795 52796 52797 52798 52799 52800 52801
    52802 52803 52804 52805 52806 52807 52808 52809 52810 52811
    52812 52813 52814 52815 52816 52817 52818 52819 52820 52821
    52822 52823 52824 52825 52826 52827 52828 52829 52830 52831
    52832 52833 52834 52835 52836 52837 52838 52839 52840 52841
    52842 52843 52844 52845 52846 52847 52848 52849 52850 52851
    52852 52853 52854 52855 52856 52857 52858 52859 52860 52861
    52862 52863 52864 52865 52866 52867 52868 52869 52870 52871
    52872 52873 52874 52875 52876 52877 52878 52879 52880 52881
    52882 52883 52884 52885 52886 52887 52888 52889 52890 52891
    52892 52893 52894 52895 52896 52897 52898 52899 52900 52901
    52902 52903 52904 52905 52906 52907 52908 52909 52910 52911
    52912 52913 52914 52915 52916 52917 52918 52919 52920 52921
    52922 52923 52924 52925 52926 52927 52928 52929 52930 52931
    52932 52933 52934 52935 52936 52937 52938 52939 52940 52941
    52942 52943 52944 52945 52946 52947 52948 52949 52950 52951
    52952 52953 52954 52955 52956 52957 52958 52959 52960 52961
    52962 52963 52964 52965 52966 52967 52968 52969 52970 52971
    52972 52973 52974 52975 52976 52977 52978 52979 52980 52981
    52982 52983 52984 52985 52986 52987 52988 52989 52990 52991
    52992 52993 52994 52995 52996 52997 52998 52999 53000 53001
    53002 53003 53004 53005 53006 53007 53008 53009 53010 53011
    53012 53013 53014 53015 53016 53017 53018 53019 53020 53021
    53022 53023 53024 53025 53026 53027 53028 53029 53030 53031
    53032 53033 53034 53035 53036 53037 53038 53039 53040 53041
    53042 53043 53044 53045 53046 53047 53048 53049 53050 53051
    53052 53053 53054 53055 53056 53057 53058 53059 53060 53061
    53062 53063 53064 53065 53066 53067 53068 53069 53070 53071
    53072 53073 53074 53075 53076 53077 53078 53079 53080 53081
    53082 53083 53084 53085 53086 53087 53088 53089 53090 53091
    53092 53093 53094 53095 53096 53097 53098 53099 53100 53101
    53102 53103 53104 53105 53106 53107 53108 53109 53110 53111
    53112 53113 53114 53115 53116 53117 53118 53119 53120 53121
    53122 53123 53124 53125 53126 53127 53128 53129 53130 53131
    53132 53133 53134 53135 53136 53137 53138 53139 53140 53141
    53142 53143 53144 53145 53146 53147 53148 53149 53150 53151
    53152 53153 53154 53155 53156 53157 53158 53159 53160 53161
    53162 53163 53164 53165 53166 53167 53168 53169 53170 53171
    53172 53173 53174 53175 53176 53177 53178 53179 53180 53181
    53182 53183 53184 53185 53186 53187 53188 53189 53190 53191
    53192 53193 53194 53195 53196 53197 53198 53199 53200 53201
    53202 53203 53204 53205 53206 53207 53208 53209 53210 53211
    53212 53213 53214 53215 53216 53217 53218 53219 53220 53221
    53222 53223 53224 53225 53226 53227 53228 53229 53230 53231
    53232 53233 53234 53235 53236 53237 53238 53239 53240 53241
    53242 53243 53244 53245 53246 53247 53248 53249 53250 53251
    53252 53253 53254 53255 53256 53257 53258 53259 53260 53261
    53262 53263 53264 53265 53266 53267 53268 53269 53270 53271
    53272 53273 53274 53275 53276 53277 53278 53279 53280 53281
    53282 53283 53284 53285 53286 53287 53288 53289 53290 53291
    53292 53293 53294 53295 53296 53297 53298 53299 53300 53301
    53302 53303 53304 53305 53306 53307 53308 53309 53310 53311
    53312 53313 53314 53315 53316 53317 53318 53319 53320 53321
    53322 53323 53324 53325 53326 53327 53328 53329 53330 53331
    53332 53333 53334 53335 53336 53337 53338 53339 53340 53341
    53342 53343 53344 53345 53346 53347 53348 53349 53350 53351
    53352 53353 53354 53355 53356 53357 53358 53359 53360 53361
    53362 53363 53364 53365 53366 53367 53368 53369 53370 53371
    53372 53373 53374 53375 53376 53377 53378 53379 53380 53381
    53382 53383 53384 53385 53386 53387 53388 53389 53390 53391
    53392 53393 53394 53395 53396 53397 53398 53399 53400 53401
    53402 53403 53404 53405 53406 53407 53408 53409 53410 53411
    53412 53413 53414 53415 53416 53417 53418 53419 53420 53421
    53422 53423 53424 53425 53426 53427 53428 53429 53430 53431
    53432 53433 53434 53435 53436 53437 53438 53439 53440 53441
    53442 53443 53444 53445 53446 53447 53448 53449 53450 53451
    53452 53453 53454 53455 53456 53457 53458 53459 53460 53461
    53462 53463 53464 53465 53466 53467 53468 53469 53470 53471
    53472 53473 53474 53475 53476 53477 53478 53479 53480 53481
    53482 53483 53484 53485 53486 53487 53488 53489 53490 53491
    53492 53493 53494 53495 53496 53497 53498 53499 53500 53501
    53502 53503 53504 53505 53506 53507 53508 53509 53510 53511
    53512 53513 53514 53515 53516 53517 53518 53519 53520 53521
    53522 53523 53524 53525 53526 53527 53528 53529 53530 53531
    53532 53533 53534 53535 53536 53537 53538 53539 53540 53541
    53542 53543 53544 53545 53546 53547 53548 53549 53550 53551
    53552 53553 53554 53555 53556 53557 53558 53559 53560 53561
    53562 53563 53564 53565 53566 53567 53568 53569 53570 53571
    53572 53573 53574 53575 53576 53577 53578 53579 53580 53581
    53582 53583 53584 53585 53586 53587 53588 53589 53590 53591
    53592 53593 53594 53595 53596 53597 53598 53599 53600 53601
    53602 53603 53604 53605 53606 53607 53608 53609 53610 53611
    53612 53613 53614 53615 53616 53617 53618 53619 53620 53621
    53622 53623 53624 53625 53626 53627 53628 53629 53630 53631
    53632 53633 53634 53635 53636 53637 53638 53639 53640 53641
    53642 53643 53644 53645 53646 53647 53648 53649 53650 53651
    53652 53653 53654 53655 53656 53657 53658 53659 53660 53661
    53662 53663 53664 53665 53666 53667 53668 53669 53670 53671
    53672 53673 53674 53675 53676 53677 53678 53679 53680 53681
    53682 53683 53684 53685 53686 53687 53688 53689 53690 53691
    53692 53693 53694 53695 53696 53697 53698 53699 53700 53701
    53702 53703 53704 53705 53706 53707 53708 53709 53710 53711
    53712 53713 53714 53715 53716 53717 53718 53719 53720 53721
    53722 53723 53724 53725 53726 53727 53728 53729 53730 53731
    53732 53733 53734 53735 53736 53737 53738 53739 53740 53741
    53742 53743 53744 53745 53746 53747 53748 53749 53750 53751
    53752 53753 53754 53755 53756 53757 53758 53759 53760 53761
    53762 53763 53764 53765 53766 53767 53768 53769 53770 53771
    53772 53773 53774 53775 53776 53777 53778 53779 53780 53781
    53782 53783 53784 53785 53786 53787 53788 53789 53790 53791
    53792 53793 53794 53795 53796 53797 53798 53799 53800 53801
    53802 53803 53804 53805 53806 53807 53808 53809 53810 53811
    53812 53813 53814 53815 53816 53817 53818 53819 53820 53821
    53822 53823 53824 53825 53826 53827 53828 53829 53830 53831
    53832 53833 53834 53835 53836 53837
)
