t (s) 	surface	0.049m	0.048m	0.046m	0.042m	0.038m	0.034m	0.026m	bottom
0  280  280  280  280  280  280  280  280    280  
0.1  261.126  280  280  280  280  280  280  280    280  
0.2  232.86  280  280  280  280  280  280  280    280  
0.3  228.841  279.995  280  280  280  280  280  280    280  
0.4  227.052  279.932  280  280  280  280  280  280    280  
0.5  226  279.662  280  280  280  280  280  280    280  
0.6  225.293  278.992  280  280  280  280  280  280    280  
0.7  224.779  277.781  280  280  280  280  280  280    280  
0.8  224.383  275.996  279.999  280  280  280  280  280    280  
0.9  224.068  273.686  279.997  280  280  280  280  280    280  
1  223.81  270.941  279.992  280  280  280  280  280    280  
1.1  223.593  267.863  279.981  280  280  280  280  280    280  
1.2  223.408  264.553  279.959  280  280  280  280  280    280  
1.3  223.248  261.118  279.92  280  280  280  280  280    280  
1.4  223.107  257.67  279.856  280  280  280  280  280    280  
1.5  222.983  254.325  279.758  280  280  280  280  280    280  
1.6  222.872  251.185  279.616  280  280  280  280  280    280  
1.7  222.772  248.316  279.42  280  280  280  280  280    280  
1.8  222.681  245.747  279.161  280  280  280  280  280    280  
1.9  222.598  243.476  278.832  280  280  280  280  280    280  
2  222.523  241.484  278.427  280  280  280  280  280    280  
2.1  222.453  239.742  277.944  280  280  280  280  280    280  
2.2  222.389  238.218  277.384  280  280  280  280  280    280  
2.3  222.329  236.882  276.751  280  280  280  280  280    280  
2.4  222.273  235.708  276.051  280  280  280  280  280    280  
2.5  222.221  234.671  275.292  280  280  280  280  280    280  
2.6  222.172  233.752  274.483  279.999  280  280  280  280    280  
2.7  222.127  232.934  273.633  279.999  280  280  280  280    280  
2.8  222.084  232.202  272.749  279.999  280  280  280  280    280  
2.9  222.043  231.545  271.838  279.998  280  280  280  280    280  
3  222.005  230.953  270.907  279.997  280  280  280  280    280  
3.1  221.968  230.416  269.958  279.996  280  280  280  280    280  
3.2  221.934  229.928  268.993  279.995  280  280  280  280    280  
3.3  221.901  229.484  268.014  279.993  280  280  280  280    280  
3.4  221.869  229.076  267.019  279.991  280  280  280  280    280  
3.5  221.84  228.703  266.009  279.988  280  280  280  280    280  
3.6  221.811  228.358  264.981  279.984  280  280  280  280    280  
3.7  221.784  228.041  263.935  279.979  280  280  280  280    280  
3.8  221.758  227.746  262.871  279.973  280  280  280  280    280  
3.9  221.733  227.473  261.788  279.965  280  280  280  280    280  
4  221.709  227.219  260.687  279.956  280  280  280  280    280  
4.1  221.686  226.981  259.572  279.945  280  280  280  280    280  
4.2  221.664  226.76  258.445  279.932  280  280  280  280    280  
4.3  221.642  226.552  257.309  279.917  280  280  280  280    280  
4.4  221.622  226.357  256.171  279.899  280  280  280  280    280  
4.5  221.602  226.174  255.034  279.877  280  280  280  280    280  
4.6  221.583  226.002  253.903  279.853  280  280  280  280    280  
4.7  221.564  225.839  252.784  279.824  280  280  280  280    280  
4.8  221.546  225.685  251.683  279.791  280  280  280  280    280  
4.9  221.529  225.54  250.602  279.754  280  280  280  280    280  
5  221.512  225.402  249.546  279.711  280  280  280  280    280  
5.1  221.496  225.271  248.518  279.663  280  280  280  280    280  
5.2  221.48  225.147  247.521  279.61  280  280  280  280    280  
5.3  221.465  225.029  246.558  279.549  280  280  280  280    280  
5.4  221.45  224.917  245.628  279.482  280  280  280  280    280  
5.5  221.436  224.81  244.734  279.408  280  280  280  280    280  
5.6  221.422  224.708  243.875  279.327  280  280  280  280    280  
5.7  221.408  224.61  243.051  279.237  280  280  280  280    280  
5.8  221.395  224.516  242.263  279.139  280  280  280  280    280  
5.9  221.382  224.427  241.51  279.032  280  280  280  280    280  
6  221.37  224.341  240.79  278.916  280  280  280  280    280  
6.1  221.358  224.259  240.103  278.791  280  280  280  280    280  
6.2  221.346  224.181  239.447  278.656  280  280  280  280    280  
6.3  221.334  224.105  238.822  278.512  280  280  280  280    280  
6.4  221.323  224.032  238.226  278.358  280  280  280  280    280  
6.5  221.312  223.962  237.658  278.194  280  280  280  280    280  
6.6  221.301  223.895  237.116  278.02  280  280  280  280    280  
6.7  221.291  223.83  236.6  277.836  280  280  280  280    280  
6.8  221.28  223.767  236.107  277.643  280  280  280  280    280  
6.9  221.27  223.707  235.638  277.439  280  280  280  280    280  
7  221.261  223.649  235.19  277.226  280  280  280  280    280  
7.1  221.251  223.593  234.762  277.004  280  280  280  280    280  
7.2  221.242  223.538  234.354  276.773  280  280  280  280    280  
7.3  221.233  223.486  233.964  276.533  280  280  280  280    280  
7.4  221.224  223.435  233.591  276.285  280  280  280  280    280  
7.5  221.215  223.386  233.235  276.029  280  280  280  280    280  
7.6  221.206  223.338  232.894  275.765  280  280  280  280    280  
7.7  221.198  223.292  232.568  275.495  280  280  280  280    280  
7.8  221.19  223.247  232.256  275.218  280  280  280  280    280  
7.9  221.181  223.204  231.957  274.935  280  280  280  280    280  
8  221.174  223.162  231.671  274.646  280  280  280  280    280  
8.1  221.166  223.121  231.396  274.353  280  280  280  280    280  
8.2  221.158  223.081  231.132  274.055  280  280  280  280    280  
8.3  221.151  223.042  230.879  273.753  280  280  280  280    280  
8.4  221.143  223.005  230.636  273.447  280  280  280  280    280  
8.5  221.136  222.968  230.402  273.138  280  280  280  280    280  
8.6  221.129  222.933  230.178  272.827  280  280  280  280    280  
8.7  221.122  222.898  229.962  272.514  280  280  280  280    280  
8.8  221.115  222.865  229.754  272.199  280  280  280  280    280  
8.9  221.109  222.832  229.554  271.883  280  280  280  280    280  
9  221.102  222.8  229.361  271.566  279.999  280  280  280    280  
9.1  221.096  222.769  229.175  271.248  279.999  280  280  280    280  
9.2  221.089  222.739  228.996  270.931  279.999  280  280  280    280  
9.3  221.083  222.709  228.823  270.613  279.999  280  280  280    280  
9.4  221.077  222.68  228.656  270.295  279.999  280  280  280    280  
9.5  221.071  222.652  228.495  269.978  279.999  280  280  280    280  
9.6  221.065  222.625  228.339  269.662  279.999  280  280  280    280  
9.7  221.059  222.598  228.189  269.346  279.999  280  280  280    280  
9.8  221.053  222.571  228.043  269.032  279.999  280  280  280    280  
9.9  221.048  222.546  227.902  268.719  279.999  280  280  280    280  
10  221.042  222.521  227.766  268.406  279.998  280  280  280    280  
10.1  221.036  222.496  227.634  268.096  279.998  280  280  280    280  
10.2  221.031  222.472  227.507  267.786  279.998  280  280  280    280  
10.3  221.026  222.449  227.383  267.478  279.998  280  280  280    280  
10.4  221.02  222.426  227.263  267.171  279.998  280  280  280    280  
10.5  221.015  222.404  227.147  266.866  279.997  280  280  280    280  
10.6  221.01  222.382  227.034  266.562  279.997  280  280  280    280  
10.7  221.005  222.36  226.924  266.259  279.997  280  280  280    280  
10.8  221  222.339  226.818  265.957  279.996  280  280  280    280  
10.9  220.995  222.319  226.715  265.656  279.996  280  280  280    280  
11  220.991  222.299  226.614  265.356  279.996  280  280  280    280  
11.1  220.986  222.279  226.517  265.057  279.995  280  280  280    280  
11.2  220.981  222.26  226.422  264.759  279.995  280  280  280    280  
11.3  220.977  222.241  226.33  264.461  279.994  280  280  280    280  
11.4  220.972  222.222  226.241  264.164  279.994  280  280  280    280  
11.5  220.968  222.204  226.153  263.867  279.993  280  280  280    280  
11.6  220.963  222.186  226.069  263.571  279.992  280  280  280    280  
11.7  220.959  222.168  225.986  263.274  279.991  280  280  280    280  
11.8  220.954  222.151  225.905  262.978  279.991  280  280  280    280  
11.9  220.95  222.134  225.827  262.681  279.99  280  280  280    280  
12  220.946  222.117  225.751  262.384  279.989  280  280  280    280  
12.1  220.942  222.101  225.676  262.087  279.988  280  280  280    280  
12.2  220.938  222.085  225.604  261.789  279.987  280  280  280    280  
12.3  220.934  222.069  225.533  261.49  279.986  280  280  280    280  
12.4  220.93  222.054  225.464  261.19  279.984  280  280  280    280  
12.5  220.926  222.039  225.396  260.89  279.983  280  280  280    280  
12.6  220.922  222.024  225.331  260.588  279.982  280  280  280    280  
12.7  220.918  222.009  225.266  260.286  279.98  280  280  280    280  
12.8  220.914  221.995  225.204  259.982  279.978  280  280  280    280  
12.9  220.911  221.981  225.142  259.677  279.977  280  280  280    280  
13  220.907  221.967  225.083  259.37  279.975  280  280  280    280  
13.1  220.903  221.953  225.024  259.062  279.973  280  280  280    280  
13.2  220.9  221.939  224.967  258.753  279.971  280  280  280    280  
13.3  220.896  221.926  224.911  258.442  279.968  280  280  280    280  
13.4  220.893  221.913  224.856  258.13  279.966  280  280  280    280  
13.5  220.889  221.9  224.803  257.816  279.963  280  280  280    280  
13.6  220.886  221.888  224.751  257.501  279.96  280  280  280    280  
13.7  220.882  221.875  224.699  257.185  279.957  280  280  280    280  
13.8  220.879  221.863  224.649  256.867  279.954  280  280  280    280  
13.9  220.875  221.851  224.6  256.547  279.951  280  280  280    280  
14  220.872  221.839  224.552  256.226  279.947  280  280  280    280  
14.1  220.869  221.827  224.505  255.904  279.944  280  280  280    280  
14.2  220.866  221.816  224.459  255.581  279.94  280  280  280    280  
14.3  220.862  221.805  224.414  255.257  279.935  280  280  280    280  
14.4  220.859  221.793  224.37  254.931  279.931  280  280  280    280  
14.5  220.856  221.782  224.327  254.605  279.926  280  280  280    280  
14.6  220.853  221.771  224.284  254.277  279.921  280  280  280    280  
14.7  220.85  221.761  224.243  253.949  279.916  280  280  280    280  
14.8  220.847  221.75  224.202  253.621  279.911  280  280  280    280  
14.9  220.844  221.74  224.162  253.292  279.905  280  280  280    280  
15  220.841  221.73  224.122  252.962  279.898  280  280  280    280  
15.1  220.838  221.72  224.084  252.633  279.892  280  280  280    280  
15.2  220.835  221.71  224.046  252.303  279.885  280  280  280    280  
15.3  220.832  221.7  224.009  251.973  279.878  280  280  280    280  
15.4  220.83  221.69  223.973  251.644  279.87  280  280  280    280  
15.5  220.827  221.681  223.937  251.315  279.863  280  280  280    280  
15.6  220.824  221.671  223.902  250.986  279.854  280  280  280    280  
15.7  220.821  221.662  223.867  250.658  279.845  280  280  280    280  
15.8  220.818  221.653  223.833  250.331  279.836  280  280  280    280  
15.9  220.816  221.644  223.8  250.004  279.827  280  280  280    280  
16  220.813  221.635  223.767  249.679  279.817  280  280  280    280  
16.1  220.81  221.626  223.735  249.354  279.806  280  280  280    280  
16.2  220.808  221.617  223.704  249.031  279.795  280  280  280    280  
16.3  220.805  221.609  223.673  248.71  279.784  280  280  280    280  
16.4  220.803  221.6  223.642  248.39  279.772  280  280  280    280  
16.5  220.8  221.592  223.612  248.072  279.759  280  280  280    280  
16.6  220.798  221.584  223.583  247.755  279.746  280  280  280    280  
16.7  220.795  221.575  223.554  247.441  279.732  280  280  280    280  
16.8  220.793  221.567  223.525  247.129  279.718  280  280  280    280  
16.9  220.79  221.559  223.497  246.818  279.703  280  280  280    280  
17  220.788  221.552  223.47  246.51  279.687  280  280  280    280  
17.1  220.785  221.544  223.443  246.205  279.671  280  280  280    280  
17.2  220.783  221.536  223.416  245.902  279.654  280  280  280    280  
17.3  220.78  221.529  223.39  245.601  279.637  280  280  280    280  
17.4  220.778  221.521  223.364  245.303  279.619  280  280  280    280  
17.5  220.776  221.514  223.339  245.007  279.6  280  280  280    280  
17.6  220.773  221.506  223.313  244.715  279.58  280  280  280    280  
17.7  220.771  221.499  223.289  244.425  279.56  280  280  280    280  
17.8  220.769  221.492  223.265  244.138  279.539  280  280  280    280  
17.9  220.767  221.485  223.241  243.854  279.517  280  280  280    280  
18  220.764  221.478  223.217  243.573  279.494  280  280  280    280  
18.1  220.762  221.471  223.194  243.295  279.471  280  280  280    280  
18.2  220.76  221.464  223.171  243.02  279.446  280  280  280    280  
18.3  220.758  221.457  223.148  242.748  279.421  280  280  280    280  
18.4  220.756  221.451  223.126  242.479  279.395  280  280  280    280  
18.5  220.754  221.444  223.104  242.214  279.368  280  280  280    280  
18.6  220.751  221.438  223.083  241.952  279.34  280  280  280    280  
18.7  220.749  221.431  223.062  241.693  279.311  280  280  280    280  
18.8  220.747  221.425  223.041  241.437  279.281  279.999  280  280    280  
18.9  220.745  221.419  223.02  241.184  279.25  279.999  280  280    280  
19  220.743  221.412  223  240.935  279.219  279.999  280  280    280  
19.1  220.741  221.406  222.98  240.689  279.186  279.999  280  280    280  
19.2  220.739  221.4  222.96  240.446  279.152  279.999  280  280    280  
19.3  220.737  221.394  222.94  240.206  279.117  279.999  280  280    280  
19.4  220.735  221.388  222.921  239.969  279.082  279.999  280  280    280  
19.5  220.733  221.382  222.902  239.736  279.045  279.999  280  280    280  
19.6  220.731  221.376  222.883  239.506  279.007  279.999  280  280    280  
19.7  220.729  221.37  222.865  239.279  278.968  279.999  280  280    280  
19.8  220.727  221.365  222.847  239.055  278.927  279.999  280  280    280  
19.9  220.725  221.359  222.829  238.835  278.886  279.999  280  280    280  
20  220.723  221.353  222.811  238.617  278.844  279.999  280  280    280  
20.1  220.722  221.348  222.794  238.403  278.8  279.999  280  280    280  
20.2  220.72  221.342  222.776  238.192  278.755  279.999  280  280    280  
20.3  220.718  221.337  222.759  237.984  278.71  279.999  280  280    280  
20.4  220.716  221.332  222.742  237.779  278.663  279.999  280  280    280  
20.5  220.714  221.326  222.726  237.577  278.614  279.999  280  280    280  
20.6  220.712  221.321  222.709  237.378  278.565  279.999  280  280    280  
20.7  220.711  221.316  222.693  237.181  278.514  279.999  280  280    280  
20.8  220.709  221.311  222.677  236.988  278.462  279.998  280  280    280  
20.9  220.707  221.305  222.661  236.798  278.409  279.998  280  280    280  
21  220.705  221.3  222.646  236.61  278.355  279.998  280  280    280  
21.1  220.704  221.295  222.63  236.426  278.3  279.998  280  280    280  
21.2  220.702  221.29  222.615  236.244  278.243  279.998  280  280    280  
21.3  220.7  221.285  222.6  236.065  278.185  279.998  280  280    280  
21.4  220.698  221.28  222.585  235.888  278.126  279.998  280  280    280  
21.5  220.697  221.276  222.571  235.715  278.065  279.998  280  280    280  
21.6  220.695  221.271  222.556  235.544  278.003  279.998  280  280    280  
21.7  220.693  221.266  222.542  235.375  277.94  279.998  280  280    280  
21.8  220.692  221.261  222.528  235.209  277.876  279.997  280  280    280  
21.9  220.69  221.257  222.514  235.046  277.811  279.997  280  280    280  
22  220.688  221.252  222.5  234.885  277.744  279.997  280  280    280  
22.1  220.687  221.247  222.486  234.726  277.676  279.997  280  280    280  
22.2  220.685  221.243  222.473  234.57  277.607  279.997  280  280    280  
22.3  220.684  221.238  222.46  234.417  277.536  279.997  280  280    280  
22.4  220.682  221.234  222.446  234.265  277.465  279.997  280  280    280  
22.5  220.68  221.23  222.433  234.116  277.392  279.996  280  280    280  
22.6  220.679  221.225  222.42  233.97  277.318  279.996  280  280    280  
22.7  220.677  221.221  222.408  233.825  277.243  279.996  280  280    280  
22.8  220.676  221.217  222.395  233.683  277.166  279.996  280  280    280  
22.9  220.674  221.212  222.383  233.543  277.088  279.996  280  280    280  
23  220.673  221.208  222.37  233.405  277.009  279.995  280  280    280  
23.1  220.671  221.204  222.358  233.269  276.929  279.995  280  280    280  
23.2  220.67  221.2  222.346  233.135  276.848  279.995  280  280    280  
23.3  220.668  221.196  222.334  233.004  276.766  279.995  280  280    280  
23.4  220.667  221.191  222.322  232.874  276.682  279.994  280  280    280  
23.5  220.665  221.187  222.311  232.746  276.598  279.994  280  280    280  
23.6  220.664  221.183  222.299  232.62  276.512  279.994  280  280    280  
23.7  220.662  221.179  222.288  232.496  276.425  279.994  280  280    280  
23.8  220.661  221.175  222.277  232.374  276.338  279.993  280  280    280  
23.9  220.659  221.172  222.265  232.254  276.249  279.993  280  280    280  
24  220.658  221.168  222.254  232.135  276.159  279.993  280  280    280  
24.1  220.656  221.164  222.243  232.018  276.068  279.992  280  280    280  
24.2  220.655  221.16  222.233  231.903  275.976  279.992  280  280    280  
24.3  220.654  221.156  222.222  231.79  275.883  279.992  280  280    280  
24.4  220.652  221.152  222.211  231.679  275.789  279.991  280  280    280  
24.5  220.651  221.149  222.201  231.569  275.694  279.991  280  280    280  
24.6  220.65  221.145  222.19  231.46  275.599  279.99  280  280    280  
24.7  220.648  221.141  222.18  231.354  275.502  279.99  280  280    280  
24.8  220.647  221.138  222.17  231.248  275.405  279.99  280  280    280  
24.9  220.645  221.134  222.16  231.145  275.306  279.989  280  280    280  
25  220.644  221.131  222.15  231.043  275.207  279.989  280  280    280  
25.1  220.643  221.127  222.14  230.942  275.107  279.988  280  280    280  
25.2  220.641  221.123  222.13  230.843  275.007  279.988  280  280    280  
25.3  220.64  221.12  222.121  230.745  274.905  279.987  280  280    280  
25.4  220.639  221.116  222.111  230.649  274.803  279.987  280  280    280  
25.5  220.637  221.113  222.102  230.554  274.7  279.986  280  280    280  
25.6  220.636  221.11  222.092  230.46  274.596  279.985  280  280    280  
25.7  220.635  221.106  222.083  230.368  274.492  279.985  280  280    280  
25.8  220.634  221.103  222.074  230.277  274.387  279.984  280  280    280  
25.9  220.632  221.1  222.065  230.188  274.282  279.983  280  280    280  
26  220.631  221.096  222.056  230.099  274.176  279.983  280  280    280  
26.1  220.63  221.093  222.047  230.012  274.069  279.982  280  280    280  
26.2  220.629  221.09  222.038  229.926  273.962  279.981  280  280    280  
26.3  220.627  221.086  222.029  229.841  273.855  279.981  280  280    280  
26.4  220.626  221.083  222.02  229.758  273.746  279.98  280  280    280  
26.5  220.625  221.08  222.012  229.676  273.638  279.979  280  280    280  
26.6  220.624  221.077  222.003  229.594  273.529  279.978  280  280    280  
26.7  220.622  221.074  221.995  229.514  273.419  279.977  280  280    280  
26.8  220.621  221.071  221.986  229.435  273.31  279.976  280  280    280  
26.9  220.62  221.067  221.978  229.357  273.2  279.975  280  280    280  
27  220.619  221.064  221.97  229.28  273.089  279.974  280  280    280  
27.1  220.618  221.061  221.962  229.205  272.978  279.973  280  280    280  
27.2  220.616  221.058  221.953  229.13  272.867  279.972  280  280    280  
27.3  220.615  221.055  221.945  229.056  272.756  279.971  280  280    280  
27.4  220.614  221.052  221.938  228.983  272.645  279.97  280  280    280  
27.5  220.613  221.049  221.93  228.911  272.533  279.969  280  280    280  
27.6  220.612  221.046  221.922  228.84  272.421  279.968  280  280    280  
27.7  220.611  221.043  221.914  228.771  272.309  279.966  280  280    280  
27.8  220.61  221.041  221.907  228.702  272.197  279.965  280  280    280  
27.9  220.608  221.038  221.899  228.633  272.084  279.964  280  280    280  
28  220.607  221.035  221.891  228.566  271.972  279.963  280  280    280  
28.1  220.606  221.032  221.884  228.5  271.859  279.961  280  280    280  
28.2  220.605  221.029  221.877  228.434  271.747  279.96  280  280    280  
28.3  220.604  221.026  221.869  228.37  271.634  279.958  280  280    280  
28.4  220.603  221.024  221.862  228.306  271.522  279.957  280  280    280  
28.5  220.602  221.021  221.855  228.243  271.409  279.955  280  280    280  
28.6  220.601  221.018  221.848  228.181  271.296  279.953  280  280    280  
28.7  220.6  221.015  221.841  228.12  271.184  279.952  280  280    280  
28.8  220.598  221.013  221.834  228.059  271.071  279.95  280  280    280  
28.9  220.597  221.01  221.827  227.999  270.959  279.948  280  280    280  
29  220.596  221.007  221.82  227.94  270.847  279.946  280  280    280  
29.1  220.595  221.005  221.813  227.882  270.734  279.944  280  280    280  
29.2  220.594  221.002  221.806  227.824  270.622  279.942  280  280    280  
29.3  220.593  220.999  221.799  227.768  270.51  279.94  280  280    280  
29.4  220.592  220.997  221.793  227.711  270.399  279.938  280  280    280  
29.5  220.591  220.994  221.786  227.656  270.287  279.936  280  280    280  
29.6  220.59  220.992  221.779  227.601  270.176  279.934  280  280    280  
29.7  220.589  220.989  221.773  227.547  270.064  279.932  280  280    280  
29.8  220.588  220.986  221.766  227.494  269.954  279.929  280  280    280  
29.9  220.587  220.984  221.76  227.441  269.843  279.927  280  280    280  
30  220.586  220.981  221.754  227.389  269.732  279.924  280  280    280  
30.1  220.585  220.979  221.747  227.337  269.622  279.922  280  280    280  
30.2  220.584  220.977  221.741  227.286  269.512  279.919  280  280    280  
30.3  220.583  220.974  221.735  227.236  269.402  279.916  280  280    280  
30.4  220.582  220.972  221.729  227.186  269.293  279.914  280  280    280  
30.5  220.581  220.969  221.723  227.137  269.184  279.911  280  280    280  
30.6  220.58  220.967  221.717  227.089  269.075  279.908  280  280    280  
30.7  220.579  220.964  221.711  227.041  268.967  279.905  280  280    280  
30.8  220.578  220.962  221.705  226.993  268.859  279.902  280  280    280  
30.9  220.577  220.96  221.699  226.947  268.751  279.898  280  280    280  
31  220.576  220.957  221.693  226.9  268.643  279.895  280  280    280  
31.1  220.575  220.955  221.687  226.855  268.536  279.892  280  280    280  
31.2  220.574  220.953  221.681  226.809  268.43  279.888  280  280    280  
31.3  220.573  220.95  221.675  226.765  268.323  279.885  280  280    280  
31.4  220.572  220.948  221.67  226.721  268.217  279.881  280  280    280  
31.5  220.571  220.946  221.664  226.677  268.112  279.877  280  280    280  
31.6  220.57  220.944  221.658  226.634  268.006  279.873  279.999  280    280  
31.7  220.569  220.941  221.653  226.591  267.902  279.87  279.999  280    280  
31.8  220.569  220.939  221.647  226.549  267.797  279.865  279.999  280    280  
31.9  220.568  220.937  221.642  226.507  267.693  279.861  279.999  280    280  
32  220.567  220.935  221.636  226.466  267.59  279.857  279.999  280    280  
32.1  220.566  220.932  221.631  226.425  267.486  279.853  279.999  280    280  
32.2  220.565  220.93  221.626  226.385  267.383  279.848  279.999  280    280  
32.3  220.564  220.928  221.62  226.345  267.281  279.844  279.999  280    280  
32.4  220.563  220.926  221.615  226.306  267.179  279.839  279.999  280    280  
32.5  220.562  220.924  221.61  226.267  267.078  279.834  279.999  280    280  
32.6  220.561  220.922  221.605  226.228  266.976  279.829  279.999  280    280  
32.7  220.56  220.919  221.599  226.19  266.876  279.824  279.999  280    280  
32.8  220.56  220.917  221.594  226.152  266.776  279.819  279.999  280    280  
32.9  220.559  220.915  221.589  226.115  266.676  279.813  279.999  280    280  
33  220.558  220.913  221.584  226.078  266.576  279.808  279.999  280    280  
33.1  220.557  220.911  221.579  226.041  266.477  279.802  279.999  280    280  
33.2  220.556  220.909  221.574  226.005  266.379  279.797  279.999  280    280  
33.3  220.555  220.907  221.569  225.969  266.281  279.791  279.999  280    280  
33.4  220.554  220.905  221.564  225.934  266.183  279.785  279.999  280    280  
33.5  220.553  220.903  221.559  225.899  266.086  279.779  279.999  280    280  
33.6  220.553  220.901  221.555  225.864  265.989  279.772  279.999  280    280  
33.7  220.552  220.899  221.55  225.83  265.892  279.766  279.999  280    280  
33.8  220.551  220.897  221.545  225.796  265.796  279.759  279.999  280    280  
33.9  220.55  220.895  221.54  225.762  265.701  279.753  279.999  280    280  
34  220.549  220.893  221.535  225.729  265.606  279.746  279.999  280    280  
34.1  220.548  220.891  221.531  225.696  265.511  279.739  279.999  280    280  
34.2  220.548  220.889  221.526  225.664  265.417  279.731  279.999  280    280  
34.3  220.547  220.887  221.521  225.632  265.323  279.724  279.999  280    280  
34.4  220.546  220.885  221.517  225.6  265.229  279.716  279.999  280    280  
34.5  220.545  220.883  221.512  225.568  265.136  279.709  279.999  280    280  
34.6  220.544  220.881  221.508  225.537  265.044  279.701  279.999  280    280  
34.7  220.543  220.88  221.503  225.506  264.951  279.693  279.999  280    280  
34.8  220.543  220.878  221.499  225.475  264.859  279.685  279.999  280    280  
34.9  220.542  220.876  221.494  225.445  264.768  279.676  279.999  280    280  
35  220.541  220.874  221.49  225.415  264.677  279.668  279.998  280    280  
35.1  220.54  220.872  221.486  225.385  264.586  279.659  279.998  280    280  
35.2  220.539  220.87  221.481  225.356  264.496  279.65  279.998  280    280  
35.3  220.539  220.868  221.477  225.327  264.406  279.641  279.998  280    280  
35.4  220.538  220.867  221.473  225.298  264.316  279.632  279.998  280    280  
35.5  220.537  220.865  221.468  225.27  264.227  279.622  279.998  280    280  
35.6  220.536  220.863  221.464  225.241  264.138  279.612  279.998  280    280  
35.7  220.536  220.861  221.46  225.213  264.05  279.602  279.998  280    280  
35.8  220.535  220.859  221.456  225.186  263.962  279.592  279.998  280    280  
35.9  220.534  220.858  221.452  225.158  263.874  279.582  279.998  280    280  
36  220.533  220.856  221.448  225.131  263.787  279.571  279.998  280    280  
36.1  220.532  220.854  221.443  225.104  263.7  279.561  279.998  280    280  
36.2  220.532  220.852  221.439  225.077  263.613  279.55  279.998  280    280  
36.3  220.531  220.851  221.435  225.051  263.527  279.538  279.998  280    280  
36.4  220.53  220.849  221.431  225.025  263.441  279.527  279.998  280    280  
36.5  220.529  220.847  221.427  224.999  263.355  279.515  279.998  280    280  
36.6  220.529  220.846  221.423  224.973  263.27  279.504  279.997  280    280  
36.7  220.528  220.844  221.419  224.948  263.185  279.492  279.997  280    280  
36.8  220.527  220.842  221.415  224.923  263.1  279.479  279.997  280    280  
36.9  220.526  220.84  221.412  224.898  263.015  279.467  279.997  280    280  
37  220.526  220.839  221.408  224.873  262.931  279.454  279.997  280    280  
37.1  220.525  220.837  221.404  224.848  262.847  279.441  279.997  280    280  
37.2  220.524  220.836  221.4  224.824  262.764  279.428  279.997  280    280  
37.3  220.524  220.834  221.396  224.8  262.68  279.414  279.997  280    280  
37.4  220.523  220.832  221.392  224.776  262.597  279.4  279.997  280    280  
37.5  220.522  220.831  221.389  224.753  262.515  279.386  279.997  280    280  
37.6  220.521  220.829  221.385  224.729  262.432  279.372  279.997  280    280  
37.7  220.521  220.827  221.381  224.706  262.35  279.358  279.997  280    280  
37.8  220.52  220.826  221.378  224.683  262.268  279.343  279.996  280    280  
37.9  220.519  220.824  221.374  224.66  262.186  279.328  279.996  280    280  
38  220.519  220.823  221.37  224.638  262.104  279.312  279.996  280    280  
38.1  220.518  220.821  221.367  224.615  262.023  279.297  279.996  280    280  
38.2  220.517  220.819  221.363  224.593  261.942  279.281  279.996  280    280  
38.3  220.516  220.818  221.359  224.571  261.861  279.265  279.996  280    280  
38.4  220.516  220.816  221.356  224.549  261.78  279.249  279.996  280    280  
38.5  220.515  220.815  221.352  224.528  261.7  279.232  279.996  280    280  
38.6  220.514  220.813  221.349  224.506  261.62  279.215  279.995  280    280  
38.7  220.514  220.812  221.345  224.485  261.54  279.198  279.995  280    280  
38.8  220.513  220.81  221.342  224.464  261.46  279.18  279.995  280    280  
38.9  220.512  220.809  221.338  224.443  261.38  279.162  279.995  280    280  
39  220.512  220.807  221.335  224.423  261.3  279.144  279.995  280    280  
39.1  220.511  220.806  221.332  224.402  261.221  279.126  279.995  280    280  
39.2  220.51  220.804  221.328  224.382  261.142  279.107  279.995  280    280  
39.3  220.51  220.803  221.325  224.362  261.063  279.088  279.994  280    280  
39.4  220.509  220.801  221.321  224.342  260.984  279.069  279.994  280    280  
39.5  220.508  220.8  221.318  224.322  260.905  279.049  279.994  280    280  
39.6  220.508  220.798  221.315  224.302  260.826  279.029  279.994  280    280  
39.7  220.507  220.797  221.312  224.283  260.748  279.009  279.994  280    280  
39.8  220.506  220.795  221.308  224.264  260.669  278.988  279.994  280    280  
39.9  220.506  220.794  221.305  224.245  260.591  278.967  279.993  280    280  
40  220.505  220.792  221.302  224.226  260.513  278.946  279.993  280    280  
40.1  220.504  220.791  221.299  224.207  260.434  278.925  279.993  280    280  
40.2  220.504  220.789  221.295  224.188  260.356  278.903  279.993  280    280  
40.3  220.503  220.788  221.292  224.17  260.278  278.881  279.993  280    280  
40.4  220.502  220.787  221.289  224.151  260.201  278.858  279.993  280    280  
40.5  220.502  220.785  221.286  224.133  260.123  278.835  279.992  280    280  
40.6  220.501  220.784  221.283  224.115  260.045  278.812  279.992  280    280  
40.7  220.501  220.782  221.28  224.097  259.967  278.789  279.992  280    280  
40.8  220.5  220.781  221.277  224.079  259.89  278.765  279.992  280    280  
40.9  220.499  220.78  221.273  224.062  259.812  278.741  279.991  280    280  
41  220.499  220.778  221.27  224.044  259.735  278.716  279.991  280    280  
41.1  220.498  220.777  221.267  224.027  259.657  278.691  279.991  280    280  
41.2  220.497  220.776  221.264  224.01  259.58  278.666  279.991  280    280  
41.3  220.497  220.774  221.261  223.993  259.503  278.641  279.99  280    280  
41.4  220.496  220.773  221.258  223.976  259.425  278.615  279.99  280    280  
41.5  220.496  220.771  221.255  223.959  259.348  278.589  279.99  280    280  
41.6  220.495  220.77  221.252  223.942  259.27  278.562  279.99  280    280  
41.7  220.494  220.769  221.249  223.926  259.193  278.535  279.989  280    280  
41.8  220.494  220.767  221.247  223.91  259.116  278.508  279.989  280    280  
41.9  220.493  220.766  221.244  223.893  259.038  278.48  279.989  280    280  
42  220.492  220.765  221.241  223.877  258.961  278.452  279.989  280    280  
42.1  220.492  220.764  221.238  223.861  258.884  278.424  279.988  280    280  
42.2  220.491  220.762  221.235  223.845  258.806  278.395  279.988  280    280  
42.3  220.491  220.761  221.232  223.83  258.729  278.366  279.988  280    280  
42.4  220.49  220.76  221.229  223.814  258.651  278.337  279.987  280    280  
42.5  220.489  220.758  221.226  223.798  258.574  278.307  279.987  280    280  
42.6  220.489  220.757  221.224  223.783  258.496  278.277  279.987  280    280  
42.7  220.488  220.756  221.221  223.768  258.419  278.246  279.986  280    280  
42.8  220.488  220.755  221.218  223.753  258.341  278.215  279.986  280    280  
42.9  220.487  220.753  221.215  223.738  258.263  278.184  279.986  280    280  
43  220.487  220.752  221.213  223.723  258.186  278.152  279.985  280    280  
43.1  220.486  220.751  221.21  223.708  258.108  278.12  279.985  280    280  
43.2  220.485  220.75  221.207  223.693  258.03  278.088  279.984  280    280  
43.3  220.485  220.748  221.204  223.679  257.952  278.055  279.984  280    280  
43.4  220.484  220.747  221.202  223.664  257.874  278.022  279.984  280    280  
43.5  220.484  220.746  221.199  223.65  257.796  277.989  279.983  280    280  
43.6  220.483  220.745  221.196  223.635  257.718  277.955  279.983  280    280  
43.7  220.482  220.743  221.194  223.621  257.639  277.921  279.982  280    280  
43.8  220.482  220.742  221.191  223.607  257.561  277.886  279.982  280    280  
43.9  220.481  220.741  221.189  223.593  257.482  277.851  279.981  280    280  
44  220.481  220.74  221.186  223.579  257.404  277.816  279.981  280    280  
44.1  220.48  220.739  221.183  223.566  257.325  277.78  279.981  280    280  
44.2  220.48  220.737  221.181  223.552  257.246  277.744  279.98  280    280  
44.3  220.479  220.736  221.178  223.538  257.167  277.708  279.98  280    280  
44.4  220.479  220.735  221.176  223.525  257.088  277.671  279.979  280    280  
44.5  220.478  220.734  221.173  223.512  257.009  277.634  279.979  280    280  
44.6  220.477  220.733  221.171  223.498  256.93  277.596  279.978  280    280  
44.7  220.477  220.731  221.168  223.485  256.85  277.558  279.977  280    280  
44.8  220.476  220.73  221.165  223.472  256.771  277.52  279.977  280    280  
44.9  220.476  220.729  221.163  223.459  256.691  277.481  279.976  280    280  
45  220.475  220.728  221.161  223.446  256.611  277.442  279.976  280    280  
45.1  220.475  220.727  221.158  223.434  256.531  277.403  279.975  280    280  
45.2  220.474  220.726  221.156  223.421  256.451  277.363  279.975  280    280  
45.3  220.474  220.724  221.153  223.408  256.371  277.323  279.974  280    280  
45.4  220.473  220.723  221.151  223.396  256.29  277.283  279.973  280    280  
45.5  220.473  220.722  221.148  223.383  256.21  277.242  279.973  280    280  
45.6  220.472  220.721  221.146  223.371  256.129  277.201  279.972  280    280  
45.7  220.472  220.72  221.144  223.359  256.048  277.159  279.971  280    280  
45.8  220.471  220.719  221.141  223.346  255.967  277.117  279.971  280    280  
45.9  220.47  220.718  221.139  223.334  255.886  277.075  279.97  280    280  
46  220.47  220.717  221.136  223.322  255.804  277.032  279.969  280    280  
46.1  220.469  220.716  221.134  223.31  255.723  276.989  279.969  280    280  
46.2  220.469  220.714  221.132  223.299  255.641  276.946  279.968  280    280  
46.3  220.468  220.713  221.129  223.287  255.559  276.902  279.967  280    280  
46.4  220.468  220.712  221.127  223.275  255.477  276.858  279.966  280    280  
46.5  220.467  220.711  221.125  223.264  255.395  276.814  279.966  280    280  
46.6  220.467  220.71  221.122  223.252  255.313  276.769  279.965  280    280  
46.7  220.466  220.709  221.12  223.241  255.23  276.724  279.964  280    280  
46.8  220.466  220.708  221.118  223.229  255.148  276.679  279.963  280    280  
46.9  220.465  220.707  221.116  223.218  255.065  276.633  279.962  280    280  
47  220.465  220.706  221.113  223.207  254.982  276.587  279.961  280    280  
47.1  220.464  220.705  221.111  223.196  254.899  276.541  279.96  280    280  
47.2  220.464  220.704  221.109  223.185  254.815  276.494  279.96  280    280  
47.3  220.463  220.703  221.107  223.174  254.732  276.447  279.959  280    280  
47.4  220.463  220.702  221.104  223.163  254.648  276.4  279.958  280    280  
47.5  220.462  220.7  221.102  223.152  254.564  276.352  279.957  280    280  
47.6  220.462  220.699  221.1  223.141  254.48  276.304  279.956  280    280  
47.7  220.461  220.698  221.098  223.13  254.396  276.256  279.955  280    280  
47.8  220.461  220.697  221.096  223.12  254.311  276.207  279.954  280    280  
47.9  220.46  220.696  221.094  223.109  254.227  276.158  279.953  280    280  
48  220.46  220.695  221.091  223.099  254.142  276.109  279.952  280    280  
48.1  220.459  220.694  221.089  223.088  254.057  276.059  279.951  280    280  
48.2  220.459  220.693  221.087  223.078  253.972  276.009  279.95  280    280  
48.3  220.458  220.692  221.085  223.068  253.887  275.959  279.948  280    280  
48.4  220.458  220.691  221.083  223.057  253.801  275.909  279.947  280    280  
48.5  220.457  220.69  221.081  223.047  253.716  275.858  279.946  280    280  
48.6  220.457  220.689  221.079  223.037  253.63  275.807  279.945  280    280  
48.7  220.456  220.688  221.077  223.027  253.544  275.755  279.944  280    280  
48.8  220.456  220.687  221.075  223.017  253.458  275.704  279.943  280    280  
48.9  220.455  220.686  221.073  223.007  253.371  275.652  279.941  280    280  
49  220.455  220.685  221.07  222.998  253.285  275.6  279.94  280    280  
49.1  220.454  220.684  221.068  222.988  253.198  275.547  279.939  280    280  
49.2  220.454  220.683  221.066  222.978  253.111  275.494  279.937  280    280  
49.3  220.453  220.682  221.064  222.968  253.024  275.441  279.936  280    280  
49.4  220.453  220.681  221.062  222.959  252.937  275.388  279.935  280    280  
49.5  220.453  220.68  221.06  222.949  252.85  275.335  279.933  280    280  
49.6  220.452  220.679  221.058  222.94  252.762  275.281  279.932  280    280  
49.7  220.452  220.678  221.056  222.93  252.675  275.227  279.93  280    280  
49.8  220.451  220.678  221.054  222.921  252.587  275.172  279.929  280    280  
49.9  220.451  220.677  221.052  222.912  252.499  275.118  279.927  280    280  
50  220.45  220.676  221.05  222.903  252.411  275.063  279.926  280    280  
50.1  220.45  220.675  221.049  222.893  252.323  275.008  279.924  280    280  
50.2  220.449  220.674  221.047  222.884  252.235  274.953  279.923  280    280  
50.3  220.449  220.673  221.045  222.875  252.146  274.897  279.921  280    280  
50.4  220.448  220.672  221.043  222.866  252.058  274.842  279.92  280    280  
50.5  220.448  220.671  221.041  222.857  251.969  274.786  279.918  280    280  
50.6  220.447  220.67  221.039  222.848  251.88  274.73  279.916  280    280  
50.7  220.447  220.669  221.037  222.84  251.791  274.673  279.914  280    280  
50.8  220.447  220.668  221.035  222.831  251.702  274.617  279.913  280    280  
50.9  220.446  220.667  221.033  222.822  251.612  274.56  279.911  280    280  
51  220.446  220.666  221.031  222.813  251.523  274.503  279.909  280    280  
51.1  220.445  220.665  221.029  222.805  251.433  274.446  279.907  280    280  
51.2  220.445  220.664  221.028  222.796  251.344  274.388  279.905  280    280  
51.3  220.444  220.664  221.026  222.788  251.254  274.331  279.903  280    280  
51.4  220.444  220.663  221.024  222.779  251.164  274.273  279.901  280    280  
51.5  220.443  220.662  221.022  222.771  251.074  274.215  279.899  280    280  
51.6  220.443  220.661  221.02  222.762  250.984  274.157  279.897  280    280  
51.7  220.443  220.66  221.018  222.754  250.894  274.099  279.895  280    280  
51.8  220.442  220.659  221.017  222.746  250.804  274.04  279.893  280    280  
51.9  220.442  220.658  221.015  222.737  250.713  273.982  279.891  280    280  
52  220.441  220.657  221.013  222.729  250.623  273.923  279.889  280    280  
52.1  220.441  220.656  221.011  222.721  250.532  273.864  279.887  280    280  
52.2  220.44  220.656  221.009  222.713  250.441  273.805  279.885  280    280  
52.3  220.44  220.655  221.008  222.705  250.351  273.746  279.882  280    280  
52.4  220.439  220.654  221.006  222.697  250.26  273.686  279.88  280    280  
52.5  220.439  220.653  221.004  222.689  250.169  273.627  279.878  280    280  
52.6  220.439  220.652  221.002  222.681  250.078  273.567  279.875  280    280  
52.7  220.438  220.651  221.001  222.673  249.987  273.508  279.873  280    280  
52.8  220.438  220.65  220.999  222.666  249.896  273.448  279.87  280    280  
52.9  220.437  220.649  220.997  222.658  249.805  273.388  279.868  280    280  
53  220.437  220.649  220.995  222.65  249.713  273.327  279.865  280    280  
53.1  220.436  220.648  220.994  222.642  249.622  273.267  279.863  280    280  
53.2  220.436  220.647  220.992  222.635  249.531  273.207  279.86  280    280  
53.3  220.436  220.646  220.99  222.627  249.44  273.146  279.857  280    280  
53.4  220.435  220.645  220.988  222.62  249.348  273.086  279.855  280    280  
53.5  220.435  220.644  220.987  222.612  249.257  273.025  279.852  280    280  
53.6  220.434  220.644  220.985  222.605  249.165  272.964  279.849  280    280  
53.7  220.434  220.643  220.983  222.597  249.074  272.904  279.846  280    280  
53.8  220.434  220.642  220.982  222.59  248.982  272.843  279.843  280    280  
53.9  220.433  220.641  220.98  222.583  248.891  272.782  279.84  280    280  
54  220.433  220.64  220.978  222.575  248.799  272.721  279.838  280    280  
54.1  220.432  220.639  220.977  222.568  248.707  272.66  279.834  280    280  
54.2  220.432  220.639  220.975  222.561  248.616  272.598  279.831  280    280  
54.3  220.432  220.638  220.973  222.554  248.524  272.537  279.828  280    280  
54.4  220.431  220.637  220.972  222.546  248.433  272.476  279.825  280    280  
54.5  220.431  220.636  220.97  222.539  248.341  272.414  279.822  280    280  
54.6  220.43  220.635  220.969  222.532  248.25  272.353  279.819  280    280  
54.7  220.43  220.635  220.967  222.525  248.158  272.291  279.815  280    280  
54.8  220.429  220.634  220.965  222.518  248.066  272.23  279.812  280    280  
54.9  220.429  220.633  220.964  222.511  247.975  272.168  279.808  280    280  
55  220.429  220.632  220.962  222.505  247.883  272.107  279.805  280    280  
55.1  220.428  220.631  220.961  222.498  247.792  272.045  279.801  280    280  
55.2  220.428  220.631  220.959  222.491  247.7  271.983  279.798  280    280  
55.3  220.427  220.63  220.957  222.484  247.609  271.922  279.794  280    280  
55.4  220.427  220.629  220.956  222.477  247.518  271.86  279.79  280    280  
55.5  220.427  220.628  220.954  222.471  247.426  271.798  279.787  280    280  
55.6  220.426  220.627  220.953  222.464  247.335  271.736  279.783  280    280  
55.7  220.426  220.627  220.951  222.457  247.244  271.675  279.779  280    280  
55.8  220.426  220.626  220.95  222.451  247.152  271.613  279.775  280    280  
55.9  220.425  220.625  220.948  222.444  247.061  271.551  279.771  280    280  
56  220.425  220.624  220.947  222.438  246.97  271.489  279.767  280    280  
56.1  220.424  220.624  220.945  222.431  246.879  271.427  279.763  280    280  
56.2  220.424  220.623  220.944  222.425  246.788  271.366  279.759  280    280  
56.3  220.424  220.622  220.942  222.418  246.697  271.304  279.755  280    280  
56.4  220.423  220.621  220.94  222.412  246.607  271.242  279.75  280    280  
56.5  220.423  220.62  220.939  222.405  246.516  271.18  279.746  280    280  
56.6  220.422  220.62  220.937  222.399  246.425  271.119  279.742  280    280  
56.7  220.422  220.619  220.936  222.393  246.335  271.057  279.737  280    280  
56.8  220.422  220.618  220.934  222.386  246.244  270.995  279.733  280    280  
56.9  220.421  220.617  220.933  222.38  246.154  270.934  279.728  280    280  
57  220.421  220.617  220.932  222.374  246.064  270.872  279.723  280    280  
57.1  220.421  220.616  220.93  222.368  245.974  270.811  279.719  280    280  
57.2  220.42  220.615  220.929  222.362  245.884  270.749  279.714  280    280  
57.3  220.42  220.614  220.927  222.356  245.794  270.688  279.709  280    280  
57.4  220.419  220.614  220.926  222.35  245.704  270.626  279.704  280    280  
57.5  220.419  220.613  220.924  222.343  245.614  270.565  279.699  280    280  
57.6  220.419  220.612  220.923  222.337  245.525  270.503  279.694  280    280  
57.7  220.418  220.612  220.921  222.331  245.435  270.442  279.689  280    280  
57.8  220.418  220.611  220.92  222.326  245.346  270.381  279.684  280    280  
57.9  220.418  220.61  220.918  222.32  245.257  270.32  279.678  280    280  
58  220.417  220.609  220.917  222.314  245.168  270.258  279.673  280    280  
58.1  220.417  220.609  220.916  222.308  245.079  270.197  279.667  280    280  
58.2  220.416  220.608  220.914  222.302  244.99  270.136  279.662  280    280  
58.3  220.416  220.607  220.913  222.296  244.901  270.075  279.656  280    280  
58.4  220.416  220.606  220.911  222.29  244.813  270.015  279.651  280    280  
58.5  220.415  220.606  220.91  222.285  244.725  269.954  279.645  280    280  
58.6  220.415  220.605  220.909  222.279  244.636  269.893  279.639  280    280  
58.7  220.415  220.604  220.907  222.273  244.548  269.832  279.633  280    280  
58.8  220.414  220.604  220.906  222.268  244.461  269.772  279.627  280    280  
58.9  220.414  220.603  220.904  222.262  244.373  269.711  279.621  280    280  
59  220.414  220.602  220.903  222.256  244.285  269.651  279.615  280    280  
59.1  220.413  220.602  220.902  222.251  244.198  269.591  279.609  280    280  
59.2  220.413  220.601  220.9  222.245  244.111  269.531  279.603  280    280  
59.3  220.412  220.6  220.899  222.24  244.024  269.471  279.596  280    280  
59.4  220.412  220.599  220.898  222.234  243.937  269.41  279.59  280    280  
59.5  220.412  220.599  220.896  222.229  243.85  269.351  279.583  280    280  
59.6  220.411  220.598  220.895  222.223  243.764  269.291  279.577  280    280  
59.7  220.411  220.597  220.894  222.218  243.678  269.231  279.57  280    280  
59.8  220.411  220.597  220.892  222.213  243.592  269.171  279.563  280    280  
59.9  220.41  220.596  220.891  222.207  243.506  269.112  279.556  280    280  
60  220.41  220.595  220.89  222.202  243.42  269.052  279.549  280    280  
60.1  220.41  220.595  220.888  222.197  243.335  268.993  279.542  280    280  
60.2  220.41  220.594  220.887  222.191  243.25  268.934  279.535  280    280  
60.3  220.41  220.594  220.886  222.186  243.165  268.875  279.528  280    280  
60.4  220.41  220.594  220.885  222.181  243.08  268.816  279.521  280    280  
60.5  220.41  220.594  220.884  222.176  242.995  268.757  279.513  280    280  
60.6  220.41  220.594  220.883  222.17  242.911  268.698  279.506  280    280  
60.7  220.41  220.594  220.882  222.165  242.827  268.64  279.498  280    280  
60.8  220.41  220.594  220.882  222.16  242.743  268.581  279.491  280    280  
60.9  220.41  220.594  220.882  222.156  242.659  268.523  279.483  280    280  
61  220.41  220.594  220.881  222.151  242.576  268.465  279.475  280    280  
61.1  220.41  220.594  220.881  222.147  242.493  268.407  279.467  280    280  
61.2  220.41  220.594  220.881  222.142  242.41  268.349  279.459  280    280  
61.3  220.41  220.594  220.881  222.139  242.327  268.291  279.451  280    280  
61.4  220.41  220.594  220.88  222.135  242.244  268.233  279.443  280    280  
61.5  220.41  220.594  220.88  222.131  242.162  268.176  279.434  280    280  
61.6  220.41  220.594  220.88  222.128  242.08  268.118  279.426  280    280  
61.7  220.41  220.594  220.88  222.125  241.999  268.061  279.417  280    280  
61.8  220.41  220.594  220.88  222.123  241.917  268.004  279.409  280    280  
61.9  220.41  220.594  220.88  222.12  241.836  267.946  279.4  280    280  
62  220.41  220.594  220.88  222.118  241.756  267.89  279.391  280    280  
62.1  220.41  220.594  220.88  222.116  241.675  267.833  279.382  280    280  
62.2  220.41  220.594  220.88  222.114  241.596  267.776  279.373  280    280  
62.3  220.41  220.594  220.88  222.112  241.516  267.72  279.364  280    280  
62.4  220.41  220.594  220.88  222.11  241.438  267.663  279.354  280    280  
62.5  220.41  220.594  220.88  222.108  241.36  267.607  279.345  280    280  
62.6  220.41  220.594  220.88  222.107  241.283  267.551  279.336  280    280  
62.7  220.41  220.594  220.88  222.106  241.206  267.495  279.326  280    280  
62.8  220.41  220.594  220.88  222.104  241.131  267.439  279.316  280    280  
62.9  220.41  220.594  220.879  222.103  241.056  267.384  279.306  280    280  
63  220.41  220.594  220.879  222.102  240.983  267.328  279.297  280    280  
63.1  220.41  220.594  220.879  222.101  240.91  267.273  279.287  280    280  
63.2  220.41  220.594  220.879  222.1  240.839  267.217  279.276  280    280  
63.3  220.41  220.594  220.879  222.1  240.768  267.162  279.266  280    280  
63.4  220.41  220.594  220.879  222.099  240.699  267.107  279.256  280    280  
63.5  220.41  220.594  220.879  222.098  240.631  267.053  279.245  280    280  
63.6  220.41  220.594  220.879  222.097  240.565  266.998  279.235  280    280  
63.7  220.41  220.594  220.879  222.097  240.499  266.944  279.224  280    280  
63.8  220.41  220.594  220.879  222.096  240.435  266.889  279.213  280    280  
63.9  220.41  220.594  220.879  222.095  240.373  266.835  279.202  280    280  
64  220.41  220.594  220.879  222.095  240.312  266.781  279.191  280    280  
64.1  220.41  220.594  220.879  222.094  240.252  266.727  279.18  280    280  
64.2  220.41  220.594  220.879  222.094  240.194  266.674  279.169  280    280  
64.3  220.41  220.594  220.879  222.094  240.137  266.62  279.157  280    280  
64.4  220.41  220.594  220.879  222.093  240.081  266.567  279.146  280    280  
64.5  220.41  220.594  220.879  222.093  240.027  266.514  279.134  280    280  
64.6  220.41  220.594  220.879  222.092  239.975  266.461  279.122  280    280  
64.7  220.41  220.594  220.879  222.092  239.923  266.408  279.11  280    280  
64.8  220.41  220.594  220.879  222.092  239.874  266.356  279.098  280    280  
64.9  220.41  220.594  220.879  222.091  239.825  266.303  279.086  280    280  
65  220.41  220.594  220.879  222.091  239.778  266.251  279.074  280    280  
65.1  220.41  220.594  220.879  222.091  239.733  266.199  279.061  280    280  
65.2  220.41  220.594  220.879  222.091  239.688  266.147  279.049  280    280  
65.3  220.41  220.594  220.879  222.09  239.646  266.096  279.036  280    280  
65.4  220.41  220.594  220.879  222.09  239.604  266.044  279.023  280    280  
65.5  220.41  220.594  220.879  222.09  239.564  265.993  279.011  279.999    280  
65.6  220.41  220.594  220.879  222.09  239.524  265.942  278.998  279.999    280  
65.7  220.41  220.594  220.879  222.089  239.486  265.892  278.984  279.999    280  
65.8  220.41  220.594  220.879  222.089  239.45  265.841  278.971  279.999    280  
65.9  220.41  220.594  220.879  222.089  239.414  265.791  278.958  279.999    280  
66  220.41  220.594  220.879  222.089  239.38  265.741  278.944  279.999    280  
66.1  220.41  220.594  220.879  222.089  239.346  265.692  278.93  279.999    280  
66.2  220.41  220.594  220.879  222.088  239.314  265.642  278.917  279.999    280  
66.3  220.41  220.594  220.879  222.088  239.283  265.593  278.903  279.999    280  
66.4  220.41  220.594  220.879  222.088  239.253  265.544  278.889  279.999    280  
66.5  220.41  220.594  220.879  222.088  239.223  265.495  278.874  279.999    280  
66.6  220.41  220.594  220.879  222.088  239.195  265.447  278.86  279.999    280  
66.7  220.41  220.594  220.879  222.088  239.168  265.399  278.845  279.999    280  
66.8  220.41  220.594  220.879  222.088  239.141  265.351  278.831  279.999    280  
66.9  220.41  220.594  220.879  222.088  239.116  265.303  278.816  279.999    280  
67  220.41  220.594  220.879  222.087  239.091  265.256  278.801  279.999    280  
67.1  220.41  220.594  220.879  222.087  239.067  265.209  278.786  279.999    280  
67.2  220.41  220.594  220.879  222.087  239.044  265.162  278.771  279.999    280  
67.3  220.41  220.594  220.879  222.087  239.021  265.116  278.756  279.999    280  
67.4  220.41  220.594  220.879  222.087  239  265.07  278.74  279.999    280  
67.5  220.41  220.594  220.879  222.087  238.979  265.024  278.725  279.999    280  
67.6  220.41  220.594  220.879  222.087  238.958  264.978  278.709  279.999    280  
67.7  220.41  220.594  220.879  222.087  238.939  264.933  278.693  279.999    280  
67.8  220.41  220.594  220.879  222.087  238.92  264.888  278.677  279.999    280  
67.9  220.41  220.594  220.879  222.087  238.901  264.843  278.661  279.999    280  
68  220.41  220.594  220.879  222.087  238.883  264.799  278.645  279.999    280  
68.1  220.41  220.594  220.879  222.086  238.866  264.755  278.629  279.999    280  
68.2  220.41  220.594  220.879  222.086  238.85  264.711  278.612  279.999    280  
68.3  220.41  220.594  220.879  222.086  238.834  264.668  278.595  279.999    280  
68.4  220.41  220.594  220.879  222.086  238.818  264.625  278.579  279.999    280  
68.5  220.41  220.594  220.879  222.086  238.803  264.582  278.562  279.999    280  
68.6  220.41  220.594  220.879  222.086  238.788  264.54  278.545  279.999    280  
68.7  220.41  220.594  220.879  222.086  238.774  264.498  278.528  279.999    280  
68.8  220.41  220.594  220.879  222.086  238.761  264.456  278.51  279.999    280  
68.9  220.41  220.594  220.879  222.086  238.747  264.415  278.493  279.999    280  
69  220.41  220.594  220.879  222.086  238.735  264.374  278.475  279.999    280  
69.1  220.41  220.594  220.879  222.086  238.722  264.333  278.458  279.999    280  
69.2  220.41  220.594  220.879  222.086  238.71  264.292  278.44  279.999    280  
69.3  220.41  220.594  220.879  222.086  238.699  264.252  278.422  279.999    280  
69.4  220.41  220.594  220.879  222.086  238.687  264.213  278.404  279.999    280  
69.5  220.41  220.594  220.879  222.086  238.677  264.173  278.385  279.999    280  
69.6  220.41  220.594  220.879  222.086  238.666  264.134  278.367  279.999    280  
69.7  220.41  220.594  220.879  222.086  238.656  264.095  278.349  279.999    280  
69.8  220.41  220.594  220.879  222.086  238.646  264.057  278.33  279.999    280  
69.9  220.41  220.594  220.879  222.086  238.636  264.019  278.311  279.999    280  
70  220.41  220.594  220.879  222.086  238.627  263.981  278.292  279.999    280  
70.1  220.41  220.594  220.879  222.086  238.618  263.944  278.273  279.999    280  
70.2  220.41  220.594  220.879  222.086  238.61  263.906  278.254  279.999    280  
70.3  220.41  220.594  220.879  222.086  238.601  263.87  278.235  279.999    280  
70.4  220.41  220.594  220.879  222.086  238.593  263.833  278.216  279.999    280  
70.5  220.41  220.594  220.879  222.086  238.585  263.797  278.196  279.999    280  
70.6  220.41  220.594  220.879  222.086  238.578  263.761  278.177  279.999    280  
70.7  220.41  220.594  220.879  222.086  238.57  263.726  278.157  279.999    280  
70.8  220.41  220.594  220.879  222.086  238.563  263.691  278.137  279.999    280  
70.9  220.41  220.594  220.879  222.085  238.556  263.656  278.117  279.999    280  
71  220.41  220.594  220.879  222.085  238.549  263.621  278.097  279.999    280  
71.1  220.41  220.594  220.879  222.085  238.543  263.587  278.077  279.999    280  
71.2  220.41  220.594  220.879  222.085  238.536  263.553  278.057  279.999    280  
71.3  220.41  220.594  220.879  222.085  238.53  263.52  278.036  279.999    280  
71.4  220.41  220.594  220.879  222.085  238.524  263.486  278.016  279.999    280  
71.5  220.41  220.594  220.879  222.085  238.519  263.454  277.995  279.999    280  
71.6  220.41  220.594  220.879  222.085  238.513  263.421  277.975  279.999    280  
71.7  220.41  220.594  220.879  222.085  238.508  263.389  277.954  279.999    280  
71.8  220.41  220.594  220.879  222.085  238.502  263.357  277.933  279.999    280  
71.9  220.41  220.594  220.879  222.085  238.497  263.325  277.912  279.999    280  
72  220.41  220.594  220.879  222.085  238.492  263.294  277.891  279.999    280  
72.1  220.41  220.594  220.879  222.085  238.488  263.263  277.87  279.999    280  
72.2  220.41  220.594  220.879  222.085  238.483  263.232  277.848  279.999    280  
72.3  220.41  220.594  220.879  222.085  238.479  263.202  277.827  279.999    280  
72.4  220.41  220.594  220.879  222.085  238.474  263.171  277.805  279.999    280  
72.5  220.41  220.594  220.879  222.085  238.47  263.142  277.784  279.999    280  
72.6  220.41  220.594  220.879  222.085  238.466  263.112  277.762  279.998    280  
72.7  220.41  220.594  220.879  222.085  238.462  263.083  277.74  279.998    280  
72.8  220.41  220.594  220.879  222.085  238.458  263.054  277.719  279.998    280  
72.9  220.41  220.594  220.879  222.085  238.454  263.025  277.697  279.998    280  
73  220.41  220.594  220.879  222.085  238.451  262.997  277.675  279.998    280  
73.1  220.41  220.594  220.879  222.085  238.447  262.969  277.653  279.998    280  
73.2  220.41  220.594  220.879  222.085  238.444  262.941  277.63  279.998    280  
73.3  220.41  220.594  220.879  222.085  238.441  262.914  277.608  279.998    280  
73.4  220.41  220.594  220.879  222.085  238.437  262.887  277.586  279.998    280  
73.5  220.41  220.594  220.879  222.085  238.434  262.86  277.563  279.998    280  
73.6  220.41  220.594  220.879  222.085  238.431  262.833  277.541  279.998    280  
73.7  220.41  220.594  220.879  222.085  238.428  262.807  277.518  279.998    280  
73.8  220.41  220.594  220.879  222.085  238.425  262.781  277.496  279.998    280  
73.9  220.41  220.594  220.879  222.085  238.423  262.755  277.473  279.998    280  
74  220.41  220.594  220.879  222.085  238.42  262.729  277.45  279.998    280  
74.1  220.41  220.594  220.879  222.085  238.417  262.704  277.428  279.998    280  
74.2  220.41  220.594  220.879  222.085  238.415  262.679  277.405  279.998    280  
74.3  220.41  220.594  220.879  222.085  238.412  262.655  277.382  279.998    280  
74.4  220.41  220.594  220.879  222.085  238.41  262.63  277.359  279.998    280  
74.5  220.41  220.594  220.879  222.085  238.408  262.606  277.336  279.998    280  
74.6  220.41  220.594  220.879  222.085  238.405  262.582  277.313  279.998    280  
74.7  220.41  220.594  220.879  222.085  238.403  262.558  277.29  279.998    280  
74.8  220.41  220.594  220.879  222.085  238.401  262.535  277.267  279.998    280  
74.9  220.41  220.594  220.879  222.085  238.399  262.512  277.243  279.998    280  
75  220.41  220.594  220.879  222.085  238.397  262.489  277.22  279.998    280  
75.1  220.41  220.594  220.879  222.085  238.395  262.466  277.197  279.998    280  
75.2  220.41  220.594  220.879  222.085  238.393  262.444  277.173  279.998    280  
75.3  220.41  220.594  220.879  222.085  238.391  262.422  277.15  279.998    280  
75.4  220.41  220.594  220.879  222.085  238.389  262.4  277.127  279.998    280  
75.5  220.41  220.594  220.879  222.085  238.387  262.378  277.103  279.998    280  
75.6  220.41  220.594  220.879  222.085  238.386  262.357  277.08  279.998    280  
75.7  220.41  220.594  220.879  222.085  238.384  262.336  277.056  279.998    280  
75.8  220.41  220.594  220.879  222.085  238.382  262.315  277.033  279.998    280  
75.9  220.41  220.594  220.879  222.085  238.381  262.294  277.009  279.998    280  
76  220.41  220.594  220.879  222.085  238.379  262.274  276.985  279.998    280  
76.1  220.41  220.594  220.879  222.085  238.378  262.253  276.962  279.997    280  
76.2  220.41  220.594  220.879  222.085  238.376  262.233  276.938  279.997    280  
76.3  220.41  220.594  220.879  222.085  238.375  262.214  276.914  279.997    280  
76.4  220.41  220.594  220.879  222.085  238.373  262.194  276.891  279.997    280  
76.5  220.41  220.594  220.879  222.085  238.372  262.175  276.867  279.997    280  
76.6  220.41  220.594  220.879  222.085  238.371  262.156  276.843  279.997    280  
76.7  220.41  220.594  220.879  222.085  238.37  262.137  276.82  279.997    280  
76.8  220.41  220.594  220.879  222.085  238.368  262.118  276.796  279.997    280  
76.9  220.41  220.594  220.879  222.085  238.367  262.1  276.772  279.997    280  
77  220.41  220.594  220.879  222.085  238.366  262.081  276.748  279.997    280  
77.1  220.41  220.594  220.879  222.085  238.365  262.063  276.725  279.997    280  
77.2  220.41  220.594  220.879  222.085  238.364  262.045  276.701  279.997    280  
77.3  220.41  220.594  220.879  222.085  238.362  262.028  276.677  279.997    280  
77.4  220.41  220.594  220.879  222.085  238.361  262.01  276.653  279.997    280  
77.5  220.41  220.594  220.879  222.085  238.36  261.993  276.63  279.997    280  
77.6  220.41  220.594  220.879  222.085  238.359  261.976  276.606  279.997    280  
77.7  220.41  220.594  220.879  222.085  238.358  261.959  276.582  279.997    280  
77.8  220.41  220.594  220.879  222.085  238.357  261.943  276.558  279.997    280  
77.9  220.41  220.594  220.879  222.085  238.356  261.926  276.535  279.997    280  
78  220.41  220.594  220.879  222.085  238.355  261.91  276.511  279.997    280  
78.1  220.41  220.594  220.879  222.085  238.355  261.894  276.487  279.997    280  
78.2  220.41  220.594  220.879  222.085  238.354  261.878  276.464  279.997    280  
78.3  220.41  220.594  220.879  222.085  238.353  261.862  276.44  279.997    280  
78.4  220.41  220.594  220.879  222.085  238.352  261.847  276.416  279.996    280  
78.5  220.41  220.594  220.879  222.085  238.351  261.832  276.393  279.996    280  
78.6  220.41  220.594  220.879  222.085  238.35  261.816  276.369  279.996    280  
78.7  220.41  220.594  220.879  222.085  238.35  261.801  276.346  279.996    280  
78.8  220.41  220.594  220.879  222.085  238.349  261.787  276.322  279.996    280  
78.9  220.41  220.594  220.879  222.085  238.348  261.772  276.298  279.996    280  
79  220.41  220.594  220.879  222.085  238.347  261.758  276.275  279.996    280  
79.1  220.41  220.594  220.879  222.085  238.347  261.743  276.252  279.996    280  
79.2  220.41  220.594  220.879  222.085  238.346  261.729  276.228  279.996    280  
79.3  220.41  220.594  220.879  222.085  238.345  261.715  276.205  279.996    280  
79.4  220.41  220.594  220.879  222.085  238.345  261.702  276.181  279.996    280  
79.5  220.41  220.594  220.879  222.085  238.344  261.688  276.158  279.996    280  
79.6  220.41  220.594  220.879  222.085  238.343  261.675  276.135  279.996    280  
79.7  220.41  220.594  220.879  222.085  238.343  261.661  276.112  279.996    280  
79.8  220.41  220.594  220.879  222.085  238.342  261.648  276.088  279.996    280  
79.9  220.41  220.594  220.879  222.085  238.341  261.635  276.065  279.996    280  
80  220.41  220.594  220.879  222.085  238.341  261.622  276.042  279.996    280  
80.1  220.41  220.594  220.879  222.085  238.34  261.61  276.019  279.996    280  
80.2  220.41  220.594  220.879  222.085  238.34  261.597  275.996  279.996    280  
80.3  220.41  220.594  220.879  222.085  238.339  261.585  275.973  279.995    280  
80.4  220.41  220.594  220.879  222.085  238.339  261.573  275.95  279.995    280  
80.5  220.41  220.594  220.879  222.085  238.338  261.561  275.927  279.995    280  
80.6  220.41  220.594  220.879  222.085  238.338  261.549  275.904  279.995    280  
80.7  220.41  220.594  220.879  222.085  238.337  261.537  275.882  279.995    280  
80.8  220.41  220.594  220.879  222.085  238.337  261.525  275.859  279.995    280  
80.9  220.41  220.594  220.879  222.085  238.336  261.514  275.836  279.995    280  
81  220.41  220.594  220.879  222.085  238.336  261.502  275.814  279.995    280  
81.1  220.41  220.594  220.879  222.085  238.335  261.491  275.791  279.995    280  
81.2  220.41  220.594  220.879  222.085  238.335  261.48  275.769  279.995    280  
81.3  220.41  220.594  220.879  222.085  238.334  261.469  275.746  279.995    280  
81.4  220.41  220.594  220.879  222.085  238.334  261.458  275.724  279.995    280  
81.5  220.41  220.594  220.879  222.085  238.333  261.448  275.702  279.995    280  
81.6  220.41  220.594  220.879  222.085  238.333  261.437  275.679  279.995    280  
81.7  220.41  220.594  220.879  222.085  238.333  261.427  275.657  279.995    280  
81.8  220.41  220.594  220.879  222.085  238.332  261.416  275.635  279.994    280  
81.9  220.41  220.594  220.879  222.085  238.332  261.406  275.613  279.994    280  
82  220.41  220.594  220.879  222.085  238.331  261.396  275.591  279.994    280  
82.1  220.41  220.594  220.879  222.085  238.331  261.386  275.569  279.994    280  
82.2  220.41  220.594  220.879  222.085  238.331  261.376  275.547  279.994    280  
82.3  220.41  220.594  220.879  222.085  238.33  261.367  275.526  279.994    280  
82.4  220.41  220.594  220.879  222.085  238.33  261.357  275.504  279.994    280  
82.5  220.41  220.594  220.879  222.085  238.33  261.348  275.482  279.994    280  
82.6  220.41  220.594  220.879  222.085  238.329  261.338  275.461  279.994    280  
82.7  220.41  220.594  220.879  222.085  238.329  261.329  275.439  279.994    280  
82.8  220.41  220.594  220.879  222.085  238.329  261.32  275.418  279.994    280  
82.9  220.41  220.594  220.879  222.085  238.328  261.311  275.397  279.994    280  
83  220.41  220.594  220.879  222.085  238.328  261.302  275.375  279.993    280  
83.1  220.41  220.594  220.879  222.085  238.328  261.293  275.354  279.993    280  
83.2  220.41  220.594  220.879  222.085  238.327  261.284  275.333  279.993    280  
83.3  220.41  220.594  220.879  222.085  238.327  261.276  275.312  279.993    280  
83.4  220.41  220.594  220.879  222.085  238.327  261.267  275.291  279.993    280  
83.5  220.41  220.594  220.879  222.085  238.327  261.259  275.27  279.993    280  
83.6  220.41  220.594  220.879  222.085  238.326  261.251  275.249  279.993    280  
83.7  220.41  220.594  220.879  222.085  238.326  261.242  275.229  279.993    280  
83.8  220.41  220.594  220.879  222.085  238.326  261.234  275.208  279.993    280  
83.9  220.41  220.594  220.879  222.085  238.326  261.226  275.188  279.993    280  
84  220.41  220.594  220.879  222.085  238.325  261.218  275.167  279.993    280  
84.1  220.41  220.594  220.879  222.085  238.325  261.211  275.147  279.993    280  
84.2  220.41  220.594  220.879  222.085  238.325  261.203  275.127  279.992    280  
84.3  220.41  220.594  220.879  222.085  238.325  261.195  275.106  279.992    280  
84.4  220.41  220.594  220.879  222.085  238.324  261.188  275.086  279.992    280  
84.5  220.41  220.594  220.879  222.085  238.324  261.18  275.066  279.992    280  
84.6  220.41  220.594  220.879  222.085  238.324  261.173  275.046  279.992    280  
84.7  220.41  220.594  220.879  222.085  238.324  261.166  275.027  279.992    280  
84.8  220.41  220.594  220.879  222.085  238.323  261.159  275.007  279.992    280  
84.9  220.41  220.594  220.879  222.085  238.323  261.152  274.987  279.992    280  
85  220.41  220.594  220.879  222.085  238.323  261.145  274.968  279.992    280  
85.1  220.41  220.594  220.879  222.085  238.323  261.138  274.948  279.992    280  
85.2  220.41  220.594  220.879  222.085  238.323  261.131  274.929  279.991    280  
85.3  220.41  220.594  220.879  222.085  238.322  261.124  274.909  279.991    280  
85.4  220.41  220.594  220.879  222.085  238.322  261.118  274.89  279.991    280  
85.5  220.41  220.594  220.879  222.085  238.322  261.111  274.871  279.991    280  
85.6  220.41  220.594  220.879  222.085  238.322  261.104  274.852  279.991    280  
85.7  220.41  220.594  220.879  222.085  238.322  261.098  274.833  279.991    280  
85.8  220.41  220.594  220.879  222.085  238.321  261.092  274.814  279.991    280  
85.9  220.41  220.594  220.879  222.085  238.321  261.085  274.795  279.991    280  
86  220.41  220.594  220.879  222.085  238.321  261.079  274.777  279.991    280  
86.1  220.41  220.594  220.879  222.085  238.321  261.073  274.758  279.99    280  
86.2  220.41  220.594  220.879  222.085  238.321  261.067  274.739  279.99    280  
86.3  220.41  220.594  220.879  222.085  238.321  261.061  274.721  279.99    280  
86.4  220.41  220.594  220.879  222.085  238.32  261.055  274.703  279.99    280  
86.5  220.41  220.594  220.879  222.085  238.32  261.049  274.685  279.99    280  
86.6  220.41  220.594  220.879  222.085  238.32  261.044  274.666  279.99    280  
86.7  220.41  220.594  220.879  222.085  238.32  261.038  274.648  279.99    280  
86.8  220.41  220.594  220.879  222.085  238.32  261.032  274.63  279.99    280  
86.9  220.41  220.594  220.879  222.085  238.32  261.027  274.613  279.989    280  
87  220.41  220.594  220.879  222.085  238.319  261.021  274.595  279.989    280  
87.1  220.41  220.594  220.879  222.085  238.319  261.016  274.577  279.989    280  
87.2  220.41  220.594  220.879  222.085  238.319  261.011  274.559  279.989    280  
87.3  220.41  220.594  220.879  222.085  238.319  261.005  274.542  279.989    280  
87.4  220.41  220.594  220.879  222.085  238.319  261  274.525  279.989    280  
87.5  220.41  220.594  220.879  222.085  238.319  260.995  274.507  279.989    280  
87.6  220.41  220.594  220.879  222.085  238.319  260.99  274.49  279.989    280  
87.7  220.41  220.594  220.879  222.085  238.319  260.985  274.473  279.988    280  
87.8  220.41  220.594  220.879  222.085  238.318  260.98  274.456  279.988    280  
87.9  220.41  220.594  220.879  222.085  238.318  260.975  274.439  279.988    280  
88  220.41  220.594  220.879  222.085  238.318  260.97  274.422  279.988    280  
88.1  220.41  220.594  220.879  222.085  238.318  260.965  274.405  279.988    280  
88.2  220.41  220.594  220.879  222.085  238.318  260.96  274.389  279.988    280  
88.3  220.41  220.594  220.879  222.085  238.318  260.956  274.372  279.988    280  
88.4  220.41  220.594  220.879  222.085  238.318  260.951  274.356  279.987    280  
88.5  220.41  220.594  220.879  222.085  238.318  260.946  274.339  279.987    280  
88.6  220.41  220.594  220.879  222.085  238.317  260.942  274.323  279.987    280  
88.7  220.41  220.594  220.879  222.085  238.317  260.938  274.307  279.987    280  
88.8  220.41  220.594  220.879  222.085  238.317  260.933  274.291  279.987    280  
88.9  220.41  220.594  220.879  222.085  238.317  260.929  274.275  279.987    280  
89  220.41  220.594  220.879  222.085  238.317  260.924  274.259  279.987    280  
89.1  220.41  220.594  220.879  222.085  238.317  260.92  274.243  279.986    280  
89.2  220.41  220.594  220.879  222.085  238.317  260.916  274.227  279.986    280  
89.3  220.41  220.594  220.879  222.085  238.317  260.912  274.211  279.986    280  
89.4  220.41  220.594  220.879  222.085  238.317  260.908  274.196  279.986    280  
89.5  220.41  220.594  220.879  222.085  238.317  260.904  274.18  279.986    280  
89.6  220.41  220.594  220.879  222.085  238.316  260.9  274.165  279.986    280  
89.7  220.41  220.594  220.879  222.085  238.316  260.896  274.15  279.985    280  
89.8  220.41  220.594  220.879  222.085  238.316  260.892  274.135  279.985    280  
89.9  220.41  220.594  220.879  222.085  238.316  260.888  274.119  279.985    280  
90  220.41  220.594  220.879  222.085  238.316  260.884  274.104  279.985    280  
90.1  220.41  220.594  220.879  222.085  238.316  260.88  274.09  279.985    280  
90.2  220.41  220.594  220.879  222.085  238.316  260.876  274.075  279.985    280  
90.3  220.41  220.594  220.879  222.085  238.316  260.873  274.06  279.984    280  
90.4  220.41  220.594  220.879  222.085  238.316  260.869  274.045  279.984    280  
90.5  220.41  220.594  220.879  222.085  238.316  260.865  274.031  279.984    280  
90.6  220.41  220.594  220.879  222.085  238.316  260.862  274.016  279.984    280  
90.7  220.41  220.594  220.879  222.085  238.316  260.858  274.002  279.984    280  
90.8  220.41  220.594  220.879  222.085  238.315  260.855  273.988  279.984    280  
90.9  220.41  220.594  220.879  222.085  238.315  260.851  273.973  279.983    280  
91  220.41  220.594  220.879  222.085  238.315  260.848  273.959  279.983    280  
91.1  220.41  220.594  220.879  222.085  238.315  260.845  273.945  279.983    280  
91.2  220.41  220.594  220.879  222.085  238.315  260.841  273.931  279.983    280  
91.3  220.41  220.594  220.879  222.085  238.315  260.838  273.917  279.983    280  
91.4  220.41  220.594  220.879  222.085  238.315  260.835  273.904  279.983    280  
91.5  220.41  220.594  220.879  222.085  238.315  260.832  273.89  279.982    280  
91.6  220.41  220.594  220.879  222.085  238.315  260.828  273.876  279.982    280  
91.7  220.41  220.594  220.879  222.085  238.315  260.825  273.863  279.982    280  
91.8  220.41  220.594  220.879  222.085  238.315  260.822  273.849  279.982    280  
91.9  220.41  220.594  220.879  222.085  238.315  260.819  273.836  279.982    280  
92  220.41  220.594  220.879  222.085  238.315  260.816  273.823  279.981    280  
92.1  220.41  220.594  220.879  222.085  238.315  260.813  273.809  279.981    280  
92.2  220.41  220.594  220.879  222.085  238.314  260.81  273.796  279.981    280  
92.3  220.41  220.594  220.879  222.085  238.314  260.807  273.783  279.981    280  
92.4  220.41  220.594  220.879  222.085  238.314  260.804  273.77  279.981    280  
92.5  220.41  220.594  220.879  222.085  238.314  260.801  273.758  279.98    280  
92.6  220.41  220.594  220.879  222.085  238.314  260.799  273.745  279.98    280  
92.7  220.41  220.594  220.879  222.085  238.314  260.796  273.732  279.98    280  
92.8  220.41  220.594  220.879  222.085  238.314  260.793  273.72  279.98    280  
92.9  220.41  220.594  220.879  222.085  238.314  260.79  273.707  279.98    280  
93  220.41  220.594  220.879  222.085  238.314  260.788  273.695  279.979    280  
93.1  220.41  220.594  220.879  222.085  238.314  260.785  273.682  279.979    280  
93.2  220.41  220.594  220.879  222.085  238.314  260.782  273.67  279.979    280  
93.3  220.41  220.594  220.879  222.085  238.314  260.78  273.658  279.979    280  
93.4  220.41  220.594  220.879  222.085  238.314  260.777  273.646  279.979    280  
93.5  220.41  220.594  220.879  222.085  238.314  260.775  273.634  279.978    280  
93.6  220.41  220.594  220.879  222.085  238.314  260.772  273.622  279.978    280  
93.7  220.41  220.594  220.879  222.085  238.314  260.77  273.61  279.978    280  
93.8  220.41  220.594  220.879  222.085  238.314  260.767  273.598  279.978    280  
93.9  220.41  220.594  220.879  222.085  238.314  260.765  273.586  279.977    280  
94  220.41  220.594  220.879  222.085  238.314  260.762  273.575  279.977    280  
94.1  220.41  220.594  220.879  222.085  238.314  260.76  273.563  279.977    280  
94.2  220.41  220.594  220.879  222.085  238.313  260.758  273.551  279.977    280  
94.3  220.41  220.594  220.879  222.085  238.313  260.755  273.54  279.977    280  
94.4  220.41  220.594  220.879  222.085  238.313  260.753  273.529  279.976    280  
94.5  220.41  220.594  220.879  222.085  238.313  260.751  273.517  279.976    280  
94.6  220.41  220.594  220.879  222.085  238.313  260.749  273.506  279.976    280  
94.7  220.41  220.594  220.879  222.085  238.313  260.746  273.495  279.976    280  
94.8  220.41  220.594  220.879  222.085  238.313  260.744  273.484  279.975    280  
94.9  220.41  220.594  220.879  222.085  238.313  260.742  273.473  279.975    280  
95  220.41  220.594  220.879  222.085  238.313  260.74  273.462  279.975    280  
95.1  220.41  220.594  220.879  222.085  238.313  260.738  273.451  279.975    280  
95.2  220.41  220.594  220.879  222.085  238.313  260.736  273.441  279.974    280  
95.3  220.41  220.594  220.879  222.085  238.313  260.734  273.43  279.974    280  
95.4  220.41  220.594  220.879  222.085  238.313  260.731  273.419  279.974    280  
95.5  220.41  220.594  220.879  222.085  238.313  260.729  273.409  279.974    280  
95.6  220.41  220.594  220.879  222.085  238.313  260.727  273.398  279.974    280  
95.7  220.41  220.594  220.879  222.085  238.313  260.725  273.388  279.973    280  
95.8  220.41  220.594  220.879  222.085  238.313  260.724  273.378  279.973    280  
95.9  220.41  220.594  220.879  222.085  238.313  260.722  273.367  279.973    280  
96  220.41  220.594  220.879  222.085  238.313  260.72  273.357  279.973    280  
96.1  220.41  220.594  220.879  222.085  238.313  260.718  273.347  279.972    280  
96.2  220.41  220.594  220.879  222.085  238.313  260.716  273.337  279.972    280  
96.3  220.41  220.594  220.879  222.085  238.313  260.714  273.327  279.972    280  
96.4  220.41  220.594  220.879  222.085  238.313  260.712  273.317  279.971    280  
96.5  220.41  220.594  220.879  222.085  238.313  260.71  273.307  279.971    280  
96.6  220.41  220.594  220.879  222.085  238.313  260.709  273.298  279.971    280  
96.7  220.41  220.594  220.879  222.085  238.313  260.707  273.288  279.971    280  
96.8  220.41  220.594  220.879  222.085  238.313  260.705  273.278  279.97    280  
96.9  220.41  220.594  220.879  222.085  238.313  260.703  273.269  279.97    280  
97  220.41  220.594  220.879  222.085  238.312  260.702  273.259  279.97    280  
97.1  220.41  220.594  220.879  222.085  238.312  260.7  273.25  279.97    280  
97.2  220.41  220.594  220.879  222.085  238.312  260.698  273.241  279.969    280  
97.3  220.41  220.594  220.879  222.085  238.312  260.697  273.231  279.969    280  
97.4  220.41  220.594  220.879  222.085  238.312  260.695  273.222  279.969    280  
97.5  220.41  220.594  220.879  222.085  238.312  260.693  273.213  279.969    280  
97.6  220.41  220.594  220.879  222.085  238.312  260.692  273.204  279.968    280  
97.7  220.41  220.594  220.879  222.085  238.312  260.69  273.195  279.968    280  
97.8  220.41  220.594  220.879  222.085  238.312  260.689  273.186  279.968    280  
97.9  220.41  220.594  220.879  222.085  238.312  260.687  273.177  279.967    280  
98  220.41  220.594  220.879  222.085  238.312  260.686  273.168  279.967    280  
98.1  220.41  220.594  220.879  222.085  238.312  260.684  273.159  279.967    280  
98.2  220.41  220.594  220.879  222.085  238.312  260.683  273.151  279.967    280  
98.3  220.41  220.594  220.879  222.085  238.312  260.681  273.142  279.966    280  
98.4  220.41  220.594  220.879  222.085  238.312  260.68  273.133  279.966    280  
98.5  220.41  220.594  220.879  222.085  238.312  260.678  273.125  279.966    280  
98.6  220.41  220.594  220.879  222.085  238.312  260.677  273.116  279.966    280  
98.7  220.41  220.594  220.879  222.085  238.312  260.675  273.108  279.965    280  
98.8  220.41  220.594  220.879  222.085  238.312  260.674  273.099  279.965    280  
98.9  220.41  220.594  220.879  222.085  238.312  260.673  273.091  279.965    280  
99  220.41  220.594  220.879  222.085  238.312  260.671  273.083  279.964    280  
99.1  220.41  220.594  220.879  222.085  238.312  260.67  273.075  279.964    280  
99.2  220.41  220.594  220.879  222.085  238.312  260.669  273.067  279.964    280  
99.3  220.41  220.594  220.879  222.085  238.312  260.667  273.058  279.963    280  
99.4  220.41  220.594  220.879  222.085  238.312  260.666  273.05  279.963    280  
99.5  220.41  220.594  220.879  222.085  238.312  260.665  273.043  279.963    280  
99.6  220.41  220.594  220.879  222.085  238.312  260.663  273.035  279.963    280  
99.7  220.41  220.594  220.879  222.085  238.312  260.662  273.027  279.962    280  
99.8  220.41  220.594  220.879  222.085  238.312  260.661  273.019  279.962    280  
99.9  220.41  220.594  220.879  222.085  238.312  260.66  273.011  279.962    280  
100  220.41  220.594  220.879  222.085  238.312  260.658  273.004  279.961    280  
100.1  220.41  220.594  220.879  222.085  238.312  260.657  272.996  279.961    280  
100.2  220.41  220.594  220.879  222.085  238.312  260.656  272.988  279.961    280  
100.3  220.41  220.594  220.879  222.085  238.312  260.655  272.981  279.96    280  
100.4  220.41  220.594  220.879  222.085  238.312  260.654  272.973  279.96    280  
100.5  220.41  220.594  220.879  222.085  238.312  260.652  272.966  279.96    280  
100.6  220.41  220.594  220.879  222.085  238.312  260.651  272.959  279.959    280  
100.7  220.41  220.594  220.879  222.085  238.312  260.65  272.951  279.959    280  
100.8  220.41  220.594  220.879  222.085  238.312  260.649  272.944  279.959    280  
100.9  220.41  220.594  220.879  222.085  238.312  260.648  272.937  279.959    280  
101  220.41  220.594  220.879  222.085  238.312  260.647  272.93  279.958    280  
101.1  220.41  220.594  220.879  222.085  238.312  260.646  272.923  279.958    280  
101.2  220.41  220.594  220.879  222.085  238.312  260.645  272.916  279.958    280  
101.3  220.41  220.594  220.879  222.085  238.312  260.644  272.909  279.957    280  
101.4  220.41  220.594  220.879  222.085  238.312  260.643  272.902  279.957    280  
101.5  220.41  220.594  220.879  222.085  238.312  260.642  272.895  279.957    280  
101.6  220.41  220.594  220.879  222.085  238.312  260.641  272.888  279.956    280  
101.7  220.41  220.594  220.879  222.085  238.311  260.64  272.881  279.956    280  
101.8  220.41  220.594  220.879  222.085  238.311  260.639  272.874  279.956    280  
101.9  220.41  220.594  220.879  222.085  238.311  260.638  272.868  279.955    280  
102  220.41  220.594  220.879  222.085  238.311  260.637  272.861  279.955    280  
102.1  220.41  220.594  220.879  222.085  238.311  260.636  272.854  279.955    280  
102.2  220.41  220.594  220.879  222.085  238.311  260.635  272.848  279.954    280  
102.3  220.41  220.594  220.879  222.085  238.311  260.634  272.841  279.954    280  
102.4  220.41  220.594  220.879  222.085  238.311  260.633  272.835  279.954    280  
102.5  220.41  220.594  220.879  222.085  238.311  260.632  272.828  279.953    280  
102.6  220.41  220.594  220.879  222.085  238.311  260.631  272.822  279.953    280  
102.7  220.41  220.594  220.879  222.085  238.311  260.63  272.816  279.953    280  
102.8  220.41  220.594  220.879  222.085  238.311  260.629  272.809  279.952    280  
102.9  220.41  220.594  220.879  222.085  238.311  260.628  272.803  279.952    280  
103  220.41  220.594  220.879  222.085  238.311  260.627  272.797  279.952    280  
103.1  220.41  220.594  220.879  222.085  238.311  260.626  272.791  279.951    280  
103.2  220.41  220.594  220.879  222.085  238.311  260.626  272.785  279.951    280  
103.3  220.41  220.594  220.879  222.085  238.311  260.625  272.779  279.951    280  
103.4  220.41  220.594  220.879  222.085  238.311  260.624  272.773  279.95    280  
103.5  220.41  220.594  220.879  222.085  238.311  260.623  272.767  279.95    280  
103.6  220.41  220.594  220.879  222.085  238.311  260.622  272.761  279.949    280  
103.7  220.41  220.594  220.879  222.085  238.311  260.621  272.755  279.949    280  
103.8  220.41  220.594  220.879  222.085  238.311  260.621  272.749  279.949    280  
103.9  220.41  220.594  220.879  222.085  238.311  260.62  272.743  279.948    280  
104  220.41  220.594  220.879  222.085  238.311  260.619  272.738  279.948    280  
104.1  220.41  220.594  220.879  222.085  238.311  260.618  272.732  279.948    280  
104.2  220.41  220.594  220.879  222.085  238.311  260.617  272.726  279.947    280  
104.3  220.41  220.594  220.879  222.085  238.311  260.617  272.721  279.947    280  
104.4  220.41  220.594  220.879  222.085  238.311  260.616  272.715  279.947    280  
104.5  220.41  220.594  220.879  222.085  238.311  260.615  272.709  279.946    280  
104.6  220.41  220.594  220.879  222.085  238.311  260.614  272.704  279.946    280  
104.7  220.41  220.594  220.879  222.085  238.311  260.614  272.698  279.946    280  
104.8  220.41  220.594  220.879  222.085  238.311  260.613  272.693  279.945    280  
104.9  220.41  220.594  220.879  222.085  238.311  260.612  272.688  279.945    280  
105  220.41  220.594  220.879  222.085  238.311  260.611  272.682  279.944    280  
105.1  220.41  220.594  220.879  222.085  238.311  260.611  272.677  279.944    280  
105.2  220.41  220.594  220.879  222.085  238.311  260.61  272.672  279.944    280  
105.3  220.41  220.594  220.879  222.085  238.311  260.609  272.666  279.943    280  
105.4  220.41  220.594  220.879  222.085  238.311  260.609  272.661  279.943    280  
105.5  220.41  220.594  220.879  222.085  238.311  260.608  272.656  279.943    280  
105.6  220.41  220.594  220.879  222.085  238.311  260.607  272.651  279.942    280  
105.7  220.41  220.594  220.879  222.085  238.311  260.607  272.646  279.942    280  
105.8  220.41  220.594  220.879  222.085  238.311  260.606  272.641  279.941    280  
105.9  220.41  220.594  220.879  222.085  238.311  260.605  272.636  279.941    280  
106  220.41  220.594  220.879  222.085  238.311  260.605  272.631  279.941    280  
106.1  220.41  220.594  220.879  222.085  238.311  260.604  272.626  279.94    280  
106.2  220.41  220.594  220.879  222.085  238.311  260.603  272.621  279.94    280  
106.3  220.41  220.594  220.879  222.085  238.311  260.603  272.616  279.94    280  
106.4  220.41  220.594  220.879  222.085  238.311  260.602  272.611  279.939    280  
106.5  220.41  220.594  220.879  222.085  238.311  260.602  272.607  279.939    280  
106.6  220.41  220.594  220.879  222.085  238.311  260.601  272.602  279.938    280  
106.7  220.41  220.594  220.879  222.085  238.311  260.6  272.597  279.938    280  
106.8  220.41  220.594  220.879  222.085  238.311  260.6  272.592  279.938    280  
106.9  220.41  220.594  220.879  222.085  238.311  260.599  272.588  279.937    280  
107  220.41  220.594  220.879  222.085  238.311  260.599  272.583  279.937    280  
107.1  220.41  220.594  220.879  222.085  238.311  260.598  272.578  279.937    280  
107.2  220.41  220.594  220.879  222.085  238.311  260.597  272.574  279.936    280  
107.3  220.41  220.594  220.879  222.085  238.311  260.597  272.569  279.936    280  
107.4  220.41  220.594  220.879  222.085  238.311  260.596  272.565  279.935    280  
107.5  220.41  220.594  220.879  222.085  238.311  260.596  272.56  279.935    280  
107.6  220.41  220.594  220.879  222.085  238.311  260.595  272.556  279.935    280  
107.7  220.41  220.594  220.879  222.085  238.311  260.595  272.552  279.934    280  
107.8  220.41  220.594  220.879  222.085  238.311  260.594  272.547  279.934    280  
107.9  220.41  220.594  220.879  222.085  238.311  260.594  272.543  279.933    280  
108  220.41  220.594  220.879  222.085  238.311  260.593  272.539  279.933    280  
108.1  220.41  220.594  220.879  222.085  238.311  260.593  272.534  279.933    280  
108.2  220.41  220.594  220.879  222.085  238.311  260.592  272.53  279.932    280  
108.3  220.41  220.594  220.879  222.085  238.311  260.592  272.526  279.932    280  
108.4  220.41  220.594  220.879  222.085  238.311  260.591  272.522  279.931    280  
108.5  220.41  220.594  220.879  222.085  238.311  260.591  272.518  279.931    280  
108.6  220.41  220.594  220.879  222.085  238.311  260.59  272.513  279.931    280  
108.7  220.41  220.594  220.879  222.085  238.311  260.59  272.509  279.93    280  
108.8  220.41  220.594  220.879  222.085  238.311  260.589  272.505  279.93    280  
108.9  220.41  220.594  220.879  222.085  238.311  260.589  272.501  279.929    280  
109  220.41  220.594  220.879  222.085  238.311  260.588  272.497  279.929    280  
109.1  220.41  220.594  220.879  222.085  238.311  260.588  272.493  279.929    280  
109.2  220.41  220.594  220.879  222.085  238.311  260.587  272.489  279.928    280  
109.3  220.41  220.594  220.879  222.085  238.311  260.587  272.485  279.928    280  
109.4  220.41  220.594  220.879  222.085  238.311  260.586  272.482  279.927    280  
109.5  220.41  220.594  220.879  222.085  238.311  260.586  272.478  279.927    280  
109.6  220.41  220.594  220.879  222.085  238.311  260.585  272.474  279.927    280  
109.7  220.41  220.594  220.879  222.085  238.311  260.585  272.47  279.926    280  
109.8  220.41  220.594  220.879  222.085  238.311  260.584  272.466  279.926    280  
109.9  220.41  220.594  220.879  222.085  238.311  260.584  272.463  279.925    280  
110  220.41  220.594  220.879  222.085  238.311  260.584  272.459  279.925    280  
110.1  220.41  220.594  220.879  222.085  238.311  260.583  272.455  279.925    280  
110.2  220.41  220.594  220.879  222.085  238.311  260.583  272.452  279.924    280  
110.3  220.41  220.594  220.879  222.085  238.311  260.582  272.448  279.924    280  
110.4  220.41  220.594  220.879  222.085  238.311  260.582  272.444  279.923    280  
110.5  220.41  220.594  220.879  222.085  238.311  260.582  272.441  279.923    280  
110.6  220.41  220.594  220.879  222.085  238.311  260.581  272.437  279.923    280  
110.7  220.41  220.594  220.879  222.085  238.311  260.581  272.434  279.922    280  
110.8  220.41  220.594  220.879  222.085  238.311  260.58  272.43  279.922    280  
110.9  220.41  220.594  220.879  222.085  238.311  260.58  272.427  279.921    280  
111  220.41  220.594  220.879  222.085  238.311  260.58  272.423  279.921    280  
111.1  220.41  220.594  220.879  222.085  238.311  260.579  272.42  279.92    280  
111.2  220.41  220.594  220.879  222.085  238.311  260.579  272.416  279.92    280  
111.3  220.41  220.594  220.879  222.085  238.311  260.578  272.413  279.92    280  
111.4  220.41  220.594  220.879  222.085  238.311  260.578  272.41  279.919    280  
111.5  220.41  220.594  220.879  222.085  238.311  260.578  272.406  279.919    280  
111.6  220.41  220.594  220.879  222.085  238.311  260.577  272.403  279.918    280  
111.7  220.41  220.594  220.879  222.085  238.311  260.577  272.4  279.918    280  
111.8  220.41  220.594  220.879  222.085  238.311  260.577  272.396  279.918    280  
111.9  220.41  220.594  220.879  222.085  238.311  260.576  272.393  279.917    280  
112  220.41  220.594  220.879  222.085  238.311  260.576  272.39  279.917    280  
112.1  220.41  220.594  220.879  222.085  238.311  260.576  272.387  279.916    280  
112.2  220.41  220.594  220.879  222.085  238.311  260.575  272.384  279.916    280  
112.3  220.41  220.594  220.879  222.085  238.311  260.575  272.38  279.915    280  
112.4  220.41  220.594  220.879  222.085  238.311  260.575  272.377  279.915    280  
112.5  220.41  220.594  220.879  222.085  238.311  260.574  272.374  279.915    280  
112.6  220.41  220.594  220.879  222.085  238.311  260.574  272.371  279.914    280  
112.7  220.41  220.594  220.879  222.085  238.311  260.574  272.368  279.914    280  
112.8  220.41  220.594  220.879  222.085  238.311  260.573  272.365  279.913    280  
112.9  220.41  220.594  220.879  222.085  238.311  260.573  272.362  279.913    280  
113  220.41  220.594  220.879  222.085  238.311  260.573  272.359  279.912    280  
113.1  220.41  220.594  220.879  222.085  238.311  260.572  272.356  279.912    280  
113.2  220.41  220.594  220.879  222.085  238.311  260.572  272.353  279.912    280  
113.3  220.41  220.594  220.879  222.085  238.311  260.572  272.35  279.911    280  
113.4  220.41  220.594  220.879  222.085  238.311  260.571  272.347  279.911    280  
113.5  220.41  220.594  220.879  222.085  238.311  260.571  272.344  279.91    280  
113.6  220.41  220.594  220.879  222.085  238.311  260.571  272.341  279.91    280  
113.7  220.41  220.594  220.879  222.085  238.311  260.57  272.339  279.909    280  
113.8  220.41  220.594  220.879  222.085  238.311  260.57  272.336  279.909    280  
113.9  220.41  220.594  220.879  222.085  238.311  260.57  272.333  279.909    280  
114  220.41  220.594  220.879  222.085  238.311  260.57  272.33  279.908    280  
114.1  220.41  220.594  220.879  222.085  238.311  260.569  272.327  279.908    280  
114.2  220.41  220.594  220.879  222.085  238.311  260.569  272.325  279.907    280  
114.3  220.41  220.594  220.879  222.085  238.311  260.569  272.322  279.907    280  
114.4  220.41  220.594  220.879  222.085  238.311  260.568  272.319  279.906    280  
114.5  220.41  220.594  220.879  222.085  238.311  260.568  272.317  279.906    280  
114.6  220.41  220.594  220.879  222.085  238.311  260.568  272.314  279.906    280  
114.7  220.41  220.594  220.879  222.085  238.311  260.568  272.311  279.905    280  
114.8  220.41  220.594  220.879  222.085  238.311  260.567  272.309  279.905    280  
114.9  220.41  220.594  220.879  222.085  238.311  260.567  272.306  279.904    280  
115  220.41  220.594  220.879  222.085  238.311  260.567  272.303  279.904    280  
115.1  220.41  220.594  220.879  222.085  238.311  260.567  272.301  279.903    280  
115.2  220.41  220.594  220.879  222.085  238.311  260.566  272.298  279.903    280  
115.3  220.41  220.594  220.879  222.085  238.311  260.566  272.296  279.903    280  
115.4  220.41  220.594  220.879  222.085  238.311  260.566  272.293  279.902    280  
115.5  220.41  220.594  220.879  222.085  238.311  260.566  272.291  279.902    280  
115.6  220.41  220.594  220.879  222.085  238.311  260.565  272.288  279.901    280  
115.7  220.41  220.594  220.879  222.085  238.311  260.565  272.286  279.901    280  
115.8  220.41  220.594  220.879  222.085  238.311  260.565  272.283  279.9    280  
115.9  220.41  220.594  220.879  222.085  238.311  260.565  272.281  279.9    280  
116  220.41  220.594  220.879  222.085  238.311  260.564  272.279  279.9    280  
116.1  220.41  220.594  220.879  222.085  238.311  260.564  272.276  279.899    280  
116.2  220.41  220.594  220.879  222.085  238.311  260.564  272.274  279.899    280  
116.3  220.41  220.594  220.879  222.085  238.311  260.564  272.271  279.898    280  
116.4  220.41  220.594  220.879  222.085  238.311  260.563  272.269  279.898    280  
116.5  220.41  220.594  220.879  222.085  238.311  260.563  272.267  279.897    280  
116.6  220.41  220.594  220.879  222.085  238.311  260.563  272.264  279.897    280  
116.7  220.41  220.594  220.879  222.085  238.311  260.563  272.262  279.897    280  
116.8  220.41  220.594  220.879  222.085  238.311  260.563  272.26  279.896    280  
116.9  220.41  220.594  220.879  222.085  238.311  260.562  272.258  279.896    280  
117  220.41  220.594  220.879  222.085  238.311  260.562  272.255  279.895    280  
117.1  220.41  220.594  220.879  222.085  238.311  260.562  272.253  279.895    280  
117.2  220.41  220.594  220.879  222.085  238.311  260.562  272.251  279.894    280  
117.3  220.41  220.594  220.879  222.085  238.311  260.561  272.249  279.894    280  
117.4  220.41  220.594  220.879  222.085  238.311  260.561  272.247  279.894    280  
117.5  220.41  220.594  220.879  222.085  238.311  260.561  272.244  279.893    280  
117.6  220.41  220.594  220.879  222.085  238.311  260.561  272.242  279.893    280  
117.7  220.41  220.594  220.879  222.085  238.311  260.561  272.24  279.892    280  
117.8  220.41  220.594  220.879  222.085  238.311  260.56  272.238  279.892    280  
117.9  220.41  220.594  220.879  222.085  238.31  260.56  272.236  279.891    280  
118  220.41  220.594  220.879  222.085  238.31  260.56  272.234  279.891    280  
118.1  220.41  220.594  220.879  222.085  238.31  260.56  272.232  279.89    280  
118.2  220.41  220.594  220.879  222.085  238.31  260.56  272.23  279.89    280  
118.3  220.41  220.594  220.879  222.085  238.31  260.559  272.228  279.89    280  
118.4  220.41  220.594  220.879  222.085  238.31  260.559  272.226  279.889    280  
118.5  220.41  220.594  220.879  222.085  238.31  260.559  272.224  279.889    280  
118.6  220.41  220.594  220.879  222.085  238.31  260.559  272.222  279.888    280  
118.7  220.41  220.594  220.879  222.085  238.31  260.559  272.22  279.888    280  
118.8  220.41  220.594  220.879  222.085  238.31  260.559  272.218  279.887    280  
118.9  220.41  220.594  220.879  222.085  238.31  260.558  272.216  279.887    280  
119  220.41  220.594  220.879  222.085  238.31  260.558  272.214  279.887    280  
119.1  220.41  220.594  220.879  222.085  238.31  260.558  272.212  279.886    280  
119.2  220.41  220.594  220.879  222.085  238.31  260.558  272.21  279.886    280  
119.3  220.41  220.594  220.879  222.085  238.31  260.558  272.208  279.885    280  
119.4  220.41  220.594  220.879  222.085  238.31  260.557  272.206  279.885    280  
119.5  220.41  220.594  220.879  222.085  238.31  260.557  272.204  279.884    280  
119.6  220.41  220.594  220.879  222.085  238.31  260.557  272.202  279.884    280  
119.7  220.41  220.594  220.879  222.085  238.31  260.557  272.2  279.884    280  
119.8  220.41  220.594  220.879  222.085  238.31  260.557  272.199  279.883    280  
119.9  220.41  220.594  220.879  222.085  238.31  260.557  272.197  279.883    280  
120  220.41  220.594  220.879  222.085  238.31  260.556  272.195  279.882    280  
