t (s) 	m_dot_g_surf (kg/m²/s)	m_dot_c (kg/m²/s)	< 0.98 Virgin	> 1.02 Char	Total recession (m)
0.0	0	0	0	0	0
0.1    0.153838    0  0.000188116   6.36985e-05 0
0.2    0.062342    0  0.000443823   6.36985e-05 0
0.3    0.050894    0  0.000593637   6.36985e-05 0
0.4    0.0443673    0  0.000733479   6.36985e-05 0
0.5    0.0401386    0  0.000864338   6.36985e-05 0
0.6    0.0371719    0  0.000982879   6.36985e-05 0
0.7    0.0348072    0  0.00108162   6.36985e-05 0
0.8    0.0329046    0  0.00117024   6.36985e-05 0
0.9    0.0313351    0  0.00127245   6.36985e-05 0
1    0.0299843    0  0.00134115   6.36985e-05 0
1.1    0.0288261    0  0.00144074   6.36985e-05 0
1.2    0.0278126    0  0.00150554   6.36985e-05 0
1.3    0.0269087    0  0.00159676   6.36985e-05 0
1.4    0.0261002    0  0.00165611   6.36985e-05 0
1.5    0.0253705    0  0.00174222   6.36985e-05 0
1.6    0.0247027    0  0.00180436   6.36985e-05 0
1.7    0.0240925    0  0.00187545   6.36985e-05 0
1.8    0.0235334    0  0.00194418   6.36985e-05 0
1.9    0.0230148    0  0.00199496   6.36985e-05 0
2    0.0225306    0  0.00207198   6.36985e-05 0
2.1    0.0220838    0  0.00213092   6.36985e-05 0
2.2    0.0216625    0  0.0021816   6.36985e-05 0
2.3    0.0212702    0  0.00225327   6.36985e-05 0
2.4    0.0209003    0  0.00230829   6.36985e-05 0
2.5    0.0205517    0  0.0023541   6.36985e-05 0
2.6    0.0202225    0  0.00242341   6.36985e-05 0
2.7    0.0199096    0  0.00247796   6.36985e-05 0
2.8    0.0196136    0  0.0025223   6.36985e-05 0
2.9    0.0193322    0  0.00258283   6.36985e-05 0
3    0.0190623    0  0.00263955   6.36985e-05 0
3.1    0.0188067    0  0.00268607   6.36985e-05 0
3.2    0.0185603    0  0.0027297   6.36985e-05 0
3.3    0.0183254    0  0.00279118   6.36985e-05 0
3.4    0.0181015    0  0.00284187   6.36985e-05 0
3.5    0.0178855    0  0.00288453   6.36985e-05 0
3.6    0.0176779    0  0.00292933   6.36985e-05 0
3.7    0.0174787    0  0.00298657   6.36985e-05 0
3.8    0.0172863    0  0.00303471   6.36985e-05 0
3.9    0.0171016    0  0.0030759   6.36985e-05 0
4    0.0169234    0  0.00311524   6.36985e-05 0
4.1    0.0167514    0  0.00317147   6.36985e-05 0
4.2    0.0165855    0  0.00321939   6.36985e-05 0
4.3    0.0164238    0  0.0032608   6.36985e-05 0
4.4    0.0162684    0  0.0032971   6.36985e-05 0
4.5    0.0161169    0  0.00334586   6.36985e-05 0
4.6    0.0159714    0  0.00339547   6.36985e-05 0
4.7    0.0158295    0  0.0034386   6.36985e-05 0
4.8    0.015692    0  0.00347654   6.36985e-05 0
4.9    0.0155574    0  0.0035103   6.36985e-05 0
5    0.0154282    0  0.00356113   6.36985e-05 0
5.1    0.0153019    0  0.00360753   6.36985e-05 0
5.2    0.0151789    0  0.00364843   6.36985e-05 0
5.3    0.015059    0  0.00368482   6.36985e-05 0
5.4    0.0149427    0  0.00371752   6.36985e-05 0
5.5    0.0148289    0  0.00376455   6.36985e-05 0
5.6    0.0147185    0  0.00380998   6.36985e-05 0
5.7    0.0146108    0  0.00385037   6.36985e-05 0
5.8    0.0145049    0  0.00388658   6.36985e-05 0
5.9    0.0144026    0  0.0039193   6.36985e-05 0
6    0.0143021    0  0.00395689   6.36985e-05 0
6.1    0.0142044    0  0.00400304   6.36985e-05 0
6.2    0.0141093    0  0.00404434   6.36985e-05 0
6.3    0.0140147    0  0.00408153   6.36985e-05 0
6.4    0.0139235    0  0.00411525   6.36985e-05 0
6.5    0.0138339    0  0.00414603   6.36985e-05 0
6.6    0.0137463    0  0.00418547   6.36985e-05 0
6.7    0.0136603    0  0.00422901   6.36985e-05 0
6.8    0.0135771    0  0.00426834   6.36985e-05 0
6.9    0.0134945    0  0.00430407   6.36985e-05 0
7    0.0134137    0  0.00433671   6.36985e-05 0
7.1    0.0133347    0  0.00436671   6.36985e-05 0
7.2    0.0132574    0  0.00440184   6.36985e-05 0
7.3    0.0131809    0  0.00444459   6.36985e-05 0
7.4    0.0131069    0  0.00448348   6.36985e-05 0
7.5    0.0130341    0  0.00451901   6.36985e-05 0
7.6    0.0129619    0  0.00455164   6.36985e-05 0
7.7    0.0128915    0  0.00458175   6.53602e-05 0
7.8    0.0128222    0  0.00460966   7.15964e-05 0
7.9    0.0127542    0  0.00464995   7.78704e-05 0
8    0.0126877    0  0.00468964   8.41813e-05 0
8.1    0.0126223    0  0.00472606   9.05283e-05 0
8.2    0.012558    0  0.00475961   9.69107e-05 0
8.3    0.0124944    0  0.00479065   0.000103328 0
8.4    0.0124319    0  0.00481947   0.000109779 0
8.5    0.0123706    0  0.00484635   0.000116263 0
8.6    0.0123105    0  0.00488545   0.00012278 0
8.7    0.0122511    0  0.00492382   0.000129329 0
8.8    0.0121933    0  0.00495923   0.00013591 0
8.9    0.0121361    0  0.00499204   0.000142521 0
9    0.0120795    0  0.00502254   0.000149163 0
9.1    0.0120239    0  0.00505099   0.000155834 0
9.2    0.0119688    0  0.00507762   0.000162535 0
9.3    0.0119149    0  0.00510972   0.000169264 0
9.4    0.0118619    0  0.00514806   0.000176021 0
9.5    0.0118097    0  0.0051836   0.000182805 0
9.6    0.0117581    0  0.00521666   0.000189617 0
9.7    0.0117078    0  0.00524749   0.000196062 0
9.8    0.0116577    0  0.00527633   0.000202233 0
9.9    0.0116079    0  0.00530339   0.000208436 0
10    0.0115594    0  0.00532886   0.00021467 0
10.1    0.0115116    0  0.00536177   0.000220934 0
10.2    0.0114642    0  0.00539847   0.000227229 0
10.3    0.0114176    0  0.00543268   0.000233553 0
10.4    0.0113716    0  0.00546466   0.000239906 0
10.5    0.0113264    0  0.00549463   0.000246288 0
10.6    0.0112817    0  0.00552279   0.000252698 0
10.7    0.0112373    0  0.00554931   0.000259135 0
10.8    0.0111936    0  0.00557436   0.0002656 0
10.9    0.0111503    0  0.00560193   0.000272092 0
11    0.0111078    0  0.00563824   0.00027861 0
11.1    0.0110659    0  0.00567223   0.000285154 0
11.2    0.0110245    0  0.00570412   0.000291724 0
11.3    0.0109837    0  0.0057341   0.000298319 0
11.4    0.0109436    0  0.00576235   0.000304939 0
11.5    0.010904    0  0.00578903   0.000311584 0
11.6    0.0108646    0  0.00581428   0.000318252 0
11.7    0.0108252    0  0.00583824   0.0003249 0
11.8    0.0107865    0  0.00586724   0.000330909 0
11.9    0.0107484    0  0.00590196   0.000336946 0
12    0.0107108    0  0.00593462   0.00034301 0
12.1    0.0106736    0  0.00596539   0.000349101 0
12.2    0.010637    0  0.00599444   0.000355218 0
12.3    0.010601    0  0.00602193   0.000361362 0
12.4    0.0105653    0  0.00604798   0.000367531 0
12.5    0.0105304    0  0.00607271   0.000373725 0
12.6    0.0104955    0  0.00609626   0.000379944 0
12.7    0.0104606    0  0.00612034   0.000386188 0
12.8    0.0104262    0  0.00615462   0.000392457 0
12.9    0.0103919    0  0.00618698   0.000398749 0
13    0.0103581    0  0.00621756   0.000405065 0
13.1    0.0103247    0  0.00624653   0.000411405 0
13.2    0.0102917    0  0.00627399   0.000417767 0
13.3    0.0102592    0  0.00630009   0.000424153 0
13.4    0.0102271    0  0.00632493   0.000430561 0
13.5    0.0101957    0  0.00634862   0.000436991 0
13.6    0.0101649    0  0.00637123   0.000443443 0
13.7    0.0101341    0  0.0063962   0.000449917 0
13.8    0.0101033    0  0.00642914   0.000456412 0
13.9    0.0100725    0  0.00646035   0.000462571 0
14    0.0100421    0  0.00648996   0.000468418 0
14.1    0.0100122    0  0.00651809   0.000474289 0
14.2    0.00998237    0  0.00654487   0.000480184 0
14.3    0.00995304    0  0.00657039   0.000486103 0
14.4    0.00992379    0  0.00659474   0.000492045 0
14.5    0.00989492    0  0.00661802   0.000498009 0
14.6    0.00986636    0  0.00664031   0.000503997 0
14.7    0.00983815    0  0.00666168   0.000510007 0
14.8    0.00981078    0  0.00669229   0.000516039 0
14.9    0.00978412    0  0.00672328   0.000522093 0
15    0.00975658    0  0.00675277   0.000528168 0
15.1    0.00972919    0  0.00678086   0.000534265 0
15.2    0.00970221    0  0.00680765   0.000540383 0
15.3    0.00967546    0  0.00683324   0.000546522 0
15.4    0.00964884    0  0.00685771   0.000552682 0
15.5    0.00962268    0  0.00688114   0.000558862 0
15.6    0.00959671    0  0.0069036   0.000565063 0
15.7    0.00957085    0  0.00692517   0.000571283 0
15.8    0.00954536    0  0.00694591   0.000577524 0
15.9    0.00951998    0  0.00697551   0.000583784 0
16    0.00949494    0  0.00700562   0.000590063 0
16.1    0.00947021    0  0.00703436   0.000596362 0
16.2    0.00944628    0  0.00706181   0.00060216 0
16.3    0.00942253    0  0.00708807   0.000607831 0
16.4    0.00939828    0  0.00711321   0.000613523 0
16.5    0.00937421    0  0.00713731   0.000619236 0
16.6    0.00935037    0  0.00716044   0.00062497 0
16.7    0.00932682    0  0.00718266   0.000630725 0
16.8    0.0093034    0  0.00720404   0.0006365 0
16.9    0.00928023    0  0.00722463   0.000642295 0
17    0.0092572    0  0.00724695   0.000648111 0
17.1    0.00923444    0  0.00727703   0.000653946 0
17.2    0.00921191    0  0.0073058   0.0006598 0
17.3    0.00918946    0  0.00733334   0.000665675 0
17.4    0.00916733    0  0.00735973   0.000671568 0
17.5    0.00914532    0  0.00738504   0.00067748 0
17.6    0.00912373    0  0.00740935   0.000683412 0
17.7    0.00910224    0  0.00743271   0.000689362 0
17.8    0.00908094    0  0.00745519   0.00069533 0
17.9    0.00905954    0  0.00747684   0.000701317 0
18    0.0090383    0  0.00749771   0.000707322 0
18.1    0.00901719    0  0.00751785   0.000713346 0
18.2    0.00899622    0  0.00753731   0.000719387 0
18.3    0.00897556    0  0.00756643   0.000725445 0
18.4    0.00895503    0  0.00759472   0.000731522 0
18.5    0.00893468    0  0.00762186   0.000737615 0
18.6    0.0089144    0  0.00764793   0.000743255 0
18.7    0.00889437    0  0.00767299   0.000748744 0
18.8    0.00887448    0  0.0076971   0.000754252 0
18.9    0.00885477    0  0.00772032   0.000759779 0
19    0.00883529    0  0.0077427   0.000765324 0
19.1    0.00881593    0  0.00776428   0.000770888 0
19.2    0.00879674    0  0.00778512   0.000776471 0
19.3    0.00877783    0  0.00780526   0.000782071 0
19.4    0.00875883    0  0.00782474   0.000787689 0
19.5    0.00874007    0  0.0078441   0.000793326 0
19.6    0.00872128    0  0.00787263   0.000798979 0
19.7    0.0087026    0  0.00790006   0.000804651 0
19.8    0.00868382    0  0.00792644   0.00081034 0
19.9    0.00866544    0  0.00795184   0.000816046 0
20    0.00864721    0  0.00797632   0.000821769 0
20.1    0.0086291    0  0.00799991   0.000827509 0
20.2    0.00861119    0  0.00802268   0.000833266 0
20.3    0.00859337    0  0.00804467   0.00083904 0
20.4    0.00857577    0  0.00806591   0.00084483 0
20.5    0.00855827    0  0.00808647   0.000850637 0
20.6    0.0085408    0  0.00810636   0.000856459 0
20.7    0.00852355    0  0.00812563   0.000862299 0
20.8    0.00850648    0  0.00814432   0.000868154 0
20.9    0.00848948    0  0.0081668   0.000874025 0
21    0.00847251    0  0.0081941   0.000879912 0
21.1    0.00845572    0  0.00822042   0.000885628 0
21.2    0.00843889    0  0.0082458   0.000890934 0
21.3    0.00842225    0  0.0082703   0.000896256 0
21.4    0.00840558    0  0.00829395   0.000901596 0
21.5    0.00838909    0  0.0083168   0.000906953 0
21.6    0.00837259    0  0.0083389   0.000912326 0
21.7    0.00835626    0  0.00836029   0.000917715 0
21.8    0.0083398    0  0.008381   0.000923122 0
21.9    0.00832352    0  0.00840106   0.000928544 0
22    0.00830771    0  0.00842052   0.000933983 0
22.1    0.00829188    0  0.0084394   0.000939437 0
22.2    0.00827635    0  0.00845774   0.000944908 0
22.3    0.00826089    0  0.00847644   0.000950394 0
22.4    0.00824554    0  0.00850332   0.000955896 0
22.5    0.00823027    0  0.00852926   0.000961414 0
22.6    0.00821506    0  0.00855433   0.000966947 0
22.7    0.00820008    0  0.00857857   0.000972495 0
22.8    0.00818507    0  0.00860201   0.000978059 0
22.9    0.0081701    0  0.0086247   0.000983638 0
23    0.00815526    0  0.00864667   0.000989232 0
23.1    0.00814042    0  0.00866796   0.00099484 0
23.2    0.00812575    0  0.00868861   0.00100046 0
23.3    0.00811102    0  0.00870864   0.0010061 0
23.4    0.00809648    0  0.00872808   0.00101176 0
23.5    0.00808188    0  0.00874698   0.00101742 0
23.6    0.00806734    0  0.00876534   0.0010231 0
23.7    0.00805305    0  0.0087832   0.0010288 0
23.8    0.00803866    0  0.00880059   0.00103428 0
23.9    0.0080245    0  0.0088267   0.00103941 0
24    0.00801026    0  0.00885206   0.00104457 0
24.1    0.00799594    0  0.0088766   0.00104974 0
24.2    0.00798185    0  0.00890037   0.00105492 0
24.3    0.00796801    0  0.0089234   0.00106012 0
24.4    0.00795446    0  0.00894572   0.00106534 0
24.5    0.0079408    0  0.00896738   0.00107057 0
24.6    0.00792732    0  0.0089884   0.00107581 0
24.7    0.0079139    0  0.00900881   0.00108107 0
24.8    0.00790051    0  0.00902864   0.00108634 0
24.9    0.00788728    0  0.00904791   0.00109163 0
25    0.00787404    0  0.00906666   0.00109693 0
25.1    0.00786086    0  0.00908491   0.00110225 0
25.2    0.00784787    0  0.00910268   0.00110758 0
25.3    0.00783485    0  0.00911999   0.00111292 0
25.4    0.00782185    0  0.00913776   0.00111828 0
25.5    0.00780909    0  0.00916315   0.00112366 0
25.6    0.00779634    0  0.00918776   0.00112904 0
25.7    0.00778355    0  0.00921163   0.00113444 0
25.8    0.00777095    0  0.00923479   0.00113985 0
25.9    0.00775836    0  0.00925727   0.00114528 0
26    0.00774582    0  0.00927909   0.00115072 0
26.1    0.00773339    0  0.0093003   0.00115618 0
26.2    0.00772097    0  0.00932091   0.00116164 0
26.3    0.00770862    0  0.00934096   0.00116712 0
26.4    0.00769627    0  0.00936046   0.00117262 0
26.5    0.00768393    0  0.00937945   0.00117812 0
26.6    0.00767154    0  0.00939794   0.00118364 0
26.7    0.00765924    0  0.00941596   0.00118864 0
26.8    0.00764714    0  0.00943352   0.00119363 0
26.9    0.00763514    0  0.00945066   0.00119863 0
27    0.00762338    0  0.00946738   0.00120364 0
27.1    0.00761157    0  0.00948702   0.00120867 0
27.2    0.0075998    0  0.00951151   0.00121371 0
27.3    0.00758807    0  0.0095353   0.00121876 0
27.4    0.00757666    0  0.00955842   0.00122383 0
27.5    0.0075651    0  0.00958088   0.00122891 0
27.6    0.00755356    0  0.00960272   0.001234 0
27.7    0.00754217    0  0.00962396   0.00123911 0
27.8    0.00753085    0  0.00964463   0.00124423 0
27.9    0.0075195    0  0.00966476   0.00124936 0
28    0.00750823    0  0.00968435   0.00125451 0
28.1    0.0074971    0  0.00970345   0.00125967 0
28.2    0.00748593    0  0.00972206   0.00126484 0
28.3    0.00747478    0  0.00974022   0.00127002 0
28.4    0.00746377    0  0.00975793   0.00127522 0
28.5    0.00745281    0  0.00977521   0.00128043 0
28.6    0.00744182    0  0.00979209   0.00128565 0
28.7    0.00743087    0  0.00980859   0.00129089 0
28.8    0.00742008    0  0.00982471   0.00129613 0
28.9    0.00740923    0  0.00984715   0.00130139 0
29    0.00739849    0  0.00987073   0.00130667 0
29.1    0.00738773    0  0.00989366   0.00131195 0
29.2    0.0073769    0  0.00991598   0.00131724 0
29.3    0.00736639    0  0.00993771   0.00132255 0
29.4    0.00735574    0  0.00995887   0.00132787 0
29.5    0.007345    0  0.00997949   0.0013332 0
29.6    0.00733438    0  0.00999958   0.00133855 0
29.7    0.007324    0  0.0100192   0.00134343 0
29.8    0.00731381    0  0.0100383   0.00134826 0
29.9    0.00730354    0  0.0100569   0.0013531 0
30    0.00729334    0  0.0100751   0.00135796 0
30.1    0.00728315    0  0.0100929   0.00136283 0
30.2    0.00727312    0  0.0101102   0.00136771 0
30.3    0.00726311    0  0.0101272   0.0013726 0
30.4    0.00725306    0  0.0101438   0.0013775 0
30.5    0.00724308    0  0.01016   0.00138242 0
30.6    0.00723321    0  0.0101758   0.00138735 0
30.7    0.00722341    0  0.0101939   0.00139229 0
30.8    0.00721357    0  0.0102172   0.00139724 0
30.9    0.00720376    0  0.0102398   0.00140221 0
31    0.00719397    0  0.0102619   0.00140718 0
31.1    0.0071844    0  0.0102834   0.00141217 0
31.2    0.00717473    0  0.0103044   0.00141717 0
31.3    0.00716508    0  0.0103249   0.00142218 0
31.4    0.00715547    0  0.0103449   0.00142721 0
31.5    0.00714589    0  0.0103644   0.00143224 0
31.6    0.00713643    0  0.0103834   0.00143729 0
31.7    0.00712702    0  0.010402   0.00144235 0
31.8    0.00711755    0  0.0104202   0.00144741 0
31.9    0.00710812    0  0.0104379   0.00145249 0
32    0.00709869    0  0.0104553   0.00145759 0
32.1    0.00708938    0  0.0104723   0.00146269 0
32.2    0.00708012    0  0.0104889   0.0014678 0
32.3    0.00707076    0  0.0105051   0.00147293 0
32.4    0.00706148    0  0.010521   0.00147806 0
32.5    0.00705223    0  0.0105366   0.00148321 0
32.6    0.00704301    0  0.0105519   0.00148837 0
32.7    0.00703386    0  0.0105738   0.00149353 0
32.8    0.00702479    0  0.0105962   0.00149865 0
32.9    0.00701579    0  0.010618   0.00150333 0
33    0.00700691    0  0.0106392   0.00150801 0
33.1    0.00699801    0  0.01066   0.00151271 0
33.2    0.00698912    0  0.0106803   0.00151742 0
33.3    0.00698033    0  0.0107001   0.00152214 0
33.4    0.00697156    0  0.0107195   0.00152687 0
33.5    0.00696287    0  0.0107384   0.00153162 0
33.6    0.00695432    0  0.0107569   0.00153637 0
33.7    0.00694568    0  0.010775   0.00154113 0
33.8    0.0069371    0  0.0107927   0.00154591 0
33.9    0.00692856    0  0.01081   0.0015507 0
34    0.00691998    0  0.0108269   0.0015555 0
34.1    0.00691143    0  0.0108435   0.0015603 0
34.2    0.00690306    0  0.0108598   0.00156512 0
34.3    0.00689466    0  0.0108757   0.00156995 0
34.4    0.00688634    0  0.0108913   0.00157479 0
34.5    0.00687793    0  0.0109066   0.00157965 0
34.6    0.00686951    0  0.0109216   0.00158451 0
34.7    0.00686117    0  0.0109399   0.00158938 0
34.8    0.00685287    0  0.0109619   0.00159426 0
34.9    0.00684478    0  0.0109834   0.00159916 0
35    0.00683653    0  0.0110044   0.00160406 0
35.1    0.00682828    0  0.0110249   0.00160898 0
35.2    0.00682006    0  0.011045   0.0016139 0
35.3    0.00681186    0  0.0110646   0.00161883 0
35.4    0.0068036    0  0.0110838   0.00162378 0
35.5    0.00679556    0  0.0111026   0.00162873 0
35.6    0.00678756    0  0.0111209   0.0016337 0
35.7    0.00677946    0  0.0111389   0.00163868 0
35.8    0.00677142    0  0.0111565   0.00164366 0
35.9    0.00676337    0  0.0111738   0.00164866 0
36    0.0067554    0  0.0111906   0.00165366 0
36.1    0.00674742    0  0.0112072   0.00165868 0
36.2    0.00673969    0  0.0112234   0.00166341 0
36.3    0.00673189    0  0.0112393   0.00166795 0
36.4    0.00672409    0  0.0112549   0.0016725 0
36.5    0.0067163    0  0.0112702   0.00167706 0
36.6    0.00670859    0  0.0112852   0.00168164 0
36.7    0.0067009    0  0.0113   0.00168622 0
36.8    0.00669327    0  0.0113146   0.00169081 0
36.9    0.0066858    0  0.0113363   0.00169542 0
37    0.00667821    0  0.0113575   0.00170003 0
37.1    0.00667065    0  0.0113782   0.00170465 0
37.2    0.00666313    0  0.0113985   0.00170929 0
37.3    0.00665562    0  0.0114183   0.00171393 0
37.4    0.00664817    0  0.0114378   0.00171858 0
37.5    0.00664082    0  0.0114568   0.00172324 0
37.6    0.0066334    0  0.0114754   0.00172792 0
37.7    0.00662602    0  0.0114936   0.0017326 0
37.8    0.00661867    0  0.0115115   0.00173729 0
37.9    0.00661132    0  0.011529   0.00174199 0
38    0.00660399    0  0.0115461   0.00174671 0
38.1    0.00659676    0  0.011563   0.00175143 0
38.2    0.00658965    0  0.0115795   0.00175616 0
38.3    0.00658232    0  0.0115956   0.0017609 0
38.4    0.00657505    0  0.0116115   0.00176565 0
38.5    0.00656783    0  0.0116271   0.00177041 0
38.6    0.00656069    0  0.0116424   0.00177518 0
38.7    0.00655347    0  0.0116574   0.00177996 0
38.8    0.00654635    0  0.0116722   0.00178474 0
38.9    0.00653931    0  0.0116867   0.00178954 0
39    0.00653226    0  0.0117009   0.00179435 0
39.1    0.0065252    0  0.0117187   0.00179916 0
39.2    0.00651806    0  0.0117396   0.00180399 0
39.3    0.00651103    0  0.01176   0.00180882 0
39.4    0.00650404    0  0.0117801   0.00181366 0
39.5    0.00649714    0  0.0117997   0.00181852 0
39.6    0.0064902    0  0.0118189   0.00182338 0
39.7    0.00648328    0  0.0118378   0.00182815 0
39.8    0.00647646    0  0.0118562   0.00183255 0
39.9    0.00646964    0  0.0118743   0.00183697 0
40    0.00646282    0  0.0118921   0.00184139 0
40.1    0.006456    0  0.0119095   0.00184582 0
40.2    0.0064493    0  0.0119266   0.00185027 0
40.3    0.00644255    0  0.0119434   0.00185472 0
40.4    0.00643583    0  0.0119598   0.00185918 0
40.5    0.00642914    0  0.0119759   0.00186365 0
40.6    0.00642251    0  0.0119918   0.00186813 0
40.7    0.00641599    0  0.0120074   0.00187262 0
40.8    0.00640943    0  0.0120227   0.00187712 0
40.9    0.00640284    0  0.0120377   0.00188162 0
41    0.00639634    0  0.0120524   0.00188614 0
41.1    0.00638977    0  0.012067   0.00189066 0
41.2    0.00638324    0  0.0120812   0.0018952 0
41.3    0.00637672    0  0.0120953   0.00189974 0
41.4    0.00637023    0  0.0121091   0.00190429 0
41.5    0.00636384    0  0.0121289   0.00190886 0
41.6    0.0063574    0  0.0121491   0.00191343 0
41.7    0.00635099    0  0.012169   0.00191801 0
41.8    0.00634457    0  0.0121884   0.00192259 0
41.9    0.00633831    0  0.0122075   0.00192719 0
42    0.00633196    0  0.0122262   0.0019318 0
42.1    0.00632563    0  0.0122446   0.00193641 0
42.2    0.00631931    0  0.0122626   0.00194103 0
42.3    0.00631302    0  0.0122802   0.00194566 0
42.4    0.00630667    0  0.0122976   0.0019503 0
42.5    0.00630038    0  0.0123146   0.00195495 0
42.6    0.00629415    0  0.0123313   0.00195961 0
42.7    0.00628794    0  0.0123477   0.00196427 0
42.8    0.00628176    0  0.0123638   0.00196895 0
42.9    0.00627556    0  0.0123797   0.00197363 0
43    0.00626938    0  0.0123952   0.00197832 0
43.1    0.00626331    0  0.0124105   0.00198302 0
43.2    0.00625717    0  0.0124256   0.00198773 0
43.3    0.00625106    0  0.0124404   0.00199245 0
43.4    0.00624495    0  0.0124549   0.00199717 0
43.5    0.00623893    0  0.0124692   0.00200149 0
43.6    0.00623289    0  0.0124833   0.00200577 0
43.7    0.00622685    0  0.0124972   0.00201007 0
43.8    0.00622081    0  0.0125108   0.00201437 0
43.9    0.00621489    0  0.0125249   0.00201868 0
44    0.00620908    0  0.0125449   0.002023 0
44.1    0.00620316    0  0.0125646   0.00202732 0
44.2    0.00619722    0  0.0125839   0.00203166 0
44.3    0.00619137    0  0.0126028   0.00203601 0
44.4    0.00618555    0  0.0126214   0.00204036 0
44.5    0.00617971    0  0.0126397   0.00204472 0
44.6    0.00617385    0  0.0126576   0.00204909 0
44.7    0.00616801    0  0.0126752   0.00205347 0
44.8    0.00616223    0  0.0126925   0.00205785 0
44.9    0.00615645    0  0.0127095   0.00206225 0
45    0.00615081    0  0.0127262   0.00206665 0
45.1    0.00614513    0  0.0127426   0.00207106 0
45.2    0.00613948    0  0.0127588   0.00207548 0
45.3    0.00613378    0  0.0127746   0.00207991 0
45.4    0.00612811    0  0.0127902   0.00208435 0
45.5    0.00612237    0  0.0128055   0.00208879 0
45.6    0.0061167    0  0.0128206   0.00209324 0
45.7    0.00611104    0  0.0128354   0.0020977 0
45.8    0.00610539    0  0.01285   0.00210217 0
45.9    0.00609978    0  0.0128644   0.00210665 0
46    0.0060942    0  0.0128785   0.00211113 0
46.1    0.0060888    0  0.0128925   0.00211562 0
46.2    0.00608322    0  0.0129062   0.00212012 0
46.3    0.00607767    0  0.0129197   0.00212463 0
46.4    0.00607216    0  0.012933   0.00212915 0
46.5    0.00606665    0  0.0129466   0.00213367 0
46.6    0.00606114    0  0.0129662   0.0021382 0
46.7    0.00605564    0  0.0129854   0.00214274 0
46.8    0.00605016    0  0.0130043   0.00214729 0
46.9    0.00604462    0  0.0130228   0.00215184 0
47    0.00603917    0  0.0130411   0.0021564 0
47.1    0.00603382    0  0.013059   0.00216097 0
47.2    0.00602845    0  0.0130765   0.00216555 0
47.3    0.00602316    0  0.0130938   0.00217014 0
47.4    0.00601789    0  0.0131108   0.00217447 0
47.5    0.00601248    0  0.0131276   0.00217863 0
47.6    0.00600715    0  0.013144   0.0021828 0
47.7    0.00600183    0  0.0131602   0.00218698 0
47.8    0.00599653    0  0.0131761   0.00219116 0
47.9    0.00599124    0  0.0131917   0.00219535 0
48    0.00598595    0  0.0132071   0.00219955 0
48.1    0.00598071    0  0.0132222   0.00220376 0
48.2    0.00597548    0  0.0132372   0.00220798 0
48.3    0.00597045    0  0.0132518   0.0022122 0
48.4    0.0059653    0  0.0132663   0.00221643 0
48.5    0.00596006    0  0.0132805   0.00222067 0
48.6    0.00595487    0  0.0132945   0.00222492 0
48.7    0.00594976    0  0.0133084   0.00222917 0
48.8    0.00594463    0  0.013322   0.00223343 0
48.9    0.00593953    0  0.0133354   0.0022377 0
49    0.00593444    0  0.0133486   0.00224198 0
49.1    0.00592937    0  0.0133616   0.00224626 0
49.2    0.00592429    0  0.0133745   0.00225056 0
49.3    0.00591928    0  0.0133923   0.00225486 0
49.4    0.00591427    0  0.0134112   0.00225916 0
49.5    0.0059092    0  0.0134297   0.00226348 0
49.6    0.00590428    0  0.013448   0.0022678 0
49.7    0.00589927    0  0.0134659   0.00227213 0
49.8    0.00589428    0  0.0134835   0.00227647 0
49.9    0.00588929    0  0.0135008   0.00228081 0
50    0.00588434    0  0.0135179   0.00228517 0
50.1    0.00587938    0  0.0135347   0.00228952 0
50.2    0.00587445    0  0.0135512   0.00229389 0
50.3    0.00586952    0  0.0135674   0.00229827 0
50.4    0.00586455    0  0.0135834   0.00230265 0
50.5    0.00585979    0  0.0135992   0.00230704 0
50.6    0.00585493    0  0.0136147   0.00231143 0
50.7    0.00585006    0  0.0136299   0.00231583 0
50.8    0.00584518    0  0.013645   0.00232024 0
50.9    0.00584034    0  0.0136598   0.00232466 0
51    0.00583558    0  0.0136743   0.00232909 0
51.1    0.00583075    0  0.0136887   0.00233352 0
51.2    0.00582585    0  0.0137028   0.00233796 0
51.3    0.00582102    0  0.0137168   0.0023424 0
51.4    0.00581622    0  0.0137305   0.00234686 0
51.5    0.00581144    0  0.0137441   0.00235124 0
51.6    0.00580678    0  0.0137575   0.00235528 0
51.7    0.00580205    0  0.0137706   0.00235933 0
51.8    0.00579742    0  0.0137836   0.00236338 0
51.9    0.00579268    0  0.0137964   0.00236745 0
52    0.00578797    0  0.0138091   0.00237152 0
52.1    0.00578328    0  0.0138228   0.0023756 0
52.2    0.00577864    0  0.0138414   0.00237968 0
52.3    0.00577398    0  0.0138597   0.00238377 0
52.4    0.00576933    0  0.0138777   0.00238787 0
52.5    0.00576474    0  0.0138954   0.00239198 0
52.6    0.00576005    0  0.0139128   0.00239609 0
52.7    0.00575551    0  0.01393   0.00240022 0
52.8    0.00575097    0  0.0139469   0.00240434 0
52.9    0.00574639    0  0.0139636   0.00240848 0
53    0.00574182    0  0.0139799   0.00241262 0
53.1    0.00573726    0  0.0139961   0.00241677 0
53.2    0.00573276    0  0.0140119   0.00242093 0
53.3    0.00572828    0  0.0140276   0.00242509 0
53.4    0.00572376    0  0.014043   0.00242926 0
53.5    0.00571924    0  0.0140582   0.00243344 0
53.6    0.00571477    0  0.0140732   0.00243762 0
53.7    0.00571024    0  0.0140879   0.00244181 0
53.8    0.00570577    0  0.0141024   0.00244601 0
53.9    0.00570138    0  0.0141168   0.00245021 0
54    0.00569702    0  0.0141309   0.00245442 0
54.1    0.00569261    0  0.0141448   0.00245864 0
54.2    0.00568817    0  0.0141586   0.00246287 0
54.3    0.00568375    0  0.0141721   0.0024671 0
54.4    0.00567932    0  0.0141855   0.00247134 0
54.5    0.00567491    0  0.0141987   0.00247558 0
54.6    0.00567053    0  0.0142117   0.00247984 0
54.7    0.00566615    0  0.0142245   0.0024841 0
54.8    0.00566175    0  0.0142372   0.00248836 0
54.9    0.00565745    0  0.0142497   0.00249263 0
55    0.00565315    0  0.014262   0.00249691 0
55.1    0.00564888    0  0.0142754   0.0025012 0
55.2    0.00564457    0  0.0142936   0.00250549 0
55.3    0.00564026    0  0.0143115   0.00250979 0
55.4    0.00563597    0  0.0143291   0.00251409 0
55.5    0.00563179    0  0.0143464   0.00251841 0
55.6    0.00562752    0  0.0143635   0.00252273 0
55.7    0.00562325    0  0.0143803   0.00252705 0
55.8    0.00561891    0  0.0143969   0.00253138 0
55.9    0.00561466    0  0.0144132   0.00253548 0
56    0.00561043    0  0.0144293   0.00253941 0
56.1    0.00560621    0  0.0144452   0.00254336 0
56.2    0.00560203    0  0.0144608   0.0025473 0
56.3    0.00559788    0  0.0144762   0.00255126 0
56.4    0.00559372    0  0.0144914   0.00255522 0
56.5    0.00558958    0  0.0145063   0.00255918 0
56.6    0.00558542    0  0.0145211   0.00256316 0
56.7    0.00558122    0  0.0145356   0.00256714 0
56.8    0.00557707    0  0.01455   0.00257112 0
56.9    0.00557292    0  0.0145642   0.00257512 0
57    0.0055688    0  0.0145781   0.00257912 0
57.1    0.00556475    0  0.0145919   0.00258312 0
57.2    0.0055607    0  0.0146055   0.00258713 0
57.3    0.0055566    0  0.0146189   0.00259115 0
57.4    0.00555257    0  0.0146322   0.00259518 0
57.5    0.00554849    0  0.0146452   0.00259921 0
57.6    0.0055444    0  0.0146581   0.00260325 0
57.7    0.00554034    0  0.0146709   0.0026073 0
57.8    0.00553637    0  0.0146834   0.00261135 0
57.9    0.00553235    0  0.0146959   0.00261541 0
58    0.00552832    0  0.0147081   0.00261947 0
58.1    0.00552431    0  0.0147202   0.00262354 0
58.2    0.0055203    0  0.0147322   0.00262762 0
58.3    0.00551627    0  0.0147486   0.0026317 0
58.4    0.00551229    0  0.0147662   0.00263579 0
58.5    0.00550833    0  0.0147835   0.00263989 0
58.6    0.00550438    0  0.0148006   0.00264399 0
58.7    0.00550048    0  0.0148174   0.0026481 0
58.8    0.00549656    0  0.014834   0.00265222 0
58.9    0.00549268    0  0.0148504   0.00265634 0
59    0.00548881    0  0.0148665   0.00266047 0
59.1    0.0054849    0  0.0148824   0.0026646 0
59.2    0.00548099    0  0.0148981   0.00266874 0
59.3    0.00547709    0  0.0149136   0.00267289 0
59.4    0.00547326    0  0.0149288   0.00267704 0
59.5    0.00546937    0  0.0149439   0.0026812 0
59.6    0.00546547    0  0.0149587   0.00268536 0
59.7    0.0054616    0  0.0149733   0.00268954 0
59.8    0.00545779    0  0.0149878   0.00269371 0
59.9    0.00545396    0  0.015002   0.0026979 0
60    0.00545011    0  0.0150161   0.00270209 0
60.1    0.00423307    0  0.01503   0.00270628 0
60.2    0.00500762    0  0.0150437   0.00271048 0
60.3    0.00509083    0  0.0150572   0.00271467 0
60.4    0.00512753    0  0.0150706   0.00271878 0
60.5    0.00514788    0  0.0150837   0.00272248 0
60.6    0.00516255    0  0.0150968   0.00272581 0
60.7    0.00516452    0  0.0151096   0.00272883 0
60.8    0.00517338    0  0.0151223   0.00273154 0
60.9    0.00517466    0  0.0151348   0.00273395 0
61    0.00517496    0  0.0151472   0.00273607 0
61.1    0.00517148    0  0.0151595   0.00273795 0
61.2    0.00516551    0  0.0151716   0.00273959 0
61.3    0.00515998    0  0.0151835   0.00274104 0
61.4    0.00515352    0  0.0151954   0.00274232 0
61.5    0.00514441    0  0.015207   0.00274345 0
61.6    0.00513207    0  0.0152234   0.00274445 0
61.7    0.00512118    0  0.0152405   0.00274533 0
61.8    0.00510694    0  0.0152575   0.00274613 0
61.9    0.00509228    0  0.0152742   0.00274683 0
62    0.00507471    0  0.0152906   0.00274747 0
62.1    0.00505832    0  0.0153069   0.00274804 0
62.2    0.00503614    0  0.0153229   0.00274856 0
62.3    0.00501582    0  0.0153387   0.00274903 0
62.4    0.00499103    0  0.0153543   0.00274945 0
62.5    0.00496701    0  0.0153697   0.00274983 0
62.6    0.00494092    0  0.0153849   0.00275018 0
62.7    0.00491349    0  0.0153999   0.00275051 0
62.8    0.00488596    0  0.0154146   0.0027508 0
62.9    0.00485471    0  0.0154292   0.00275107 0
63    0.00482605    0  0.0154437   0.00275132 0
63.1    0.00479471    0  0.0154579   0.00275154 0
63.2    0.00476118    0  0.0154719   0.00275175 0
63.3    0.00472967    0  0.0154858   0.00275195 0
63.4    0.00469612    0  0.0154995   0.00275212 0
63.5    0.00465952    0  0.015513   0.00275229 0
63.6    0.0046259    0  0.0155264   0.00275244 0
63.7    0.00459078    0  0.0155396   0.00275259 0
63.8    0.00455315    0  0.0155526   0.00275272 0
63.9    0.00451751    0  0.0155655   0.00275284 0
64    0.00448068    0  0.0155782   0.00275295 0
64.1    0.00444317    0  0.0155908   0.00275306 0
64.2    0.00440602    0  0.0156032   0.00275316 0
64.3    0.00436949    0  0.0156155   0.00275325 0
64.4    0.00433248    0  0.0156276   0.00275334 0
64.5    0.00429532    0  0.0156396   0.00275341 0
64.6    0.00425754    0  0.0156515   0.00275349 0
64.7    0.00422009    0  0.0156632   0.00275356 0
64.8    0.00418297    0  0.0156749   0.00275362 0
64.9    0.00414674    0  0.0156863   0.00275368 0
65    0.00411006    0  0.0156993   0.00275374 0
65.1    0.0040743    0  0.0157162   0.00275379 0
65.2    0.00403825    0  0.0157329   0.00275384 0
65.3    0.00400004    0  0.0157493   0.00275389 0
65.4    0.00396691    0  0.0157656   0.00275393 0
65.5    0.0039306    0  0.0157816   0.00275397 0
65.6    0.00389527    0  0.0157974   0.00275401 0
65.7    0.00386156    0  0.015813   0.00275404 0
65.8    0.00382733    0  0.0158284   0.00275408 0
65.9    0.00379525    0  0.0158436   0.00275411 0
66    0.00376069    0  0.0158587   0.00275414 0
66.1    0.00372644    0  0.0158735   0.00275416 0
66.2    0.0036944    0  0.0158881   0.00275419 0
66.3    0.00366307    0  0.0159026   0.00275421 0
66.4    0.00363251    0  0.0159169   0.00275424 0
66.5    0.00360226    0  0.015931   0.00275426 0
66.6    0.00357104    0  0.0159449   0.00275428 0
66.7    0.00354019    0  0.0159586   0.0027543 0
66.8    0.00351006    0  0.0159722   0.00275431 0
66.9    0.00347987    0  0.0159857   0.00275433 0
67    0.00345157    0  0.0159989   0.00275434 0
67.1    0.00342428    0  0.016012   0.00275436 0
67.2    0.00339642    0  0.016025   0.00275437 0
67.3    0.00336835    0  0.0160378   0.00275439 0
67.4    0.00334133    0  0.0160504   0.0027544 0
67.5    0.00331471    0  0.0160629   0.00275441 0
67.6    0.0032876    0  0.0160753   0.00275442 0
67.7    0.00326189    0  0.0160875   0.00275443 0
67.8    0.00323483    0  0.0160996   0.00275444 0
67.9    0.00321034    0  0.0161116   0.00275445 0
68    0.0031853    0  0.0161234   0.00275446 0
68.1    0.00316087    0  0.016135   0.00275446 0
68.2    0.0031371    0  0.0161466   0.00275447 0
68.3    0.00311301    0  0.016158   0.00275448 0
68.4    0.00308989    0  0.0161693   0.00275449 0
68.5    0.00306632    0  0.0161805   0.00275449 0
68.6    0.00304393    0  0.0161918   0.0027545 0
68.7    0.00302102    0  0.0162082   0.0027545 0
68.8    0.00299866    0  0.0162245   0.00275451 0
68.9    0.00297618    0  0.0162405   0.00275451 0
69    0.00295449    0  0.0162563   0.00275452 0
69.1    0.00293356    0  0.0162719   0.00275452 0
69.2    0.00291232    0  0.0162874   0.00275453 0
69.3    0.00289137    0  0.0163026   0.00275453 0
69.4    0.00287129    0  0.0163176   0.00275454 0
69.5    0.00285102    0  0.0163324   0.00275454 0
69.6    0.00283089    0  0.0163471   0.00275454 0
69.7    0.00281116    0  0.0163616   0.00275455 0
69.8    0.00279151    0  0.0163759   0.00275455 0
69.9    0.00277238    0  0.01639   0.00275455 0
70    0.0027532    0  0.0164039   0.00275456 0
70.1    0.00273406    0  0.0164177   0.00275456 0
70.2    0.00271571    0  0.0164313   0.00275456 0
70.3    0.00269763    0  0.0164447   0.00275456 0
70.4    0.00267915    0  0.016458   0.00275457 0
70.5    0.00266138    0  0.0164711   0.00275457 0
70.6    0.00264326    0  0.016484   0.00275457 0
70.7    0.00262597    0  0.0164968   0.00275457 0
70.8    0.00260868    0  0.0165095   0.00275457 0
70.9    0.00259146    0  0.016522   0.00275458 0
71    0.00257398    0  0.0165344   0.00275458 0
71.1    0.00255766    0  0.0165466   0.00275458 0
71.2    0.00254149    0  0.0165586   0.00275458 0
71.3    0.00252469    0  0.0165706   0.00275458 0
71.4    0.0025082    0  0.0165824   0.00275458 0
71.5    0.00249212    0  0.016594   0.00275458 0
71.6    0.00247609    0  0.0166056   0.00275459 0
71.7    0.00246051    0  0.016617   0.00275459 0
71.8    0.00244494    0  0.0166283   0.00275459 0
71.9    0.00242932    0  0.0166394   0.00275459 0
72    0.00241363    0  0.0166505   0.00275459 0
72.1    0.00239873    0  0.0166614   0.00275459 0
72.2    0.00238323    0  0.0166722   0.00275459 0
72.3    0.00236881    0  0.0166829   0.00275459 0
72.4    0.00235394    0  0.0166935   0.00275459 0
72.5    0.00233919    0  0.0167061   0.0027546 0
72.6    0.00232474    0  0.0167216   0.0027546 0
72.7    0.00230999    0  0.0167369   0.0027546 0
72.8    0.00229645    0  0.016752   0.0027546 0
72.9    0.00228248    0  0.016767   0.0027546 0
73    0.00226827    0  0.0167817   0.0027546 0
73.1    0.00225415    0  0.0167962   0.0027546 0
73.2    0.00224079    0  0.0168106   0.0027546 0
73.3    0.0022274    0  0.0168248   0.0027546 0
73.4    0.00221413    0  0.0168388   0.0027546 0
73.5    0.00220044    0  0.0168526   0.0027546 0
73.6    0.00218691    0  0.0168663   0.0027546 0
73.7    0.00217393    0  0.0168798   0.0027546 0
73.8    0.00216077    0  0.0168931   0.0027546 0
73.9    0.00214773    0  0.0169063   0.0027546 0
74    0.00213529    0  0.0169193   0.0027546 0
74.1    0.0021222    0  0.0169322   0.00275461 0
74.2    0.00210954    0  0.0169449   0.00275461 0
74.3    0.00209705    0  0.0169574   0.00275461 0
74.4    0.00208441    0  0.0169699   0.00275461 0
74.5    0.00207202    0  0.0169821   0.00275461 0
74.6    0.0020603    0  0.0169943   0.00275461 0
74.7    0.00204818    0  0.0170062   0.00275461 0
74.8    0.00203609    0  0.0170181   0.00275461 0
74.9    0.00202378    0  0.0170298   0.00275461 0
75    0.00201228    0  0.0170414   0.00275461 0
75.1    0.00200083    0  0.0170529   0.00275461 0
75.2    0.00198923    0  0.0170642   0.00275461 0
75.3    0.00197776    0  0.0170754   0.00275461 0
75.4    0.00196631    0  0.0170865   0.00275461 0
75.5    0.00195487    0  0.0170975   0.00275461 0
75.6    0.0019435    0  0.0171083   0.00275461 0
75.7    0.00193191    0  0.017119   0.00275461 0
75.8    0.00192044    0  0.0171297   0.00275461 0
75.9    0.00190949    0  0.0171402   0.00275461 0
76    0.00189821    0  0.0171506   0.00275461 0
76.1    0.00188766    0  0.0171609   0.00275461 0
76.2    0.00187683    0  0.017171   0.00275461 0
76.3    0.00186574    0  0.0171811   0.00275461 0
76.4    0.00185475    0  0.0171911   0.00275461 0
76.5    0.00184419    0  0.017201   0.00275461 0
76.6    0.00183369    0  0.0172108   0.00275461 0
76.7    0.00182296    0  0.0172207   0.00275461 0
76.8    0.00181272    0  0.0172349   0.00275461 0
76.9    0.00180239    0  0.017249   0.00275461 0
77    0.00179181    0  0.0172629   0.00275461 0
77.1    0.00178202    0  0.0172767   0.00275461 0
77.2    0.00177182    0  0.0172902   0.00275461 0
77.3    0.00176172    0  0.0173036   0.00275461 0
77.4    0.00175223    0  0.0173169   0.00275461 0
77.5    0.0017422    0  0.01733   0.00275461 0
77.6    0.00173214    0  0.0173429   0.00275461 0
77.7    0.0017224    0  0.0173557   0.00275461 0
77.8    0.00171254    0  0.0173684   0.00275461 0
77.9    0.00170256    0  0.0173808   0.00275461 0
78    0.0016929    0  0.0173932   0.00275461 0
78.1    0.00168319    0  0.0174054   0.00275461 0
78.2    0.00167339    0  0.0174175   0.00275461 0
78.3    0.00166387    0  0.0174294   0.00275461 0
78.4    0.00165457    0  0.0174412   0.00275461 0
78.5    0.00164511    0  0.0174529   0.00275461 0
78.6    0.00163557    0  0.0174645   0.00275461 0
78.7    0.00162618    0  0.0174759   0.00275461 0
78.8    0.00161737    0  0.0174872   0.00275461 0
78.9    0.00160813    0  0.0174984   0.00275461 0
79    0.0015988    0  0.0175094   0.00275461 0
79.1    0.00158956    0  0.0175204   0.00275461 0
79.2    0.00158088    0  0.0175312   0.00275461 0
79.3    0.00157174    0  0.0175419   0.00275461 0
79.4    0.00156284    0  0.0175525   0.00275461 0
79.5    0.00155427    0  0.017563   0.00275461 0
79.6    0.0015454    0  0.0175733   0.00275462 0
79.7    0.00153688    0  0.0175836   0.00275462 0
79.8    0.00152802    0  0.0175938   0.00275462 0
79.9    0.00151979    0  0.0176038   0.00275462 0
80    0.00151159    0  0.0176138   0.00275462 0
80.1    0.00150289    0  0.0176237   0.00275462 0
80.2    0.00149437    0  0.0176334   0.00275462 0
80.3    0.00148575    0  0.0176431   0.00275462 0
80.4    0.00147726    0  0.0176527   0.00275462 0
80.5    0.00146891    0  0.0176622   0.00275462 0
80.6    0.00146042    0  0.0176715   0.00275462 0
80.7    0.00145204    0  0.0176808   0.00275462 0
80.8    0.00144393    0  0.0176901   0.00275462 0
80.9    0.00143574    0  0.0176992   0.00275462 0
81    0.00142751    0  0.0177082   0.00275462 0
81.1    0.00141937    0  0.0177172   0.00275462 0
81.2    0.00141122    0  0.017726   0.00275462 0
81.3    0.00140316    0  0.0177348   0.00275462 0
81.4    0.00139529    0  0.0177436   0.00275462 0
81.5    0.00138748    0  0.0177522   0.00275462 0
81.6    0.0013795    0  0.0177646   0.00275462 0
81.7    0.00137159    0  0.017777   0.00275462 0
81.8    0.00136384    0  0.0177893   0.00275462 0
81.9    0.00135597    0  0.0178014   0.00275462 0
82    0.00134829    0  0.0178134   0.00275462 0
82.1    0.00134073    0  0.0178253   0.00275462 0
82.2    0.00133315    0  0.0178371   0.00275462 0
82.3    0.00132557    0  0.0178487   0.00275462 0
82.4    0.00131801    0  0.0178602   0.00275462 0
82.5    0.00131067    0  0.0178716   0.00275462 0
82.6    0.00130317    0  0.0178829   0.00275462 0
82.7    0.00129582    0  0.017894   0.00275462 0
82.8    0.00128856    0  0.017905   0.00275462 0
82.9    0.00128131    0  0.0179159   0.00275462 0
83    0.00127431    0  0.0179267   0.00275462 0
83.1    0.00126711    0  0.0179374   0.00275462 0
83.2    0.0012598    0  0.017948   0.00275462 0
83.3    0.00125265    0  0.0179585   0.00275462 0
83.4    0.00124543    0  0.0179689   0.00275462 0
83.5    0.00123826    0  0.0179791   0.00275462 0
83.6    0.00123118    0  0.0179893   0.00275462 0
83.7    0.00122408    0  0.0179993   0.00275462 0
83.8    0.00121712    0  0.0180093   0.00275462 0
83.9    0.0012103    0  0.0180192   0.00275462 0
84    0.00120333    0  0.0180289   0.00275462 0
84.1    0.00119646    0  0.0180386   0.00275462 0
84.2    0.00118958    0  0.0180482   0.00275462 0
84.3    0.0011827    0  0.0180577   0.00275462 0
84.4    0.00117598    0  0.0180671   0.00275462 0
84.5    0.00116929    0  0.0180764   0.00275462 0
84.6    0.00116259    0  0.0180856   0.00275462 0
84.7    0.00115595    0  0.0180948   0.00275462 0
84.8    0.0011493    0  0.0181038   0.00275462 0
84.9    0.00114277    0  0.0181128   0.00275462 0
85    0.00113616    0  0.0181217   0.00275462 0
85.1    0.0011296    0  0.0181305   0.00275462 0
85.2    0.00112313    0  0.0181392   0.00275462 0
85.3    0.0011168    0  0.0181479   0.00275462 0
85.4    0.00111044    0  0.0181564   0.00275462 0
85.5    0.00110406    0  0.0181649   0.00275462 0
85.6    0.0010978    0  0.0181733   0.00275462 0
85.7    0.00109153    0  0.0181817   0.00275462 0
85.8    0.0010853    0  0.01819   0.00275462 0
85.9    0.00107904    0  0.0181982   0.00275462 0
86    0.00107293    0  0.0182063   0.00275462 0
86.1    0.00106682    0  0.0182144   0.00275462 0
86.2    0.00106064    0  0.0182224   0.00275462 0
86.3    0.00105469    0  0.0182303   0.00275462 0
86.4    0.00104862    0  0.0182381   0.00275462 0
86.5    0.00104283    0  0.0182459   0.00275462 0
86.6    0.00103701    0  0.0182537   0.00275462 0
86.7    0.00103106    0  0.0182613   0.00275462 0
86.8    0.00102508    0  0.0182689   0.00275462 0
86.9    0.00101915    0  0.0182765   0.00275462 0
87    0.00101324    0  0.018284   0.00275462 0
87.1    0.00100736    0  0.0182914   0.00275462 0
87.2    0.00100155    0  0.0182992   0.00275462 0
87.3    0.000995917    0  0.0183098   0.00275462 0
87.4    0.000990144    0  0.0183202   0.00275462 0
87.5    0.00098444    0  0.0183305   0.00275462 0
87.6    0.000978833    0  0.0183408   0.00275462 0
87.7    0.000973159    0  0.0183509   0.00275462 0
87.8    0.000967511    0  0.0183609   0.00275462 0
87.9    0.000961988    0  0.0183709   0.00275462 0
88    0.000956415    0  0.0183807   0.00275462 0
88.1    0.000950877    0  0.0183905   0.00275462 0
88.2    0.000945435    0  0.0184001   0.00275462 0
88.3    0.000939946    0  0.0184097   0.00275462 0
88.4    0.000934523    0  0.0184192   0.00275462 0
88.5    0.000929241    0  0.0184286   0.00275462 0
88.6    0.00092388    0  0.0184379   0.00275462 0
88.7    0.000918518    0  0.0184471   0.00275462 0
88.8    0.000913183    0  0.0184563   0.00275462 0
88.9    0.000907946    0  0.0184653   0.00275462 0
89    0.000902848    0  0.0184743   0.00275462 0
89.1    0.000897638    0  0.0184832   0.00275462 0
89.2    0.00089245    0  0.018492   0.00275462 0
89.3    0.000887266    0  0.0185007   0.00275462 0
89.4    0.000882135    0  0.0185094   0.00275462 0
89.5    0.000877142    0  0.018518   0.00275462 0
89.6    0.000872049    0  0.0185265   0.00275462 0
89.7    0.000867103    0  0.0185349   0.00275462 0
89.8    0.000862144    0  0.0185433   0.00275462 0
89.9    0.000857221    0  0.0185516   0.00275462 0
90    0.000852243    0  0.0185598   0.00275462 0
90.1    0.0008473    0  0.018568   0.00275462 0
90.2    0.000842473    0  0.018576   0.00275462 0
90.3    0.000837644    0  0.018584   0.00275462 0
90.4    0.000832778    0  0.018592   0.00275462 0
90.5    0.000828137    0  0.0185999   0.00275462 0
90.6    0.000823485    0  0.0186077   0.00275462 0
90.7    0.000818797    0  0.0186154   0.00275462 0
90.8    0.000814063    0  0.0186231   0.00275462 0
90.9    0.000809394    0  0.0186308   0.00275462 0
91    0.000804694    0  0.0186383   0.00275462 0
91.1    0.00080002    0  0.0186458   0.00275462 0
91.2    0.000795373    0  0.0186533   0.00275462 0
91.3    0.000790831    0  0.0186606   0.00275462 0
91.4    0.000786232    0  0.018668   0.00275462 0
91.5    0.000781706    0  0.0186752   0.00275462 0
91.6    0.000777203    0  0.0186824   0.00275462 0
91.7    0.000772691    0  0.0186896   0.00275462 0
91.8    0.0007682    0  0.0186967   0.00275462 0
91.9    0.000763744    0  0.0187037   0.00275462 0
92    0.000759401    0  0.0187107   0.00275462 0
92.1    0.000755    0  0.0187177   0.00275462 0
92.2    0.000750659    0  0.0187245   0.00275462 0
92.3    0.000746297    0  0.0187314   0.00275462 0
92.4    0.000742    0  0.0187381   0.00275462 0
92.5    0.000737689    0  0.0187449   0.00275462 0
92.6    0.000733402    0  0.0187515   0.00275462 0
92.7    0.000729212    0  0.0187582   0.00275462 0
92.8    0.000724975    0  0.0187647   0.00275462 0
92.9    0.000720762    0  0.0187713   0.00275462 0
93    0.000716575    0  0.0187778   0.00275462 0
93.1    0.000712438    0  0.0187842   0.00275462 0
93.2    0.000708349    0  0.0187906   0.00275462 0
93.3    0.000704303    0  0.0187969   0.00275462 0
93.4    0.000700259    0  0.0188032   0.00275462 0
93.5    0.000696249    0  0.0188095   0.00275462 0
93.6    0.000692237    0  0.0188157   0.00275462 0
93.7    0.00068823    0  0.0188218   0.00275462 0
93.8    0.000684233    0  0.018828   0.00275462 0
93.9    0.000680327    0  0.018834   0.00275462 0
94    0.000676377    0  0.0188401   0.00275462 0
94.1    0.000672449    0  0.0188461   0.00275462 0
94.2    0.000668623    0  0.018852   0.00275462 0
94.3    0.000664783    0  0.0188589   0.00275462 0
94.4    0.000660992    0  0.0188671   0.00275462 0
94.5    0.000657156    0  0.0188754   0.00275462 0
94.6    0.000653342    0  0.0188835   0.00275462 0
94.7    0.00064957    0  0.0188916   0.00275462 0
94.8    0.000645868    0  0.0188996   0.00275462 0
94.9    0.000642179    0  0.0189075   0.00275462 0
95    0.000638456    0  0.0189154   0.00275462 0
95.1    0.00063483    0  0.0189232   0.00275462 0
95.2    0.0006312    0  0.018931   0.00275462 0
95.3    0.000627635    0  0.0189387   0.00275462 0
95.4    0.00062407    0  0.0189463   0.00275462 0
95.5    0.000620577    0  0.0189539   0.00275462 0
95.6    0.000616977    0  0.0189614   0.00275462 0
95.7    0.000613395    0  0.0189689   0.00275462 0
95.8    0.000609849    0  0.0189763   0.00275462 0
95.9    0.000606316    0  0.0189836   0.00275462 0
96    0.000602867    0  0.0189909   0.00275462 0
96.1    0.000599377    0  0.0189981   0.00275462 0
96.2    0.000595907    0  0.0190053   0.00275462 0
96.3    0.000592457    0  0.0190124   0.00275462 0
96.4    0.000589076    0  0.0190195   0.00275462 0
96.5    0.000585688    0  0.0190265   0.00275462 0
96.6    0.000582299    0  0.0190334   0.00275462 0
96.7    0.000578929    0  0.0190403   0.00275462 0
96.8    0.000575626    0  0.0190472   0.00275462 0
96.9    0.000572309    0  0.019054   0.00275462 0
97    0.000568999    0  0.0190607   0.00275462 0
97.1    0.00056571    0  0.0190674   0.00275462 0
97.2    0.000562448    0  0.019074   0.00275462 0
97.3    0.00055922    0  0.0190806   0.00275462 0
97.4    0.000555991    0  0.0190872   0.00275462 0
97.5    0.000552803    0  0.0190937   0.00275462 0
97.6    0.000549647    0  0.0191001   0.00275462 0
97.7    0.000546472    0  0.0191065   0.00275462 0
97.8    0.000543316    0  0.0191129   0.00275462 0
97.9    0.000540178    0  0.0191192   0.00275462 0
98    0.000537085    0  0.0191255   0.00275462 0
98.1    0.00053399    0  0.0191317   0.00275462 0
98.2    0.000530905    0  0.0191379   0.00275462 0
98.3    0.000527903    0  0.019144   0.00275462 0
98.4    0.00052486    0  0.0191501   0.00275462 0
98.5    0.000521843    0  0.0191562   0.00275462 0
98.6    0.000518879    0  0.0191622   0.00275462 0
98.7    0.000515887    0  0.0191681   0.00275462 0
98.8    0.000512926    0  0.0191741   0.00275462 0
98.9    0.000509981    0  0.0191799   0.00275462 0
99    0.000507087    0  0.0191858   0.00275462 0
99.1    0.000504166    0  0.0191916   0.00275462 0
99.2    0.000501262    0  0.0191973   0.00275462 0
99.3    0.000498375    0  0.0192031   0.00275462 0
99.4    0.000495527    0  0.0192087   0.00275462 0
99.5    0.000492704    0  0.0192144   0.00275462 0
99.6    0.000489929    0  0.01922   0.00275462 0
99.7    0.00048711    0  0.0192256   0.00275462 0
99.8    0.00048433    0  0.0192311   0.00275462 0
99.9    0.000481545    0  0.0192366   0.00275462 0
100    0.000478776    0  0.019242   0.00275462 0
100.1    0.000476068    0  0.0192475   0.00275462 0
100.2    0.000473332    0  0.0192529   0.00275462 0
100.3    0.000470642    0  0.0192582   0.00275462 0
100.4    0.000467939    0  0.0192635   0.00275462 0
100.5    0.000465269    0  0.0192688   0.00275462 0
100.6    0.000462644    0  0.019274   0.00275462 0
100.7    0.000459992    0  0.0192793   0.00275462 0
100.8    0.000457394    0  0.0192844   0.00275462 0
100.9    0.000454823    0  0.0192896   0.00275462 0
101    0.000452214    0  0.0192947   0.00275462 0
101.1    0.000449709    0  0.0192998   0.00275462 0
101.2    0.000447165    0  0.0193048   0.00275462 0
101.3    0.000444602    0  0.0193098   0.00275462 0
101.4    0.000442055    0  0.0193148   0.00275462 0
101.5    0.000439521    0  0.0193198   0.00275462 0
101.6    0.000437014    0  0.0193247   0.00275462 0
101.7    0.000434518    0  0.0193296   0.00275462 0
101.8    0.000432031    0  0.0193344   0.00275462 0
101.9    0.000429558    0  0.0193393   0.00275462 0
102    0.0004271    0  0.0193441   0.00275462 0
102.1    0.000424656    0  0.0193488   0.00275462 0
102.2    0.000422244    0  0.0193536   0.00275462 0
102.3    0.00041987    0  0.0193583   0.00275462 0
102.4    0.000417471    0  0.019363   0.00275462 0
102.5    0.000415107    0  0.0193676   0.00275462 0
102.6    0.000412735    0  0.0193722   0.00275462 0
102.7    0.000410384    0  0.0193768   0.00275462 0
102.8    0.000408046    0  0.0193814   0.00275462 0
102.9    0.000405715    0  0.019386   0.00275462 0
103    0.000403399    0  0.0193905   0.00275462 0
103.1    0.000401096    0  0.019395   0.00275462 0
103.2    0.000398807    0  0.0193994   0.00275462 0
103.3    0.000396532    0  0.0194039   0.00275462 0
103.4    0.000394302    0  0.0194083   0.00275462 0
103.5    0.000392055    0  0.0194126   0.00275462 0
103.6    0.000389841    0  0.019417   0.00275462 0
103.7    0.00038762    0  0.0194213   0.00275462 0
103.8    0.000385431    0  0.0194256   0.00275462 0
103.9    0.000383236    0  0.0194311   0.00275462 0
104    0.000381054    0  0.019437   0.00275462 0
104.1    0.000378885    0  0.0194428   0.00275462 0
104.2    0.00037675    0  0.0194486   0.00275462 0
104.3    0.000374622    0  0.0194543   0.00275462 0
104.4    0.000372495    0  0.01946   0.00275462 0
104.5    0.000370384    0  0.0194657   0.00275462 0
104.6    0.000368286    0  0.0194713   0.00275462 0
104.7    0.000366203    0  0.0194769   0.00275462 0
104.8    0.000364143    0  0.0194824   0.00275462 0
104.9    0.000362074    0  0.0194879   0.00275462 0
105    0.000360047    0  0.0194934   0.00275462 0
105.1    0.000358001    0  0.0194989   0.00275462 0
105.2    0.000355993    0  0.0195043   0.00275462 0
105.3    0.000353973    0  0.0195096   0.00275462 0
105.4    0.000351965    0  0.019515   0.00275462 0
105.5    0.000349968    0  0.0195203   0.00275462 0
105.6    0.000347984    0  0.0195255   0.00275462 0
105.7    0.000346041    0  0.0195308   0.00275462 0
105.8    0.000344101    0  0.019536   0.00275462 0
105.9    0.000342169    0  0.0195411   0.00275462 0
106    0.000340235    0  0.0195462   0.00275462 0
106.1    0.000338308    0  0.0195513   0.00275462 0
106.2    0.000336393    0  0.0195564   0.00275462 0
106.3    0.000334488    0  0.0195614   0.00275462 0
106.4    0.000332625    0  0.0195664   0.00275462 0
106.5    0.000330744    0  0.0195714   0.00275462 0
106.6    0.000328892    0  0.0195763   0.00275462 0
106.7    0.000327042    0  0.0195812   0.00275462 0
106.8    0.000325212    0  0.0195861   0.00275462 0
106.9    0.000323397    0  0.019591   0.00275462 0
107    0.000321571    0  0.0195958   0.00275462 0
107.1    0.000319776    0  0.0196006   0.00275462 0
107.2    0.00031797    0  0.0196053   0.00275462 0
107.3    0.000316175    0  0.01961   0.00275462 0
107.4    0.000314431    0  0.0196147   0.00275462 0
107.5    0.000312658    0  0.0196194   0.00275462 0
107.6    0.0003109    0  0.019624   0.00275462 0
107.7    0.000309168    0  0.0196286   0.00275462 0
107.8    0.000307446    0  0.0196332   0.00275462 0
107.9    0.000305753    0  0.0196378   0.00275462 0
108    0.000304032    0  0.0196423   0.00275462 0
108.1    0.000302345    0  0.0196468   0.00275462 0
108.2    0.000300672    0  0.0196513   0.00275462 0
108.3    0.000298975    0  0.0196557   0.00275462 0
108.4    0.000297297    0  0.0196601   0.00275462 0
108.5    0.000295625    0  0.0196645   0.00275462 0
108.6    0.000293935    0  0.0196689   0.00275462 0
108.7    0.000292283    0  0.0196732   0.00275462 0
108.8    0.000290641    0  0.0196775   0.00275462 0
108.9    0.000289008    0  0.0196818   0.00275462 0
109    0.000287384    0  0.019686   0.00275462 0
109.1    0.00028577    0  0.0196903   0.00275462 0
109.2    0.000284166    0  0.0196945   0.00275462 0
109.3    0.000282591    0  0.0196987   0.00275462 0
109.4    0.000281014    0  0.0197028   0.00275462 0
109.5    0.000279461    0  0.019707   0.00275462 0
109.6    0.000277894    0  0.0197111   0.00275462 0
109.7    0.000276336    0  0.0197152   0.00275462 0
109.8    0.000274786    0  0.0197192   0.00275462 0
109.9    0.000273249    0  0.0197233   0.00275462 0
110    0.000271727    0  0.0197273   0.00275462 0
110.1    0.000270218    0  0.0197313   0.00275462 0
110.2    0.000268705    0  0.0197352   0.00275462 0
110.3    0.000267221    0  0.0197392   0.00275462 0
110.4    0.000265725    0  0.0197431   0.00275462 0
110.5    0.000264239    0  0.019747   0.00275462 0
110.6    0.000262761    0  0.0197509   0.00275462 0
110.7    0.000261291    0  0.0197547   0.00275462 0
110.8    0.00025983    0  0.0197586   0.00275462 0
110.9    0.000258406    0  0.0197624   0.00275462 0
111    0.000256962    0  0.0197662   0.00275462 0
111.1    0.000255526    0  0.0197699   0.00275462 0
111.2    0.000254099    0  0.0197737   0.00275462 0
111.3    0.0002527    0  0.0197774   0.00275462 0
111.4    0.000251289    0  0.0197811   0.00275462 0
111.5    0.000249886    0  0.0197848   0.00275462 0
111.6    0.000248492    0  0.0197885   0.00275462 0
111.7    0.000247115    0  0.0197921   0.00275462 0
111.8    0.000245737    0  0.0197957   0.00275462 0
111.9    0.000244381    0  0.0197993   0.00275462 0
112    0.000243026    0  0.0198029   0.00275462 0
112.1    0.000241668    0  0.0198065   0.00275462 0
112.2    0.000240358    0  0.01981   0.00275462 0
112.3    0.000239021    0  0.0198136   0.00275462 0
112.4    0.00023769    0  0.0198171   0.00275462 0
112.5    0.000236372    0  0.0198205   0.00275462 0
112.6    0.000235056    0  0.019824   0.00275462 0
112.7    0.000233747    0  0.0198275   0.00275462 0
112.8    0.000232447    0  0.0198309   0.00275462 0
112.9    0.000231153    0  0.0198343   0.00275462 0
113    0.000229886    0  0.0198377   0.00275462 0
113.1    0.000228609    0  0.019841   0.00275462 0
113.2    0.000227337    0  0.0198444   0.00275462 0
113.3    0.000226082    0  0.0198477   0.00275462 0
113.4    0.000224825    0  0.0198511   0.00275462 0
113.5    0.000223591    0  0.0198544   0.00275462 0
113.6    0.000222368    0  0.0198576   0.00275462 0
113.7    0.000221133    0  0.0198609   0.00275462 0
113.8    0.000219924    0  0.0198641   0.00275462 0
113.9    0.00021871    0  0.0198674   0.00275462 0
114    0.000217495    0  0.0198706   0.00275462 0
114.1    0.000216288    0  0.0198738   0.00275462 0
114.2    0.000215087    0  0.019877   0.00275462 0
114.3    0.000213894    0  0.0198801   0.00275462 0
114.4    0.000212707    0  0.0198833   0.00275462 0
114.5    0.000211546    0  0.0198864   0.00275462 0
114.6    0.000210384    0  0.0198895   0.00275462 0
114.7    0.000209223    0  0.0198926   0.00275462 0
114.8    0.000208069    0  0.0198957   0.00275462 0
114.9    0.00020695    0  0.0198987   0.00275462 0
115    0.000205819    0  0.0199018   0.00275462 0
115.1    0.00020469    0  0.0199048   0.00275462 0
115.2    0.000203557    0  0.0199078   0.00275462 0
115.3    0.000202429    0  0.0199108   0.00275462 0
115.4    0.000201326    0  0.0199138   0.00275462 0
115.5    0.00020023    0  0.0199168   0.00275462 0
115.6    0.000199119    0  0.0199197   0.00275462 0
115.7    0.000198009    0  0.0199226   0.00275462 0
115.8    0.000196949    0  0.0199256   0.00275462 0
115.9    0.00019587    0  0.0199285   0.00275462 0
116    0.000194819    0  0.0199314   0.00275462 0
116.1    0.000193747    0  0.0199342   0.00275462 0
116.2    0.000192694    0  0.0199371   0.00275462 0
116.3    0.000191629    0  0.0199399   0.00275462 0
116.4    0.00019057    0  0.0199428   0.00275462 0
116.5    0.00018952    0  0.0199456   0.00275462 0
116.6    0.000188481    0  0.0199484   0.00275462 0
116.7    0.00018744    0  0.0199512   0.00275462 0
116.8    0.000186406    0  0.0199539   0.00275462 0
116.9    0.000185377    0  0.0199567   0.00275462 0
117    0.000184354    0  0.0199594   0.00275462 0
117.1    0.000183336    0  0.0199622   0.00275462 0
117.2    0.000182325    0  0.0199649   0.00275462 0
117.3    0.000181319    0  0.0199676   0.00275462 0
117.4    0.000180342    0  0.0199703   0.00275462 0
117.5    0.000179348    0  0.019973   0.00275462 0
117.6    0.000178368    0  0.0199756   0.00275462 0
117.7    0.000177392    0  0.0199783   0.00275462 0
117.8    0.000176414    0  0.0199809   0.00275462 0
117.9    0.000175442    0  0.0199835   0.00275462 0
118    0.000174475    0  0.0199861   0.00275462 0
118.1    0.000173514    0  0.0199887   0.00275462 0
118.2    0.000172566    0  0.0199913   0.00275462 0
118.3    0.000171616    0  0.0199939   0.00275462 0
118.4    0.00017067    0  0.0199964   0.00275462 0
118.5    0.00016973    0  0.019999   0.00275462 0
118.6    0.000168814    0  0.0200015   0.00275462 0
118.7    0.000167885    0  0.020004   0.00275462 0
118.8    0.000166973    0  0.0200065   0.00275462 0
118.9    0.000166055    0  0.020009   0.00275462 0
119    0.000165141    0  0.0200116   0.00275462 0
119.1    0.00016423    0  0.0200149   0.00275462 0
119.2    0.000163326    0  0.0200182   0.00275462 0
119.3    0.000162428    0  0.0200215   0.00275462 0
119.4    0.000161535    0  0.0200247   0.00275462 0
119.5    0.000160647    0  0.020028   0.00275462 0
119.6    0.000159771    0  0.0200312   0.00275462 0
119.7    0.00015891    0  0.0200344   0.00275462 0
119.8    0.000158045    0  0.0200376   0.00275462 0
119.9    0.000157182    0  0.0200408   0.00275462 0
120    0.000156318    0  0.0200439   0.00275462 0
