t (s) 	Mean density (kg/m³)	V/V0	m/m0	
0	280	1	1
0.1	279.95	1	0.999823
0.2	279.785	1	0.999233
0.3	279.676	1	0.998844
0.4	279.585	1	0.998517
0.5	279.503	1	0.998224
0.6	279.428	1	0.997956
0.7	279.358	1	0.997706
0.8	279.292	1	0.99747
0.9	279.229	1	0.997247
1	279.169	1	0.997033
1.1	279.112	1	0.996828
1.2	279.057	1	0.996631
1.3	279.003	1	0.99644
1.4	278.951	1	0.996255
1.5	278.901	1	0.996076
1.6	278.852	1	0.995901
1.7	278.805	1	0.995731
1.8	278.758	1	0.995565
1.9	278.713	1	0.995402
2	278.668	1	0.995243
2.1	278.624	1	0.995087
2.2	278.582	1	0.994935
2.3	278.54	1	0.994785
2.4	278.499	1	0.994638
2.5	278.458	1	0.994493
2.6	278.418	1	0.99435
2.7	278.379	1	0.99421
2.8	278.34	1	0.994072
2.9	278.302	1	0.993936
3	278.264	1	0.993802
3.1	278.227	1	0.993669
3.2	278.191	1	0.993539
3.3	278.155	1	0.99341
3.4	278.119	1	0.993283
3.5	278.084	1	0.993157
3.6	278.049	1	0.993032
3.7	278.015	1	0.992909
3.8	277.981	1	0.992788
3.9	277.947	1	0.992668
4	277.914	1	0.992549
4.1	277.881	1	0.992431
4.2	277.848	1	0.992314
4.3	277.816	1	0.992199
4.4	277.784	1	0.992085
4.5	277.752	1	0.991971
4.6	277.721	1	0.991859
4.7	277.689	1	0.991748
4.8	277.659	1	0.991638
4.9	277.628	1	0.991528
5	277.598	1	0.99142
5.1	277.567	1	0.991312
5.2	277.538	1	0.991206
5.3	277.508	1	0.9911
5.4	277.479	1	0.990995
5.5	277.449	1	0.990891
5.6	277.42	1	0.990787
5.7	277.392	1	0.990685
5.8	277.363	1	0.990583
5.9	277.335	1	0.990482
6	277.307	1	0.990381
6.1	277.279	1	0.990281
6.2	277.251	1	0.990182
6.3	277.223	1	0.990084
6.4	277.196	1	0.989986
6.5	277.169	1	0.989889
6.6	277.142	1	0.989792
6.7	277.115	1	0.989697
6.8	277.088	1	0.989601
6.9	277.062	1	0.989506
7	277.035	1	0.989412
7.1	277.009	1	0.989319
7.2	276.983	1	0.989225
7.3	276.957	1	0.989133
7.4	276.931	1	0.989041
7.5	276.906	1	0.988949
7.6	276.88	1	0.988858
7.7	276.855	1	0.988768
7.8	276.83	1	0.988678
7.9	276.805	1	0.988588
8	276.78	1	0.988499
8.1	276.755	1	0.988411
8.2	276.73	1	0.988322
8.3	276.706	1	0.988235
8.4	276.681	1	0.988147
8.5	276.657	1	0.988061
8.6	276.633	1	0.987974
8.7	276.609	1	0.987888
8.8	276.585	1	0.987802
8.9	276.561	1	0.987717
9	276.537	1	0.987632
9.1	276.513	1	0.987548
9.2	276.49	1	0.987464
9.3	276.467	1	0.98738
9.4	276.443	1	0.987297
9.5	276.42	1	0.987214
9.6	276.397	1	0.987132
9.7	276.374	1	0.987049
9.8	276.351	1	0.986968
9.9	276.328	1	0.986886
10	276.305	1	0.986805
10.1	276.283	1	0.986724
10.2	276.26	1	0.986644
10.3	276.238	1	0.986564
10.4	276.215	1	0.986484
10.5	276.193	1	0.986404
10.6	276.171	1	0.986325
10.7	276.149	1	0.986246
10.8	276.127	1	0.986168
10.9	276.105	1	0.986089
11	276.083	1	0.986011
11.1	276.061	1	0.985934
11.2	276.04	1	0.985856
11.3	276.018	1	0.985779
11.4	275.997	1	0.985702
11.5	275.975	1	0.985626
11.6	275.954	1	0.985549
11.7	275.933	1	0.985473
11.8	275.911	1	0.985398
11.9	275.89	1	0.985322
12	275.869	1	0.985247
12.1	275.848	1	0.985172
12.2	275.827	1	0.985098
12.3	275.806	1	0.985023
12.4	275.786	1	0.984949
12.5	275.765	1	0.984875
12.6	275.744	1	0.984801
12.7	275.724	1	0.984728
12.8	275.703	1	0.984655
12.9	275.683	1	0.984582
13	275.663	1	0.984509
13.1	275.642	1	0.984437
13.2	275.622	1	0.984364
13.3	275.602	1	0.984292
13.4	275.582	1	0.984221
13.5	275.562	1	0.984149
13.6	275.542	1	0.984078
13.7	275.522	1	0.984006
13.8	275.502	1	0.983936
13.9	275.482	1	0.983865
14	275.462	1	0.983794
14.1	275.443	1	0.983724
14.2	275.423	1	0.983654
14.3	275.404	1	0.983584
14.4	275.384	1	0.983514
14.5	275.365	1	0.983445
14.6	275.345	1	0.983376
14.7	275.326	1	0.983307
14.8	275.307	1	0.983238
14.9	275.287	1	0.983169
15	275.268	1	0.983101
15.1	275.249	1	0.983032
15.2	275.23	1	0.982964
15.3	275.211	1	0.982896
15.4	275.192	1	0.982829
15.5	275.173	1	0.982761
15.6	275.154	1	0.982694
15.7	275.135	1	0.982626
15.8	275.117	1	0.982559
15.9	275.098	1	0.982493
16	275.079	1	0.982426
16.1	275.061	1	0.982359
16.2	275.042	1	0.982293
16.3	275.024	1	0.982227
16.4	275.005	1	0.982161
16.5	274.987	1	0.982095
16.6	274.968	1	0.98203
16.7	274.95	1	0.981964
16.8	274.932	1	0.981899
16.9	274.913	1	0.981834
17	274.895	1	0.981769
17.1	274.877	1	0.981704
17.2	274.859	1	0.981639
17.3	274.841	1	0.981575
17.4	274.823	1	0.98151
17.5	274.805	1	0.981446
17.6	274.787	1	0.981382
17.7	274.769	1	0.981318
17.8	274.751	1	0.981254
17.9	274.733	1	0.981191
18	274.716	1	0.981127
18.1	274.698	1	0.981064
18.2	274.68	1	0.981001
18.3	274.663	1	0.980938
18.4	274.645	1	0.980875
18.5	274.627	1	0.980812
18.6	274.61	1	0.98075
18.7	274.592	1	0.980687
18.8	274.575	1	0.980625
18.9	274.558	1	0.980563
19	274.54	1	0.980501
19.1	274.523	1	0.980439
19.2	274.506	1	0.980377
19.3	274.488	1	0.980316
19.4	274.471	1	0.980254
19.5	274.454	1	0.980193
19.6	274.437	1	0.980132
19.7	274.42	1	0.98007
19.8	274.403	1	0.980009
19.9	274.386	1	0.979949
20	274.369	1	0.979888
20.1	274.352	1	0.979827
20.2	274.335	1	0.979767
20.3	274.318	1	0.979707
20.4	274.301	1	0.979646
20.5	274.284	1	0.979586
20.6	274.267	1	0.979526
20.7	274.251	1	0.979466
20.8	274.234	1	0.979407
20.9	274.217	1	0.979347
21	274.201	1	0.979288
21.1	274.184	1	0.979228
21.2	274.167	1	0.979169
21.3	274.151	1	0.97911
21.4	274.134	1	0.979051
21.5	274.118	1	0.978992
21.6	274.101	1	0.978933
21.7	274.085	1	0.978875
21.8	274.068	1	0.978816
21.9	274.052	1	0.978758
22	274.036	1	0.978699
22.1	274.02	1	0.978641
22.2	274.003	1	0.978583
22.3	273.987	1	0.978525
22.4	273.971	1	0.978467
22.5	273.955	1	0.978409
22.6	273.938	1	0.978352
22.7	273.922	1	0.978294
22.8	273.906	1	0.978237
22.9	273.89	1	0.978179
23	273.874	1	0.978122
23.1	273.858	1	0.978065
23.2	273.842	1	0.978008
23.3	273.826	1	0.977951
23.4	273.81	1	0.977894
23.5	273.794	1	0.977837
23.6	273.779	1	0.977781
23.7	273.763	1	0.977724
23.8	273.747	1	0.977668
23.9	273.731	1	0.977611
24	273.715	1	0.977555
24.1	273.7	1	0.977499
24.2	273.684	1	0.977443
24.3	273.668	1	0.977387
24.4	273.653	1	0.977331
24.5	273.637	1	0.977275
24.6	273.622	1	0.97722
24.7	273.606	1	0.977164
24.8	273.59	1	0.977109
24.9	273.575	1	0.977053
25	273.559	1	0.976998
25.1	273.544	1	0.976943
25.2	273.529	1	0.976888
25.3	273.513	1	0.976833
25.4	273.498	1	0.976778
25.5	273.482	1	0.976723
25.6	273.467	1	0.976668
25.7	273.452	1	0.976614
25.8	273.437	1	0.976559
25.9	273.421	1	0.976505
26	273.406	1	0.97645
26.1	273.391	1	0.976396
26.2	273.376	1	0.976342
26.3	273.361	1	0.976288
26.4	273.345	1	0.976233
26.5	273.33	1	0.97618
26.6	273.315	1	0.976126
26.7	273.3	1	0.976072
26.8	273.285	1	0.976018
26.9	273.27	1	0.975965
27	273.255	1	0.975911
27.1	273.24	1	0.975858
27.2	273.225	1	0.975804
27.3	273.21	1	0.975751
27.4	273.195	1	0.975698
27.5	273.18	1	0.975645
27.6	273.166	1	0.975592
27.7	273.151	1	0.975539
27.8	273.136	1	0.975486
27.9	273.121	1	0.975433
28	273.106	1	0.97538
28.1	273.092	1	0.975328
28.2	273.077	1	0.975275
28.3	273.062	1	0.975223
28.4	273.048	1	0.97517
28.5	273.033	1	0.975118
28.6	273.018	1	0.975066
28.7	273.004	1	0.975013
28.8	272.989	1	0.974961
28.9	272.975	1	0.974909
29	272.96	1	0.974857
29.1	272.946	1	0.974805
29.2	272.931	1	0.974754
29.3	272.917	1	0.974702
29.4	272.902	1	0.97465
29.5	272.888	1	0.974599
29.6	272.873	1	0.974547
29.7	272.859	1	0.974496
29.8	272.844	1	0.974444
29.9	272.83	1	0.974393
30	272.816	1	0.974342
30.1	272.801	1	0.974291
30.2	272.787	1	0.97424
30.3	272.773	1	0.974189
30.4	272.759	1	0.974138
30.5	272.744	1	0.974087
30.6	272.73	1	0.974036
30.7	272.716	1	0.973985
30.8	272.702	1	0.973935
30.9	272.688	1	0.973884
31	272.673	1	0.973834
31.1	272.659	1	0.973783
31.2	272.645	1	0.973733
31.3	272.631	1	0.973683
31.4	272.617	1	0.973632
31.5	272.603	1	0.973582
31.6	272.589	1	0.973532
31.7	272.575	1	0.973482
31.8	272.561	1	0.973432
31.9	272.547	1	0.973382
32	272.533	1	0.973332
32.1	272.519	1	0.973282
32.2	272.505	1	0.973233
32.3	272.491	1	0.973183
32.4	272.477	1	0.973133
32.5	272.464	1	0.973084
32.6	272.45	1	0.973034
32.7	272.436	1	0.972985
32.8	272.422	1	0.972936
32.9	272.408	1	0.972886
33	272.394	1	0.972837
33.1	272.381	1	0.972788
33.2	272.367	1	0.972739
33.3	272.353	1	0.97269
33.4	272.34	1	0.972641
33.5	272.326	1	0.972592
33.6	272.312	1	0.972543
33.7	272.298	1	0.972495
33.8	272.285	1	0.972446
33.9	272.271	1	0.972397
34	272.258	1	0.972349
34.1	272.244	1	0.9723
34.2	272.23	1	0.972252
34.3	272.217	1	0.972203
34.4	272.203	1	0.972155
34.5	272.19	1	0.972107
34.6	272.176	1	0.972058
34.7	272.163	1	0.97201
34.8	272.149	1	0.971962
34.9	272.136	1	0.971914
35	272.122	1	0.971866
35.1	272.109	1	0.971818
35.2	272.096	1	0.97177
35.3	272.082	1	0.971722
35.4	272.069	1	0.971674
35.5	272.055	1	0.971627
35.6	272.042	1	0.971579
35.7	272.029	1	0.971531
35.8	272.015	1	0.971484
35.9	272.002	1	0.971436
36	271.989	1	0.971389
36.1	271.976	1	0.971342
36.2	271.962	1	0.971294
36.3	271.949	1	0.971247
36.4	271.936	1	0.9712
36.5	271.923	1	0.971153
36.6	271.91	1	0.971105
36.7	271.896	1	0.971058
36.8	271.883	1	0.971011
36.9	271.87	1	0.970964
37	271.857	1	0.970918
37.1	271.844	1	0.970871
37.2	271.831	1	0.970824
37.3	271.818	1	0.970777
37.4	271.805	1	0.97073
37.5	271.791	1	0.970684
37.6	271.778	1	0.970637
37.7	271.765	1	0.970591
37.8	271.752	1	0.970544
37.9	271.739	1	0.970498
38	271.726	1	0.970451
38.1	271.713	1	0.970405
38.2	271.7	1	0.970359
38.3	271.688	1	0.970313
38.4	271.675	1	0.970266
38.5	271.662	1	0.97022
38.6	271.649	1	0.970174
38.7	271.636	1	0.970128
38.8	271.623	1	0.970082
38.9	271.61	1	0.970036
39	271.597	1	0.96999
39.1	271.584	1	0.969945
39.2	271.572	1	0.969899
39.3	271.559	1	0.969853
39.4	271.546	1	0.969807
39.5	271.533	1	0.969762
39.6	271.521	1	0.969716
39.7	271.508	1	0.969671
39.8	271.495	1	0.969625
39.9	271.482	1	0.96958
40	271.47	1	0.969534
40.1	271.457	1	0.969489
40.2	271.444	1	0.969444
40.3	271.432	1	0.969398
40.4	271.419	1	0.969353
40.5	271.406	1	0.969308
40.6	271.394	1	0.969263
40.7	271.381	1	0.969218
40.8	271.368	1	0.969173
40.9	271.356	1	0.969128
41	271.343	1	0.969083
41.1	271.331	1	0.969038
41.2	271.318	1	0.968993
41.3	271.306	1	0.968949
41.4	271.293	1	0.968904
41.5	271.281	1	0.968859
41.6	271.268	1	0.968814
41.7	271.256	1	0.96877
41.8	271.243	1	0.968725
41.9	271.231	1	0.968681
42	271.218	1	0.968636
42.1	271.206	1	0.968592
42.2	271.193	1	0.968547
42.3	271.181	1	0.968503
42.4	271.168	1	0.968459
42.5	271.156	1	0.968415
42.6	271.144	1	0.96837
42.7	271.131	1	0.968326
42.8	271.119	1	0.968282
42.9	271.107	1	0.968238
43	271.094	1	0.968194
43.1	271.082	1	0.96815
43.2	271.07	1	0.968106
43.3	271.057	1	0.968062
43.4	271.045	1	0.968018
43.5	271.033	1	0.967974
43.6	271.021	1	0.967931
43.7	271.008	1	0.967887
43.8	270.996	1	0.967843
43.9	270.984	1	0.9678
44	270.972	1	0.967756
44.1	270.959	1	0.967712
44.2	270.947	1	0.967669
44.3	270.935	1	0.967625
44.4	270.923	1	0.967582
44.5	270.911	1	0.967539
44.6	270.899	1	0.967495
44.7	270.887	1	0.967452
44.8	270.874	1	0.967409
44.9	270.862	1	0.967365
45	270.85	1	0.967322
45.1	270.838	1	0.967279
45.2	270.826	1	0.967236
45.3	270.814	1	0.967193
45.4	270.802	1	0.96715
45.5	270.79	1	0.967107
45.6	270.778	1	0.967064
45.7	270.766	1	0.967021
45.8	270.754	1	0.966978
45.9	270.742	1	0.966935
46	270.73	1	0.966892
46.1	270.718	1	0.96685
46.2	270.706	1	0.966807
46.3	270.694	1	0.966764
46.4	270.682	1	0.966721
46.5	270.67	1	0.966679
46.6	270.658	1	0.966636
46.7	270.646	1	0.966594
46.8	270.634	1	0.966551
46.9	270.622	1	0.966509
47	270.611	1	0.966466
47.1	270.599	1	0.966424
47.2	270.587	1	0.966382
47.3	270.575	1	0.966339
47.4	270.563	1	0.966297
47.5	270.551	1	0.966255
47.6	270.54	1	0.966213
47.7	270.528	1	0.966171
47.8	270.516	1	0.966128
47.9	270.504	1	0.966086
48	270.492	1	0.966044
48.1	270.481	1	0.966002
48.2	270.469	1	0.96596
48.3	270.457	1	0.965918
48.4	270.445	1	0.965876
48.5	270.434	1	0.965835
48.6	270.422	1	0.965793
48.7	270.41	1	0.965751
48.8	270.399	1	0.965709
48.9	270.387	1	0.965667
49	270.375	1	0.965626
49.1	270.364	1	0.965584
49.2	270.352	1	0.965543
49.3	270.34	1	0.965501
49.4	270.329	1	0.965459
49.5	270.317	1	0.965418
49.6	270.305	1	0.965376
49.7	270.294	1	0.965335
49.8	270.282	1	0.965294
49.9	270.271	1	0.965252
50	270.259	1	0.965211
50.1	270.247	1	0.96517
50.2	270.236	1	0.965128
50.3	270.224	1	0.965087
50.4	270.213	1	0.965046
50.5	270.201	1	0.965005
50.6	270.19	1	0.964964
50.7	270.178	1	0.964923
50.8	270.167	1	0.964881
50.9	270.155	1	0.96484
51	270.144	1	0.964799
51.1	270.132	1	0.964758
51.2	270.121	1	0.964718
51.3	270.109	1	0.964677
51.4	270.098	1	0.964636
51.5	270.087	1	0.964595
51.6	270.075	1	0.964554
51.7	270.064	1	0.964513
51.8	270.052	1	0.964473
51.9	270.041	1	0.964432
52	270.03	1	0.964391
52.1	270.018	1	0.964351
52.2	270.007	1	0.96431
52.3	269.995	1	0.96427
52.4	269.984	1	0.964229
52.5	269.973	1	0.964189
52.6	269.961	1	0.964148
52.7	269.95	1	0.964108
52.8	269.939	1	0.964067
52.9	269.928	1	0.964027
53	269.916	1	0.963987
53.1	269.905	1	0.963946
53.2	269.894	1	0.963906
53.3	269.882	1	0.963866
53.4	269.871	1	0.963826
53.5	269.86	1	0.963785
53.6	269.849	1	0.963745
53.7	269.837	1	0.963705
53.8	269.826	1	0.963665
53.9	269.815	1	0.963625
54	269.804	1	0.963585
54.1	269.793	1	0.963545
54.2	269.781	1	0.963505
54.3	269.77	1	0.963465
54.4	269.759	1	0.963425
54.5	269.748	1	0.963385
54.6	269.737	1	0.963345
54.7	269.726	1	0.963306
54.8	269.714	1	0.963266
54.9	269.703	1	0.963226
55	269.692	1	0.963186
55.1	269.681	1	0.963147
55.2	269.67	1	0.963107
55.3	269.659	1	0.963067
55.4	269.648	1	0.963028
55.5	269.637	1	0.962988
55.6	269.626	1	0.962949
55.7	269.615	1	0.962909
55.8	269.604	1	0.96287
55.9	269.593	1	0.96283
56	269.581	1	0.962791
56.1	269.57	1	0.962752
56.2	269.559	1	0.962712
56.3	269.548	1	0.962673
56.4	269.537	1	0.962634
56.5	269.526	1	0.962594
56.6	269.515	1	0.962555
56.7	269.504	1	0.962516
56.8	269.493	1	0.962477
56.9	269.483	1	0.962438
57	269.472	1	0.962398
57.1	269.461	1	0.962359
57.2	269.45	1	0.96232
57.3	269.439	1	0.962281
57.4	269.428	1	0.962242
57.5	269.417	1	0.962203
57.6	269.406	1	0.962164
57.7	269.395	1	0.962125
57.8	269.384	1	0.962086
57.9	269.373	1	0.962048
58	269.362	1	0.962009
58.1	269.352	1	0.96197
58.2	269.341	1	0.961931
58.3	269.33	1	0.961892
58.4	269.319	1	0.961854
58.5	269.308	1	0.961815
58.6	269.297	1	0.961776
58.7	269.287	1	0.961738
58.8	269.276	1	0.961699
58.9	269.265	1	0.96166
59	269.254	1	0.961622
59.1	269.243	1	0.961583
59.2	269.233	1	0.961545
59.3	269.222	1	0.961506
59.4	269.211	1	0.961468
59.5	269.2	1	0.96143
59.6	269.19	1	0.961391
59.7	269.179	1	0.961353
59.8	269.168	1	0.961314
59.9	269.157	1	0.961276
60	269.147	1	0.961238
60.1	269.136	1	0.9612
60.2	269.125	1	0.961161
60.3	269.115	1	0.961123
60.4	269.104	1	0.961085
60.5	269.093	1	0.961047
60.6	269.083	1	0.961009
60.7	269.072	1	0.960971
60.8	269.061	1	0.960933
60.9	269.051	1	0.960896
61	269.04	1	0.960858
61.1	269.03	1	0.96082
61.2	269.019	1	0.960782
61.3	269.009	1	0.960745
61.4	268.998	1	0.960708
61.5	268.988	1	0.96067
61.6	268.977	1	0.960633
61.7	268.967	1	0.960596
61.8	268.956	1	0.960559
61.9	268.946	1	0.960522
62	268.936	1	0.960485
62.1	268.926	1	0.960448
62.2	268.915	1	0.960412
62.3	268.905	1	0.960376
62.4	268.895	1	0.96034
62.5	268.885	1	0.960304
62.6	268.875	1	0.960268
62.7	268.865	1	0.960232
62.8	268.855	1	0.960197
62.9	268.845	1	0.960162
63	268.836	1	0.960127
63.1	268.826	1	0.960092
63.2	268.816	1	0.960058
63.3	268.807	1	0.960023
63.4	268.797	1	0.959989
63.5	268.788	1	0.959956
63.6	268.778	1	0.959922
63.7	268.769	1	0.959889
63.8	268.76	1	0.959856
63.9	268.75	1	0.959823
64	268.741	1	0.959791
64.1	268.732	1	0.959758
64.2	268.723	1	0.959726
64.3	268.714	1	0.959695
64.4	268.706	1	0.959663
64.5	268.697	1	0.959632
64.6	268.688	1	0.959601
64.7	268.68	1	0.95957
64.8	268.671	1	0.95954
64.9	268.663	1	0.95951
65	268.654	1	0.95948
65.1	268.646	1	0.95945
65.2	268.638	1	0.959421
65.3	268.63	1	0.959392
65.4	268.622	1	0.959363
65.5	268.614	1	0.959334
65.6	268.606	1	0.959306
65.7	268.598	1	0.959278
65.8	268.59	1	0.95925
65.9	268.582	1	0.959222
66	268.574	1	0.959195
66.1	268.567	1	0.959167
66.2	268.559	1	0.95914
66.3	268.552	1	0.959114
66.4	268.544	1	0.959087
66.5	268.537	1	0.959061
66.6	268.53	1	0.959035
66.7	268.522	1	0.959009
66.8	268.515	1	0.958983
66.9	268.508	1	0.958958
67	268.501	1	0.958932
67.1	268.494	1	0.958907
67.2	268.487	1	0.958882
67.3	268.48	1	0.958858
67.4	268.473	1	0.958833
67.5	268.467	1	0.958809
67.6	268.46	1	0.958785
67.7	268.453	1	0.958761
67.8	268.446	1	0.958737
67.9	268.44	1	0.958714
68	268.433	1	0.95869
68.1	268.427	1	0.958667
68.2	268.42	1	0.958644
68.3	268.414	1	0.958621
68.4	268.408	1	0.958599
68.5	268.401	1	0.958576
68.6	268.395	1	0.958554
68.7	268.389	1	0.958532
68.8	268.383	1	0.95851
68.9	268.377	1	0.958488
69	268.371	1	0.958466
69.1	268.365	1	0.958445
69.2	268.359	1	0.958423
69.3	268.353	1	0.958402
69.4	268.347	1	0.958381
69.5	268.341	1	0.95836
69.6	268.335	1	0.958339
69.7	268.329	1	0.958319
69.8	268.324	1	0.958298
69.9	268.318	1	0.958278
70	268.312	1	0.958258
70.1	268.307	1	0.958238
70.2	268.301	1	0.958218
70.3	268.295	1	0.958198
70.4	268.29	1	0.958178
70.5	268.284	1	0.958159
70.6	268.279	1	0.958139
70.7	268.274	1	0.95812
70.8	268.268	1	0.958101
70.9	268.263	1	0.958082
71	268.258	1	0.958063
71.1	268.252	1	0.958044
71.2	268.247	1	0.958026
71.3	268.242	1	0.958007
71.4	268.237	1	0.957989
71.5	268.232	1	0.957971
71.6	268.227	1	0.957952
71.7	268.222	1	0.957934
71.8	268.217	1	0.957916
71.9	268.212	1	0.957899
72	268.207	1	0.957881
72.1	268.202	1	0.957863
72.2	268.197	1	0.957846
72.3	268.192	1	0.957829
72.4	268.187	1	0.957811
72.5	268.182	1	0.957794
72.6	268.178	1	0.957777
72.7	268.173	1	0.95776
72.8	268.168	1	0.957743
72.9	268.163	1	0.957727
73	268.159	1	0.95771
73.1	268.154	1	0.957694
73.2	268.15	1	0.957677
73.3	268.145	1	0.957661
73.4	268.14	1	0.957645
73.5	268.136	1	0.957628
73.6	268.131	1	0.957612
73.7	268.127	1	0.957597
73.8	268.123	1	0.957581
73.9	268.118	1	0.957565
74	268.114	1	0.957549
74.1	268.109	1	0.957534
74.2	268.105	1	0.957518
74.3	268.101	1	0.957503
74.4	268.097	1	0.957488
74.5	268.092	1	0.957473
74.6	268.088	1	0.957458
74.7	268.084	1	0.957443
74.8	268.08	1	0.957428
74.9	268.076	1	0.957413
75	268.071	1	0.957398
75.1	268.067	1	0.957384
75.2	268.063	1	0.957369
75.3	268.059	1	0.957355
75.4	268.055	1	0.95734
75.5	268.051	1	0.957326
75.6	268.047	1	0.957312
75.7	268.043	1	0.957298
75.8	268.039	1	0.957283
75.9	268.035	1	0.95727
76	268.032	1	0.957256
76.1	268.028	1	0.957242
76.2	268.024	1	0.957228
76.3	268.02	1	0.957215
76.4	268.016	1	0.957201
76.5	268.012	1	0.957187
76.6	268.009	1	0.957174
76.7	268.005	1	0.957161
76.8	268.001	1	0.957148
76.9	267.998	1	0.957134
77	267.994	1	0.957121
77.1	267.99	1	0.957108
77.2	267.987	1	0.957095
77.3	267.983	1	0.957082
77.4	267.979	1	0.95707
77.5	267.976	1	0.957057
77.6	267.972	1	0.957044
77.7	267.969	1	0.957032
77.8	267.965	1	0.957019
77.9	267.962	1	0.957007
78	267.958	1	0.956994
78.1	267.955	1	0.956982
78.2	267.952	1	0.95697
78.3	267.948	1	0.956958
78.4	267.945	1	0.956946
78.5	267.941	1	0.956934
78.6	267.938	1	0.956922
78.7	267.935	1	0.95691
78.8	267.931	1	0.956898
78.9	267.928	1	0.956886
79	267.925	1	0.956875
79.1	267.922	1	0.956863
79.2	267.918	1	0.956852
79.3	267.915	1	0.95684
79.4	267.912	1	0.956829
79.5	267.909	1	0.956817
79.6	267.906	1	0.956806
79.7	267.903	1	0.956795
79.8	267.899	1	0.956784
79.9	267.896	1	0.956773
80	267.893	1	0.956762
80.1	267.89	1	0.956751
80.2	267.887	1	0.95674
80.3	267.884	1	0.956729
80.4	267.881	1	0.956718
80.5	267.878	1	0.956707
80.6	267.875	1	0.956697
80.7	267.872	1	0.956686
80.8	267.869	1	0.956676
80.9	267.866	1	0.956665
81	267.863	1	0.956655
81.1	267.86	1	0.956644
81.2	267.858	1	0.956634
81.3	267.855	1	0.956624
81.4	267.852	1	0.956614
81.5	267.849	1	0.956604
81.6	267.846	1	0.956594
81.7	267.843	1	0.956584
81.8	267.841	1	0.956574
81.9	267.838	1	0.956564
82	267.835	1	0.956554
82.1	267.832	1	0.956544
82.2	267.83	1	0.956534
82.3	267.827	1	0.956525
82.4	267.824	1	0.956515
82.5	267.822	1	0.956506
82.6	267.819	1	0.956496
82.7	267.816	1	0.956487
82.8	267.814	1	0.956477
82.9	267.811	1	0.956468
83	267.808	1	0.956459
83.1	267.806	1	0.956449
83.2	267.803	1	0.95644
83.3	267.801	1	0.956431
83.4	267.798	1	0.956422
83.5	267.796	1	0.956413
83.6	267.793	1	0.956404
83.7	267.791	1	0.956395
83.8	267.788	1	0.956386
83.9	267.786	1	0.956377
84	267.783	1	0.956369
84.1	267.781	1	0.95636
84.2	267.778	1	0.956351
84.3	267.776	1	0.956342
84.4	267.773	1	0.956334
84.5	267.771	1	0.956325
84.6	267.769	1	0.956317
84.7	267.766	1	0.956308
84.8	267.764	1	0.9563
84.9	267.762	1	0.956292
85	267.759	1	0.956283
85.1	267.757	1	0.956275
85.2	267.755	1	0.956267
85.3	267.752	1	0.956259
85.4	267.75	1	0.956251
85.5	267.748	1	0.956243
85.6	267.746	1	0.956235
85.7	267.743	1	0.956227
85.8	267.741	1	0.956219
85.9	267.739	1	0.956211
86	267.737	1	0.956203
86.1	267.735	1	0.956195
86.2	267.733	1	0.956188
86.3	267.73	1	0.95618
86.4	267.728	1	0.956172
86.5	267.726	1	0.956165
86.6	267.724	1	0.956157
86.7	267.722	1	0.95615
86.8	267.72	1	0.956142
86.9	267.718	1	0.956135
87	267.716	1	0.956127
87.1	267.714	1	0.95612
87.2	267.712	1	0.956113
87.3	267.709	1	0.956105
87.4	267.707	1	0.956098
87.5	267.705	1	0.956091
87.6	267.703	1	0.956084
87.7	267.701	1	0.956077
87.8	267.699	1	0.95607
87.9	267.698	1	0.956063
88	267.696	1	0.956056
88.1	267.694	1	0.956049
88.2	267.692	1	0.956042
88.3	267.69	1	0.956035
88.4	267.688	1	0.956028
88.5	267.686	1	0.956021
88.6	267.684	1	0.956015
88.7	267.682	1	0.956008
88.8	267.68	1	0.956001
88.9	267.678	1	0.955994
89	267.677	1	0.955988
89.1	267.675	1	0.955981
89.2	267.673	1	0.955975
89.3	267.671	1	0.955968
89.4	267.669	1	0.955962
89.5	267.668	1	0.955955
89.6	267.666	1	0.955949
89.7	267.664	1	0.955943
89.8	267.662	1	0.955936
89.9	267.66	1	0.95593
90	267.659	1	0.955924
90.1	267.657	1	0.955918
90.2	267.655	1	0.955912
90.3	267.654	1	0.955905
90.4	267.652	1	0.955899
90.5	267.65	1	0.955893
90.6	267.648	1	0.955887
90.7	267.647	1	0.955881
90.8	267.645	1	0.955875
90.9	267.643	1	0.955869
91	267.642	1	0.955864
91.1	267.64	1	0.955858
91.2	267.639	1	0.955852
91.3	267.637	1	0.955846
91.4	267.635	1	0.95584
91.5	267.634	1	0.955835
91.6	267.632	1	0.955829
91.7	267.631	1	0.955823
91.8	267.629	1	0.955818
91.9	267.627	1	0.955812
92	267.626	1	0.955807
92.1	267.624	1	0.955801
92.2	267.623	1	0.955795
92.3	267.621	1	0.95579
92.4	267.62	1	0.955785
92.5	267.618	1	0.955779
92.6	267.617	1	0.955774
92.7	267.615	1	0.955768
92.8	267.614	1	0.955763
92.9	267.612	1	0.955758
93	267.611	1	0.955753
93.1	267.609	1	0.955747
93.2	267.608	1	0.955742
93.3	267.606	1	0.955737
93.4	267.605	1	0.955732
93.5	267.604	1	0.955727
93.6	267.602	1	0.955722
93.7	267.601	1	0.955717
93.8	267.599	1	0.955712
93.9	267.598	1	0.955707
94	267.596	1	0.955702
94.1	267.595	1	0.955697
94.2	267.594	1	0.955692
94.3	267.592	1	0.955687
94.4	267.591	1	0.955682
94.5	267.59	1	0.955677
94.6	267.588	1	0.955673
94.7	267.587	1	0.955668
94.8	267.586	1	0.955663
94.9	267.584	1	0.955658
95	267.583	1	0.955654
95.1	267.582	1	0.955649
95.2	267.58	1	0.955644
95.3	267.579	1	0.95564
95.4	267.578	1	0.955635
95.5	267.577	1	0.955631
95.6	267.575	1	0.955626
95.7	267.574	1	0.955622
95.8	267.573	1	0.955617
95.9	267.572	1	0.955613
96	267.57	1	0.955608
96.1	267.569	1	0.955604
96.2	267.568	1	0.955599
96.3	267.567	1	0.955595
96.4	267.565	1	0.955591
96.5	267.564	1	0.955586
96.6	267.563	1	0.955582
96.7	267.562	1	0.955578
96.8	267.561	1	0.955574
96.9	267.559	1	0.955569
97	267.558	1	0.955565
97.1	267.557	1	0.955561
97.2	267.556	1	0.955557
97.3	267.555	1	0.955553
97.4	267.554	1	0.955549
97.5	267.552	1	0.955545
97.6	267.551	1	0.955541
97.7	267.55	1	0.955537
97.8	267.549	1	0.955533
97.9	267.548	1	0.955529
98	267.547	1	0.955525
98.1	267.546	1	0.955521
98.2	267.545	1	0.955517
98.3	267.544	1	0.955513
98.4	267.543	1	0.955509
98.5	267.541	1	0.955505
98.6	267.54	1	0.955501
98.7	267.539	1	0.955497
98.8	267.538	1	0.955494
98.9	267.537	1	0.95549
99	267.536	1	0.955486
99.1	267.535	1	0.955482
99.2	267.534	1	0.955479
99.3	267.533	1	0.955475
99.4	267.532	1	0.955471
99.5	267.531	1	0.955468
99.6	267.53	1	0.955464
99.7	267.529	1	0.955461
99.8	267.528	1	0.955457
99.9	267.527	1	0.955453
100	267.526	1	0.95545
100.1	267.525	1	0.955446
100.2	267.524	1	0.955443
100.3	267.523	1	0.955439
100.4	267.522	1	0.955436
100.5	267.521	1	0.955432
100.6	267.52	1	0.955429
100.7	267.519	1	0.955426
100.8	267.518	1	0.955422
100.9	267.517	1	0.955419
101	267.516	1	0.955416
101.1	267.515	1	0.955412
101.2	267.514	1	0.955409
101.3	267.514	1	0.955406
101.4	267.513	1	0.955402
101.5	267.512	1	0.955399
101.6	267.511	1	0.955396
101.7	267.51	1	0.955393
101.8	267.509	1	0.955389
101.9	267.508	1	0.955386
102	267.507	1	0.955383
102.1	267.506	1	0.95538
102.2	267.505	1	0.955377
102.3	267.505	1	0.955374
102.4	267.504	1	0.955371
102.5	267.503	1	0.955367
102.6	267.502	1	0.955364
102.7	267.501	1	0.955361
102.8	267.5	1	0.955358
102.9	267.499	1	0.955355
103	267.499	1	0.955352
103.1	267.498	1	0.955349
103.2	267.497	1	0.955346
103.3	267.496	1	0.955343
103.4	267.495	1	0.95534
103.5	267.495	1	0.955338
103.6	267.494	1	0.955335
103.7	267.493	1	0.955332
103.8	267.492	1	0.955329
103.9	267.491	1	0.955326
104	267.49	1	0.955323
104.1	267.49	1	0.95532
104.2	267.489	1	0.955318
104.3	267.488	1	0.955315
104.4	267.487	1	0.955312
104.5	267.487	1	0.955309
104.6	267.486	1	0.955306
104.7	267.485	1	0.955304
104.8	267.484	1	0.955301
104.9	267.484	1	0.955298
105	267.483	1	0.955296
105.1	267.482	1	0.955293
105.2	267.481	1	0.95529
105.3	267.481	1	0.955288
105.4	267.48	1	0.955285
105.5	267.479	1	0.955282
105.6	267.478	1	0.95528
105.7	267.478	1	0.955277
105.8	267.477	1	0.955275
105.9	267.476	1	0.955272
106	267.475	1	0.95527
106.1	267.475	1	0.955267
106.2	267.474	1	0.955264
106.3	267.473	1	0.955262
106.4	267.473	1	0.955259
106.5	267.472	1	0.955257
106.6	267.471	1	0.955255
106.7	267.471	1	0.955252
106.8	267.47	1	0.95525
106.9	267.469	1	0.955247
107	267.469	1	0.955245
107.1	267.468	1	0.955242
107.2	267.467	1	0.95524
107.3	267.467	1	0.955238
107.4	267.466	1	0.955235
107.5	267.465	1	0.955233
107.6	267.465	1	0.955231
107.7	267.464	1	0.955228
107.8	267.463	1	0.955226
107.9	267.463	1	0.955224
108	267.462	1	0.955221
108.1	267.461	1	0.955219
108.2	267.461	1	0.955217
108.3	267.46	1	0.955215
108.4	267.459	1	0.955212
108.5	267.459	1	0.95521
108.6	267.458	1	0.955208
108.7	267.458	1	0.955206
108.8	267.457	1	0.955203
108.9	267.456	1	0.955201
109	267.456	1	0.955199
109.1	267.455	1	0.955197
109.2	267.455	1	0.955195
109.3	267.454	1	0.955193
109.4	267.453	1	0.955191
109.5	267.453	1	0.955188
109.6	267.452	1	0.955186
109.7	267.452	1	0.955184
109.8	267.451	1	0.955182
109.9	267.45	1	0.95518
110	267.45	1	0.955178
110.1	267.449	1	0.955176
110.2	267.449	1	0.955174
110.3	267.448	1	0.955172
110.4	267.448	1	0.95517
110.5	267.447	1	0.955168
110.6	267.446	1	0.955166
110.7	267.446	1	0.955164
110.8	267.445	1	0.955162
110.9	267.445	1	0.95516
111	267.444	1	0.955158
111.1	267.444	1	0.955156
111.2	267.443	1	0.955154
111.3	267.443	1	0.955152
111.4	267.442	1	0.95515
111.5	267.442	1	0.955148
111.6	267.441	1	0.955147
111.7	267.441	1	0.955145
111.8	267.44	1	0.955143
111.9	267.439	1	0.955141
112	267.439	1	0.955139
112.1	267.438	1	0.955137
112.2	267.438	1	0.955135
112.3	267.437	1	0.955134
112.4	267.437	1	0.955132
112.5	267.436	1	0.95513
112.6	267.436	1	0.955128
112.7	267.435	1	0.955126
112.8	267.435	1	0.955125
112.9	267.434	1	0.955123
113	267.434	1	0.955121
113.1	267.433	1	0.955119
113.2	267.433	1	0.955118
113.3	267.432	1	0.955116
113.4	267.432	1	0.955114
113.5	267.431	1	0.955112
113.6	267.431	1	0.955111
113.7	267.431	1	0.955109
113.8	267.43	1	0.955107
113.9	267.43	1	0.955106
114	267.429	1	0.955104
114.1	267.429	1	0.955102
114.2	267.428	1	0.955101
114.3	267.428	1	0.955099
114.4	267.427	1	0.955097
114.5	267.427	1	0.955096
114.6	267.426	1	0.955094
114.7	267.426	1	0.955093
114.8	267.425	1	0.955091
114.9	267.425	1	0.955089
115	267.425	1	0.955088
115.1	267.424	1	0.955086
115.2	267.424	1	0.955085
115.3	267.423	1	0.955083
115.4	267.423	1	0.955082
115.5	267.422	1	0.95508
115.6	267.422	1	0.955078
115.7	267.422	1	0.955077
115.8	267.421	1	0.955075
115.9	267.421	1	0.955074
116	267.42	1	0.955072
116.1	267.42	1	0.955071
116.2	267.419	1	0.955069
116.3	267.419	1	0.955068
116.4	267.419	1	0.955066
116.5	267.418	1	0.955065
116.6	267.418	1	0.955063
116.7	267.417	1	0.955062
116.8	267.417	1	0.955061
116.9	267.417	1	0.955059
117	267.416	1	0.955058
117.1	267.416	1	0.955056
117.2	267.415	1	0.955055
117.3	267.415	1	0.955053
117.4	267.415	1	0.955052
117.5	267.414	1	0.955051
117.6	267.414	1	0.955049
117.7	267.413	1	0.955048
117.8	267.413	1	0.955047
117.9	267.413	1	0.955045
118	267.412	1	0.955044
118.1	267.412	1	0.955042
118.2	267.411	1	0.955041
118.3	267.411	1	0.95504
118.4	267.411	1	0.955038
118.5	267.41	1	0.955037
118.6	267.41	1	0.955036
118.7	267.41	1	0.955034
118.8	267.409	1	0.955033
118.9	267.409	1	0.955032
119	267.409	1	0.955031
119.1	267.408	1	0.955029
119.2	267.408	1	0.955028
119.3	267.407	1	0.955027
119.4	267.407	1	0.955025
119.5	267.407	1	0.955024
119.6	267.406	1	0.955023
119.7	267.406	1	0.955022
119.8	267.406	1	0.95502
119.9	267.405	1	0.955019
120	267.405	1	0.955018
