t (s) 	surface	0.049m	0.048m	0.046m	0.042m	0.038m	0.034m	0.026m	bottom
0 101325 101325 101325 101325 101325 101325 101325 101325   101325  
0.1 101325 101663 101659 101652 101639 101626 101615 101596   101568  
0.2 101325 101656 101656 101656 101656 101656 101656 101656   101655  
0.3 101325 101696 101697 101697 101697 101697 101697 101697   101696  
0.4 101325 101721 101722 101722 101722 101721 101721 101721   101720  
0.5 101325 101738 101740 101740 101740 101740 101740 101740   101739  
0.6 101325 101754 101756 101757 101757 101756 101756 101756   101756  
0.7 101325 101765 101769 101770 101770 101770 101769 101769   101769  
0.8 101325 101774 101780 101781 101781 101781 101781 101780   101780  
0.9 101325 101780 101790 101791 101791 101791 101791 101790   101790  
1 101325 101784 101799 101800 101799 101799 101799 101799   101799  
1.1 101325 101787 101806 101808 101808 101807 101807 101807   101807  
1.2 101325 101787 101814 101815 101815 101815 101815 101815   101814  
1.3 101325 101787 101820 101821 101821 101821 101821 101821   101821  
1.4 101325 101786 101826 101827 101827 101827 101827 101827   101827  
1.5 101325 101783 101831 101833 101833 101833 101833 101833   101833  
1.6 101325 101781 101836 101838 101838 101838 101838 101838   101838  
1.7 101325 101777 101841 101843 101843 101843 101843 101843   101843  
1.8 101325 101774 101845 101848 101848 101848 101848 101848   101848  
1.9 101325 101770 101849 101852 101852 101852 101852 101852   101852  
2 101325 101767 101853 101856 101856 101856 101856 101856   101856  
2.1 101325 101763 101856 101860 101860 101860 101860 101860   101860  
2.2 101325 101759 101859 101863 101864 101864 101864 101864   101864  
2.3 101325 101755 101862 101867 101867 101867 101867 101867   101867  
2.4 101325 101752 101865 101870 101871 101871 101871 101871   101871  
2.5 101325 101748 101867 101873 101874 101874 101874 101874   101874  
2.6 101325 101745 101869 101877 101877 101877 101877 101877   101877  
2.7 101325 101741 101871 101880 101880 101880 101880 101880   101880  
2.8 101325 101738 101873 101882 101883 101883 101883 101883   101883  
2.9 101325 101735 101874 101885 101886 101886 101886 101886   101886  
3 101325 101731 101875 101888 101888 101888 101888 101888   101888  
3.1 101325 101728 101876 101890 101891 101891 101891 101891   101891  
3.2 101325 101725 101877 101893 101893 101893 101893 101893   101893  
3.3 101325 101722 101877 101895 101896 101896 101896 101896   101896  
3.4 101325 101719 101878 101897 101898 101898 101898 101898   101898  
3.5 101325 101716 101878 101900 101900 101900 101900 101900   101900  
3.6 101325 101713 101878 101902 101903 101903 101903 101903   101903  
3.7 101325 101711 101878 101904 101905 101905 101905 101905   101905  
3.8 101325 101708 101878 101906 101907 101907 101907 101907   101907  
3.9 101325 101705 101878 101908 101909 101909 101909 101909   101909  
4 101325 101703 101877 101910 101911 101911 101911 101911   101911  
4.1 101325 101700 101877 101912 101913 101913 101913 101913   101913  
4.2 101325 101698 101876 101913 101915 101915 101915 101915   101915  
4.3 101325 101696 101875 101915 101916 101916 101916 101916   101916  
4.4 101325 101693 101874 101917 101918 101918 101918 101918   101918  
4.5 101325 101691 101873 101919 101920 101920 101920 101920   101920  
4.6 101325 101689 101872 101920 101922 101922 101922 101922   101922  
4.7 101325 101687 101871 101922 101923 101923 101923 101923   101923  
4.8 101325 101684 101870 101924 101925 101925 101925 101925   101925  
4.9 101325 101682 101869 101925 101926 101926 101926 101926   101926  
5 101325 101680 101868 101927 101928 101928 101928 101928   101928  
5.1 101325 101678 101867 101928 101929 101930 101930 101930   101930  
5.2 101325 101676 101865 101929 101931 101931 101931 101931   101931  
5.3 101325 101674 101864 101931 101932 101933 101933 101932   101932  
5.4 101325 101672 101863 101932 101934 101934 101934 101934   101934  
5.5 101325 101671 101861 101934 101935 101935 101935 101935   101935  
5.6 101325 101669 101860 101935 101937 101937 101937 101937   101937  
5.7 101325 101667 101858 101936 101938 101938 101938 101938   101938  
5.8 101325 101665 101857 101937 101939 101939 101939 101939   101939  
5.9 101325 101663 101856 101939 101941 101941 101941 101941   101941  
6 101325 101662 101854 101940 101942 101942 101942 101942   101942  
6.1 101325 101660 101853 101941 101943 101943 101943 101943   101943  
6.2 101325 101658 101851 101942 101944 101945 101945 101945   101945  
6.3 101325 101657 101850 101943 101946 101946 101946 101946   101946  
6.4 101325 101655 101848 101944 101947 101947 101947 101947   101947  
6.5 101325 101654 101847 101945 101948 101948 101948 101948   101948  
6.6 101325 101652 101845 101946 101949 101949 101949 101949   101949  
6.7 101325 101650 101844 101947 101950 101950 101950 101950   101950  
6.8 101325 101649 101842 101948 101951 101952 101952 101952   101952  
6.9 101325 101648 101841 101949 101952 101953 101953 101953   101953  
7 101325 101646 101839 101950 101954 101954 101954 101954   101954  
7.1 101325 101645 101838 101951 101955 101955 101955 101955   101955  
7.2 101325 101643 101837 101952 101956 101956 101956 101956   101956  
7.3 101325 101642 101835 101953 101957 101957 101957 101957   101957  
7.4 101325 101641 101834 101953 101958 101958 101958 101958   101958  
7.5 101325 101639 101832 101954 101959 101959 101959 101959   101959  
7.6 101325 101638 101831 101955 101960 101960 101960 101960   101960  
7.7 101325 101637 101830 101956 101961 101961 101961 101961   101961  
7.8 101325 101635 101828 101956 101962 101962 101962 101962   101962  
7.9 101325 101634 101827 101957 101963 101963 101963 101963   101963  
8 101325 101633 101825 101958 101964 101964 101964 101964   101964  
8.1 101325 101632 101824 101958 101965 101965 101965 101965   101965  
8.2 101325 101630 101823 101959 101965 101966 101966 101966   101966  
8.3 101325 101629 101821 101960 101966 101967 101967 101967   101967  
8.4 101325 101628 101820 101960 101967 101968 101968 101968   101968  
8.5 101325 101627 101819 101961 101968 101968 101969 101968   101968  
8.6 101325 101626 101818 101961 101969 101969 101969 101969   101969  
8.7 101325 101625 101816 101962 101970 101970 101970 101970   101970  
8.8 101325 101623 101815 101962 101971 101971 101971 101971   101971  
8.9 101325 101622 101814 101962 101972 101972 101972 101972   101972  
9 101325 101621 101813 101963 101972 101973 101973 101973   101973  
9.1 101325 101620 101811 101963 101973 101974 101974 101974   101974  
9.2 101325 101619 101810 101964 101974 101974 101975 101974   101974  
9.3 101325 101618 101809 101964 101975 101975 101975 101975   101975  
9.4 101325 101617 101808 101964 101976 101976 101976 101976   101976  
9.5 101325 101616 101806 101965 101976 101977 101977 101977   101977  
9.6 101325 101615 101805 101965 101977 101978 101978 101978   101978  
9.7 101325 101614 101804 101965 101978 101978 101979 101979   101979  
9.8 101325 101613 101803 101965 101979 101979 101979 101979   101979  
9.9 101325 101612 101802 101966 101980 101980 101980 101980   101980  
10 101325 101611 101801 101966 101980 101981 101981 101981   101981  
10.1 101325 101610 101800 101966 101981 101981 101982 101982   101982  
10.2 101325 101609 101798 101966 101982 101982 101982 101982   101982  
10.3 101325 101608 101797 101966 101983 101983 101983 101983   101983  
10.4 101325 101607 101796 101967 101983 101984 101984 101984   101984  
10.5 101325 101606 101795 101967 101984 101984 101985 101985   101984  
10.6 101325 101606 101794 101967 101985 101985 101985 101985   101985  
10.7 101325 101605 101793 101967 101985 101986 101986 101986   101986  
10.8 101325 101604 101792 101967 101986 101987 101987 101987   101987  
10.9 101325 101603 101791 101967 101987 101987 101987 101987   101987  
11 101325 101602 101790 101967 101987 101988 101988 101988   101988  
11.1 101325 101601 101789 101967 101988 101989 101989 101989   101989  
11.2 101325 101600 101788 101967 101989 101989 101989 101989   101989  
11.3 101325 101600 101787 101967 101989 101990 101990 101990   101990  
11.4 101325 101599 101786 101967 101990 101991 101991 101991   101991  
11.5 101325 101598 101785 101967 101991 101991 101991 101991   101991  
11.6 101325 101597 101784 101967 101991 101992 101992 101992   101992  
11.7 101325 101596 101783 101967 101992 101993 101993 101993   101993  
11.8 101325 101596 101782 101967 101993 101993 101993 101993   101993  
11.9 101325 101595 101781 101967 101993 101994 101994 101994   101994  
12 101325 101594 101780 101967 101994 101994 101995 101995   101995  
12.1 101325 101593 101779 101967 101994 101995 101995 101995   101995  
12.2 101325 101592 101778 101967 101995 101996 101996 101996   101996  
12.3 101325 101592 101777 101967 101996 101996 101996 101996   101996  
12.4 101325 101591 101776 101967 101996 101997 101997 101997   101997  
12.5 101325 101590 101775 101967 101997 101998 101998 101998   101998  
12.6 101325 101590 101774 101966 101998 101998 101998 101998   101998  
12.7 101325 101589 101773 101966 101998 101999 101999 101999   101999  
12.8 101325 101588 101772 101966 101999 101999 101999 101999   101999  
12.9 101325 101587 101771 101966 101999 102000 102000 102000   102000  
13 101325 101587 101770 101966 102000 102000 102001 102001   102001  
13.1 101325 101586 101770 101965 102000 102001 102001 102001   102001  
13.2 101325 101585 101769 101965 102001 102002 102002 102002   102002  
13.3 101325 101585 101768 101965 102001 102002 102002 102002   102002  
13.4 101325 101584 101767 101965 102002 102003 102003 102003   102003  
13.5 101325 101583 101766 101965 102003 102003 102003 102003   102003  
13.6 101325 101583 101765 101964 102003 102004 102004 102004   102004  
13.7 101325 101582 101764 101964 102004 102004 102005 102005   102005  
13.8 101325 101581 101764 101964 102004 102005 102005 102005   102005  
13.9 101325 101581 101763 101964 102005 102005 102006 102006   102006  
14 101325 101580 101762 101963 102005 102006 102006 102006   102006  
14.1 101325 101579 101761 101963 102006 102007 102007 102007   102007  
14.2 101325 101579 101760 101963 102006 102007 102007 102007   102007  
14.3 101325 101578 101759 101962 102007 102008 102008 102008   102008  
14.4 101325 101577 101759 101962 102007 102008 102008 102008   102008  
14.5 101325 101577 101758 101962 102008 102009 102009 102009   102009  
14.6 101325 101576 101757 101961 102008 102009 102009 102009   102009  
14.7 101325 101576 101756 101961 102009 102010 102010 102010   102010  
14.8 101325 101575 101755 101961 102009 102010 102010 102010   102010  
14.9 101325 101574 101755 101961 102010 102011 102011 102011   102011  
15 101325 101574 101754 101960 102010 102011 102011 102011   102011  
15.1 101325 101573 101753 101960 102011 102012 102012 102012   102012  
15.2 101325 101573 101752 101960 102011 102012 102012 102012   102012  
15.3 101325 101572 101751 101959 102012 102013 102013 102013   102013  
15.4 101325 101572 101751 101959 102012 102013 102013 102013   102013  
15.5 101325 101571 101750 101958 102013 102014 102014 102014   102014  
15.6 101325 101570 101749 101958 102013 102014 102014 102014   102014  
15.7 101325 101570 101748 101958 102014 102015 102015 102015   102015  
15.8 101325 101569 101748 101957 102014 102015 102015 102015   102015  
15.9 101325 101569 101747 101957 102015 102015 102016 102016   102016  
16 101325 101568 101746 101956 102015 102016 102016 102016   102016  
16.1 101325 101568 101745 101956 102015 102016 102017 102017   102017  
16.2 101325 101567 101745 101956 102016 102017 102017 102017   102017  
16.3 101325 101567 101744 101955 102016 102017 102018 102018   102018  
16.4 101325 101566 101743 101955 102017 102018 102018 102018   102018  
16.5 101325 101566 101743 101954 102017 102018 102018 102018   102018  
16.6 101325 101565 101742 101954 102018 102019 102019 102019   102019  
16.7 101325 101565 101741 101953 102018 102019 102019 102019   102019  
16.8 101325 101564 101741 101953 102019 102020 102020 102020   102020  
16.9 101325 101564 101740 101953 102019 102020 102020 102020   102020  
17 101325 101563 101739 101952 102019 102020 102021 102021   102021  
17.1 101325 101563 101738 101952 102020 102021 102021 102021   102021  
17.2 101325 101562 101738 101951 102020 102021 102022 102022   102022  
17.3 101325 101562 101737 101951 102021 102022 102022 102022   102022  
17.4 101325 101561 101736 101950 102021 102022 102022 102022   102022  
17.5 101325 101561 101736 101950 102022 102023 102023 102023   102023  
17.6 101325 101560 101735 101949 102022 102023 102023 102023   102023  
17.7 101325 101560 101734 101949 102022 102023 102024 102024   102024  
17.8 101325 101559 101734 101948 102023 102024 102024 102024   102024  
17.9 101325 101559 101733 101948 102023 102024 102025 102025   102025  
18 101325 101558 101733 101947 102024 102025 102025 102025   102025  
18.1 101325 101558 101732 101947 102024 102025 102025 102025   102025  
18.2 101325 101557 101731 101946 102024 102026 102026 102026   102026  
18.3 101325 101557 101731 101946 102025 102026 102026 102026   102026  
18.4 101325 101556 101730 101945 102025 102026 102027 102027   102027  
18.5 101325 101556 101729 101945 102025 102027 102027 102027   102027  
18.6 101325 101556 101729 101944 102026 102027 102027 102027   102027  
18.7 101325 101555 101728 101944 102026 102028 102028 102028   102028  
18.8 101325 101555 101727 101943 102027 102028 102028 102028   102028  
18.9 101325 101554 101727 101943 102027 102028 102029 102029   102029  
19 101325 101554 101726 101942 102027 102029 102029 102029   102029  
19.1 101325 101553 101726 101942 102028 102029 102029 102029   102029  
19.2 101325 101553 101725 101941 102028 102030 102030 102030   102030  
19.3 101325 101552 101724 101941 102029 102030 102030 102030   102030  
19.4 101325 101552 101724 101940 102029 102030 102031 102031   102031  
19.5 101325 101552 101723 101940 102029 102031 102031 102031   102031  
19.6 101325 101551 101723 101939 102030 102031 102031 102031   102031  
19.7 101325 101551 101722 101939 102030 102031 102032 102032   102032  
19.8 101325 101550 101721 101938 102030 102032 102032 102032   102032  
19.9 101325 101550 101721 101938 102031 102032 102032 102033   102033  
20 101325 101550 101720 101937 102031 102033 102033 102033   102033  
20.1 101325 101549 101720 101937 102031 102033 102033 102033   102033  
20.2 101325 101549 101719 101936 102032 102033 102034 102034   102034  
20.3 101325 101548 101718 101936 102032 102034 102034 102034   102034  
20.4 101325 101548 101718 101935 102032 102034 102034 102034   102034  
20.5 101325 101548 101717 101935 102033 102034 102035 102035   102035  
20.6 101325 101547 101717 101934 102033 102035 102035 102035   102035  
20.7 101325 101547 101716 101934 102033 102035 102035 102036   102036  
20.8 101325 101546 101716 101933 102034 102035 102036 102036   102036  
20.9 101325 101546 101715 101933 102034 102036 102036 102036   102036  
21 101325 101546 101715 101932 102034 102036 102037 102037   102037  
21.1 101325 101545 101714 101932 102035 102037 102037 102037   102037  
21.2 101325 101545 101713 101931 102035 102037 102037 102037   102037  
21.3 101325 101544 101713 101931 102035 102037 102038 102038   102038  
21.4 101325 101544 101712 101930 102036 102038 102038 102038   102038  
21.5 101325 101544 101712 101930 102036 102038 102038 102038   102038  
21.6 101325 101543 101711 101929 102036 102038 102039 102039   102039  
21.7 101325 101543 101711 101929 102036 102039 102039 102039   102039  
21.8 101325 101543 101710 101928 102037 102039 102039 102039   102039  
21.9 101325 101542 101710 101928 102037 102039 102040 102040   102040  
22 101325 101542 101709 101927 102037 102040 102040 102040   102040  
22.1 101325 101541 101709 101927 102038 102040 102040 102040   102040  
22.2 101325 101541 101708 101926 102038 102040 102041 102041   102041  
22.3 101325 101541 101708 101926 102038 102041 102041 102041   102041  
22.4 101325 101540 101707 101925 102038 102041 102041 102041   102041  
22.5 101325 101540 101707 101925 102039 102041 102042 102042   102042  
22.6 101325 101540 101706 101924 102039 102042 102042 102042   102042  
22.7 101325 101539 101706 101924 102039 102042 102042 102042   102042  
22.8 101325 101539 101705 101923 102040 102042 102043 102043   102043  
22.9 101325 101539 101705 101923 102040 102043 102043 102043   102043  
23 101325 101538 101704 101922 102040 102043 102043 102043   102043  
23.1 101325 101538 101704 101922 102040 102043 102044 102044   102044  
23.2 101325 101538 101703 101921 102041 102044 102044 102044   102044  
23.3 101325 101537 101703 101921 102041 102044 102044 102044   102044  
23.4 101325 101537 101702 101920 102041 102044 102045 102045   102045  
23.5 101325 101537 101702 101920 102041 102045 102045 102045   102045  
23.6 101325 101536 101701 101919 102042 102045 102045 102045   102045  
23.7 101325 101536 101701 101919 102042 102045 102046 102046   102046  
23.8 101325 101536 101700 101918 102042 102045 102046 102046   102046  
23.9 101325 101535 101700 101917 102042 102046 102046 102046   102046  
24 101325 101535 101699 101917 102043 102046 102046 102047   102047  
24.1 101325 101535 101699 101916 102043 102046 102047 102047   102047  
24.2 101325 101534 101698 101916 102043 102047 102047 102047   102047  
24.3 101325 101534 101698 101915 102043 102047 102047 102048   102048  
24.4 101325 101534 101697 101915 102044 102047 102048 102048   102048  
24.5 101325 101533 101697 101914 102044 102048 102048 102048   102048  
24.6 101325 101533 101696 101914 102044 102048 102048 102048   102048  
24.7 101325 101533 101696 101914 102044 102048 102049 102049   102049  
24.8 101325 101533 101695 101913 102044 102048 102049 102049   102049  
24.9 101325 101532 101695 101913 102045 102049 102049 102049   102049  
25 101325 101532 101694 101912 102045 102049 102049 102050   102050  
25.1 101325 101532 101694 101912 102045 102049 102050 102050   102050  
25.2 101325 101531 101694 101911 102045 102050 102050 102050   102050  
25.3 101325 101531 101693 101911 102046 102050 102050 102051   102051  
25.4 101325 101531 101693 101910 102046 102050 102051 102051   102051  
25.5 101325 101530 101692 101910 102046 102051 102051 102051   102051  
25.6 101325 101530 101692 101909 102046 102051 102051 102051   102051  
25.7 101325 101530 101691 101909 102046 102051 102052 102052   102052  
25.8 101325 101530 101691 101908 102047 102051 102052 102052   102052  
25.9 101325 101529 101690 101908 102047 102052 102052 102052   102052  
26 101325 101529 101690 101907 102047 102052 102052 102053   102053  
26.1 101325 101529 101690 101907 102047 102052 102053 102053   102053  
26.2 101325 101528 101689 101906 102047 102053 102053 102053   102053  
26.3 101325 101528 101689 101906 102048 102053 102053 102054   102054  
26.4 101325 101528 101688 101905 102048 102053 102054 102054   102054  
26.5 101325 101527 101688 101905 102048 102053 102054 102054   102054  
26.6 101325 101527 101687 101904 102048 102054 102054 102054   102054  
26.7 101325 101527 101687 101904 102048 102054 102054 102055   102055  
26.8 101325 101527 101687 101903 102048 102054 102055 102055   102055  
26.9 101325 101526 101686 101903 102049 102054 102055 102055   102055  
27 101325 101526 101686 101903 102049 102055 102055 102055   102055  
27.1 101325 101526 101685 101902 102049 102055 102055 102056   102056  
27.2 101325 101526 101685 101902 102049 102055 102056 102056   102056  
27.3 101325 101525 101684 101901 102049 102056 102056 102056   102056  
27.4 101325 101525 101684 101901 102049 102056 102056 102057   102057  
27.5 101325 101525 101684 101900 102049 102056 102057 102057   102057  
27.6 101325 101524 101683 101900 102050 102056 102057 102057   102057  
27.7 101325 101524 101683 101899 102050 102057 102057 102057   102057  
27.8 101325 101524 101682 101899 102050 102057 102057 102058   102058  
27.9 101325 101524 101682 101898 102050 102057 102058 102058   102058  
28 101325 101523 101682 101898 102050 102057 102058 102058   102058  
28.1 101325 101523 101681 101898 102050 102058 102058 102058   102058  
28.2 101325 101523 101681 101897 102051 102058 102058 102059   102059  
28.3 101325 101523 101680 101897 102051 102058 102059 102059   102059  
28.4 101325 101522 101680 101896 102051 102059 102059 102059   102059  
28.5 101325 101522 101680 101896 102051 102059 102059 102060   102060  
28.6 101325 101522 101679 101895 102051 102059 102060 102060   102060  
28.7 101325 101522 101679 101895 102051 102059 102060 102060   102060  
28.8 101325 101521 101678 101894 102051 102060 102060 102060   102060  
28.9 101325 101521 101678 101894 102051 102060 102060 102061   102061  
29 101325 101521 101678 101894 102052 102060 102061 102061   102061  
29.1 101325 101521 101677 101893 102052 102060 102061 102061   102061  
29.2 101325 101520 101677 101893 102052 102061 102061 102061   102061  
29.3 101325 101520 101677 101892 102052 102061 102061 102062   102062  
29.4 101325 101520 101676 101892 102052 102061 102062 102062   102062  
29.5 101325 101520 101676 101891 102052 102061 102062 102062   102062  
29.6 101325 101519 101675 101891 102052 102062 102062 102062   102062  
29.7 101325 101519 101675 101890 102052 102062 102062 102063   102063  
29.8 101325 101519 101675 101890 102052 102062 102063 102063   102063  
29.9 101325 101519 101674 101890 102053 102062 102063 102063   102063  
30 101325 101518 101674 101889 102053 102062 102063 102063   102063  
30.1 101325 101518 101673 101889 102053 102063 102063 102064   102064  
30.2 101325 101518 101673 101888 102053 102063 102064 102064   102064  
30.3 101325 101518 101673 101888 102053 102063 102064 102064   102064  
30.4 101325 101517 101672 101887 102053 102063 102064 102064   102064  
30.5 101325 101517 101672 101887 102053 102064 102064 102065   102065  
30.6 101325 101517 101672 101887 102053 102064 102065 102065   102065  
30.7 101325 101517 101671 101886 102053 102064 102065 102065   102065  
30.8 101325 101516 101671 101886 102053 102064 102065 102065   102065  
30.9 101325 101516 101671 101885 102053 102065 102065 102066   102066  
31 101325 101516 101670 101885 102054 102065 102066 102066   102066  
31.1 101325 101516 101670 101885 102054 102065 102066 102066   102066  
31.2 101325 101516 101670 101884 102054 102065 102066 102066   102066  
31.3 101325 101515 101669 101884 102054 102066 102066 102067   102067  
31.4 101325 101515 101669 101883 102054 102066 102067 102067   102067  
31.5 101325 101515 101668 101883 102054 102066 102067 102067   102067  
31.6 101325 101515 101668 101882 102054 102066 102067 102067   102067  
31.7 101325 101514 101668 101882 102054 102067 102067 102068   102068  
31.8 101325 101514 101667 101882 102054 102067 102067 102068   102068  
31.9 101325 101514 101667 101881 102054 102067 102068 102068   102068  
32 101325 101514 101667 101881 102054 102067 102068 102068   102068  
32.1 101325 101513 101666 101880 102054 102068 102068 102068   102069  
32.2 101325 101513 101666 101880 102055 102068 102068 102069   102069  
32.3 101325 101513 101666 101880 102055 102068 102069 102069   102069  
32.4 101325 101513 101665 101879 102055 102068 102069 102069   102069  
32.5 101325 101513 101665 101879 102055 102068 102069 102069   102069  
32.6 101325 101512 101665 101878 102055 102069 102069 102070   102070  
32.7 101325 101512 101664 101878 102055 102069 102070 102070   102070  
32.8 101325 101512 101664 101878 102055 102069 102070 102070   102070  
32.9 101325 101512 101664 101877 102055 102069 102070 102070   102070  
33 101325 101512 101663 101877 102055 102069 102070 102070   102071  
33.1 101325 101511 101663 101876 102055 102070 102070 102071   102071  
33.2 101325 101511 101663 101876 102055 102070 102071 102071   102071  
33.3 101325 101511 101662 101876 102055 102070 102071 102071   102071  
33.4 101325 101511 101662 101875 102055 102070 102071 102071   102071  
33.5 101325 101510 101662 101875 102055 102071 102071 102072   102072  
33.6 101325 101510 101661 101874 102055 102071 102072 102072   102072  
33.7 101325 101510 101661 101874 102055 102071 102072 102072   102072  
33.8 101325 101510 101661 101874 102055 102071 102072 102072   102072  
33.9 101325 101510 101660 101873 102055 102071 102072 102073   102073  
34 101325 101509 101660 101873 102055 102072 102072 102073   102073  
34.1 101325 101509 101660 101873 102055 102072 102073 102073   102073  
34.2 101325 101509 101659 101872 102055 102072 102073 102073   102073  
34.3 101325 101509 101659 101872 102055 102072 102073 102073   102073  
34.4 101325 101509 101659 101871 102055 102073 102073 102074   102074  
34.5 101325 101508 101658 101871 102055 102073 102074 102074   102074  
34.6 101325 101508 101658 101871 102055 102073 102074 102074   102074  
34.7 101325 101508 101658 101870 102056 102073 102074 102074   102074  
34.8 101325 101508 101657 101870 102056 102073 102074 102075   102075  
34.9 101325 101508 101657 101870 102056 102074 102074 102075   102075  
35 101325 101507 101657 101869 102056 102074 102075 102075   102075  
35.1 101325 101507 101657 101869 102056 102074 102075 102075   102075  
35.2 101325 101507 101656 101868 102056 102074 102075 102075   102075  
35.3 101325 101507 101656 101868 102056 102074 102075 102076   102076  
35.4 101325 101507 101656 101868 102056 102075 102075 102076   102076  
35.5 101325 101506 101655 101867 102056 102075 102076 102076   102076  
35.6 101325 101506 101655 101867 102056 102075 102076 102076   102076  
35.7 101325 101506 101655 101867 102056 102075 102076 102076   102077  
35.8 101325 101506 101654 101866 102056 102075 102076 102077   102077  
35.9 101325 101506 101654 101866 102056 102076 102076 102077   102077  
36 101325 101505 101654 101865 102056 102076 102077 102077   102077  
36.1 101325 101505 101653 101865 102056 102076 102077 102077   102077  
36.2 101325 101505 101653 101865 102056 102076 102077 102077   102078  
36.3 101325 101505 101653 101864 102056 102076 102077 102078   102078  
36.4 101325 101505 101653 101864 102056 102077 102077 102078   102078  
36.5 101325 101505 101652 101864 102056 102077 102078 102078   102078  
36.6 101325 101504 101652 101863 102056 102077 102078 102078   102078  
36.7 101325 101504 101652 101863 102056 102077 102078 102078   102079  
36.8 101325 101504 101651 101863 102056 102077 102078 102079   102079  
36.9 101325 101504 101651 101862 102056 102078 102079 102079   102079  
37 101325 101504 101651 101862 102056 102078 102079 102079   102079  
37.1 101325 101503 101651 101862 102056 102078 102079 102079   102079  
37.2 101325 101503 101650 101861 102056 102078 102079 102080   102080  
37.3 101325 101503 101650 101861 102056 102078 102079 102080   102080  
37.4 101325 101503 101650 101860 102056 102079 102080 102080   102080  
37.5 101325 101503 101649 101860 102056 102079 102080 102080   102080  
37.6 101325 101503 101649 101860 102056 102079 102080 102080   102080  
37.7 101325 101502 101649 101859 102056 102079 102080 102081   102081  
37.8 101325 101502 101649 101859 102056 102079 102080 102081   102081  
37.9 101325 101502 101648 101859 102056 102080 102081 102081   102081  
38 101325 101502 101648 101858 102056 102080 102081 102081   102081  
38.1 101325 101502 101648 101858 102056 102080 102081 102081   102081  
38.2 101325 101501 101647 101858 102056 102080 102081 102082   102082  
38.3 101325 101501 101647 101857 102056 102080 102081 102082   102082  
38.4 101325 101501 101647 101857 102056 102080 102082 102082   102082  
38.5 101325 101501 101647 101857 102056 102081 102082 102082   102082  
38.6 101325 101501 101646 101856 102056 102081 102082 102082   102082  
38.7 101325 101501 101646 101856 102056 102081 102082 102083   102083  
38.8 101325 101500 101646 101856 102056 102081 102082 102083   102083  
38.9 101325 101500 101645 101855 102056 102081 102082 102083   102083  
39 101325 101500 101645 101855 102056 102082 102083 102083   102083  
39.1 101325 101500 101645 101855 102055 102082 102083 102083   102083  
39.2 101325 101500 101645 101854 102055 102082 102083 102083   102084  
39.3 101325 101500 101644 101854 102055 102082 102083 102084   102084  
39.4 101325 101499 101644 101854 102055 102082 102083 102084   102084  
39.5 101325 101499 101644 101853 102055 102082 102084 102084   102084  
39.6 101325 101499 101644 101853 102055 102083 102084 102084   102084  
39.7 101325 101499 101643 101853 102055 102083 102084 102084   102084  
39.8 101325 101499 101643 101852 102055 102083 102084 102085   102085  
39.9 101325 101499 101643 101852 102055 102083 102084 102085   102085  
40 101325 101498 101642 101852 102055 102083 102085 102085   102085  
40.1 101325 101498 101642 101851 102055 102083 102085 102085   102085  
40.2 101325 101498 101642 101851 102055 102084 102085 102085   102085  
40.3 101325 101498 101642 101851 102055 102084 102085 102086   102086  
40.4 101325 101498 101641 101850 102055 102084 102085 102086   102086  
40.5 101325 101498 101641 101850 102055 102084 102085 102086   102086  
40.6 101325 101497 101641 101850 102055 102084 102086 102086   102086  
40.7 101325 101497 101641 101849 102055 102085 102086 102086   102086  
40.8 101325 101497 101640 101849 102055 102085 102086 102086   102087  
40.9 101325 101497 101640 101849 102055 102085 102086 102087   102087  
41 101325 101497 101640 101848 102055 102085 102086 102087   102087  
41.1 101325 101497 101640 101848 102055 102085 102087 102087   102087  
41.2 101325 101496 101639 101848 102055 102085 102087 102087   102087  
41.3 101325 101496 101639 101847 102055 102086 102087 102087   102087  
41.4 101325 101496 101639 101847 102055 102086 102087 102088   102088  
41.5 101325 101496 101639 101847 102055 102086 102087 102088   102088  
41.6 101325 101496 101638 101847 102055 102086 102087 102088   102088  
41.7 101325 101496 101638 101846 102055 102086 102088 102088   102088  
41.8 101325 101496 101638 101846 102055 102086 102088 102088   102088  
41.9 101325 101495 101638 101846 102054 102087 102088 102089   102089  
42 101325 101495 101637 101845 102054 102087 102088 102089   102089  
42.1 101325 101495 101637 101845 102054 102087 102088 102089   102089  
42.2 101325 101495 101637 101845 102054 102087 102089 102089   102089  
42.3 101325 101495 101637 101844 102054 102087 102089 102089   102089  
42.4 101325 101495 101636 101844 102054 102087 102089 102089   102089  
42.5 101325 101494 101636 101844 102054 102088 102089 102090   102090  
42.6 101325 101494 101636 101843 102054 102088 102089 102090   102090  
42.7 101325 101494 101636 101843 102054 102088 102089 102090   102090  
42.8 101325 101494 101635 101843 102054 102088 102090 102090   102090  
42.9 101325 101494 101635 101842 102054 102088 102090 102090   102090  
43 101325 101494 101635 101842 102054 102088 102090 102090   102091  
43.1 101325 101494 101635 101842 102054 102088 102090 102091   102091  
43.2 101325 101493 101634 101842 102054 102089 102090 102091   102091  
43.3 101325 101493 101634 101841 102054 102089 102090 102091   102091  
43.4 101325 101493 101634 101841 102054 102089 102091 102091   102091  
43.5 101325 101493 101634 101841 102054 102089 102091 102091   102091  
43.6 101325 101493 101633 101840 102054 102089 102091 102091   102092  
43.7 101325 101493 101633 101840 102053 102089 102091 102092   102092  
43.8 101325 101492 101633 101840 102053 102089 102091 102092   102092  
43.9 101325 101492 101633 101839 102053 102090 102091 102092   102092  
44 101325 101492 101632 101839 102053 102090 102092 102092   102092  
44.1 101325 101492 101632 101839 102053 102090 102092 102092   102092  
44.2 101325 101492 101632 101839 102053 102090 102092 102092   102093  
44.3 101325 101492 101632 101838 102053 102090 102092 102093   102093  
44.4 101325 101492 101631 101838 102053 102090 102092 102093   102093  
44.5 101325 101491 101631 101838 102053 102091 102092 102093   102093  
44.6 101325 101491 101631 101837 102053 102091 102093 102093   102093  
44.7 101325 101491 101631 101837 102053 102091 102093 102093   102093  
44.8 101325 101491 101631 101837 102053 102091 102093 102094   102094  
44.9 101325 101491 101630 101836 102053 102091 102093 102094   102094  
45 101325 101491 101630 101836 102053 102091 102093 102094   102094  
45.1 101325 101491 101630 101836 102053 102091 102093 102094   102094  
45.2 101325 101490 101630 101836 102052 102092 102094 102094   102094  
45.3 101325 101490 101629 101835 102052 102092 102094 102094   102094  
45.4 101325 101490 101629 101835 102052 102092 102094 102095   102095  
45.5 101325 101490 101629 101835 102052 102092 102094 102095   102095  
45.6 101325 101490 101629 101834 102052 102092 102094 102095   102095  
45.7 101325 101490 101628 101834 102052 102092 102094 102095   102095  
45.8 101325 101490 101628 101834 102052 102092 102095 102095   102095  
45.9 101325 101490 101628 101834 102052 102092 102095 102095   102095  
46 101325 101489 101628 101833 102052 102093 102095 102096   102096  
46.1 101325 101489 101628 101833 102052 102093 102095 102096   102096  
46.2 101325 101489 101627 101833 102052 102093 102095 102096   102096  
46.3 101325 101489 101627 101832 102052 102093 102095 102096   102096  
46.4 101325 101489 101627 101832 102052 102093 102096 102096   102096  
46.5 101325 101489 101627 101832 102051 102093 102096 102096   102096  
46.6 101325 101489 101626 101832 102051 102093 102096 102097   102097  
46.7 101325 101488 101626 101831 102051 102094 102096 102097   102097  
46.8 101325 101488 101626 101831 102051 102094 102096 102097   102097  
46.9 101325 101488 101626 101831 102051 102094 102096 102097   102097  
47 101325 101488 101626 101830 102051 102094 102097 102097   102097  
47.1 101325 101488 101625 101830 102051 102094 102097 102097   102097  
47.2 101325 101488 101625 101830 102051 102094 102097 102097   102098  
47.3 101325 101488 101625 101830 102051 102094 102097 102098   102098  
47.4 101325 101488 101625 101829 102051 102094 102097 102098   102098  
47.5 101325 101487 101625 101829 102051 102095 102097 102098   102098  
47.6 101325 101487 101624 101829 102051 102095 102098 102098   102098  
47.7 101325 101487 101624 101829 102050 102095 102098 102098   102098  
47.8 101325 101487 101624 101828 102050 102095 102098 102098   102099  
47.9 101325 101487 101624 101828 102050 102095 102098 102099   102099  
48 101325 101487 101623 101828 102050 102095 102098 102099   102099  
48.1 101325 101487 101623 101827 102050 102095 102098 102099   102099  
48.2 101325 101486 101623 101827 102050 102095 102098 102099   102099  
48.3 101325 101486 101623 101827 102050 102096 102099 102099   102099  
48.4 101325 101486 101623 101827 102050 102096 102099 102099   102099  
48.5 101325 101486 101622 101826 102050 102096 102099 102100   102100  
48.6 101325 101486 101622 101826 102050 102096 102099 102100   102100  
48.7 101325 101486 101622 101826 102050 102096 102099 102100   102100  
48.8 101325 101486 101622 101826 102049 102096 102099 102100   102100  
48.9 101325 101486 101622 101825 102049 102096 102100 102100   102100  
49 101325 101485 101621 101825 102049 102096 102100 102100   102100  
49.1 101325 101485 101621 101825 102049 102096 102100 102100   102101  
49.2 101325 101485 101621 101825 102049 102097 102100 102101   102101  
49.3 101325 101485 101621 101824 102049 102097 102100 102101   102101  
49.4 101325 101485 101621 101824 102049 102097 102100 102101   102101  
49.5 101325 101485 101620 101824 102049 102097 102100 102101   102101  
49.6 101325 101485 101620 101823 102049 102097 102101 102101   102101  
49.7 101325 101485 101620 101823 102049 102097 102101 102101   102102  
49.8 101325 101484 101620 101823 102049 102097 102101 102102   102102  
49.9 101325 101484 101619 101823 102048 102097 102101 102102   102102  
50 101325 101484 101619 101822 102048 102097 102101 102102   102102  
50.1 101325 101484 101619 101822 102048 102098 102101 102102   102102  
50.2 101325 101484 101619 101822 102048 102098 102101 102102   102102  
50.3 101325 101484 101619 101822 102048 102098 102102 102102   102102  
50.4 101325 101484 101618 101821 102048 102098 102102 102102   102103  
50.5 101325 101484 101618 101821 102048 102098 102102 102103   102103  
50.6 101325 101483 101618 101821 102048 102098 102102 102103   102103  
50.7 101325 101483 101618 101821 102048 102098 102102 102103   102103  
50.8 101325 101483 101618 101820 102047 102098 102102 102103   102103  
50.9 101325 101483 101617 101820 102047 102098 102103 102103   102103  
51 101325 101483 101617 101820 102047 102099 102103 102103   102103  
51.1 101325 101483 101617 101820 102047 102099 102103 102103   102104  
51.2 101325 101483 101617 101819 102047 102099 102103 102104   102104  
51.3 101325 101483 101617 101819 102047 102099 102103 102104   102104  
51.4 101325 101483 101616 101819 102047 102099 102103 102104   102104  
51.5 101325 101482 101616 101819 102047 102099 102103 102104   102104  
51.6 101325 101482 101616 101818 102047 102099 102104 102104   102104  
51.7 101325 101482 101616 101818 102046 102099 102104 102104   102105  
51.8 101325 101482 101616 101818 102046 102099 102104 102105   102105  
51.9 101325 101482 101615 101818 102046 102099 102104 102105   102105  
52 101325 101482 101615 101817 102046 102100 102104 102105   102105  
52.1 101325 101482 101615 101817 102046 102100 102104 102105   102105  
52.2 101325 101482 101615 101817 102046 102100 102104 102105   102105  
52.3 101325 101481 101615 101817 102046 102100 102105 102105   102105  
52.4 101325 101481 101615 101816 102046 102100 102105 102105   102106  
52.5 101325 101481 101614 101816 102046 102100 102105 102106   102106  
52.6 101325 101481 101614 101816 102045 102100 102105 102106   102106  
52.7 101325 101481 101614 101816 102045 102100 102105 102106   102106  
52.8 101325 101481 101614 101815 102045 102100 102105 102106   102106  
52.9 101325 101481 101614 101815 102045 102100 102105 102106   102106  
53 101325 101481 101613 101815 102045 102100 102106 102106   102106  
53.1 101325 101481 101613 101815 102045 102100 102106 102106   102107  
53.2 101325 101480 101613 101814 102045 102101 102106 102107   102107  
53.3 101325 101480 101613 101814 102045 102101 102106 102107   102107  
53.4 101325 101480 101613 101814 102045 102101 102106 102107   102107  
53.5 101325 101480 101612 101814 102044 102101 102106 102107   102107  
53.6 101325 101480 101612 101813 102044 102101 102106 102107   102107  
53.7 101325 101480 101612 101813 102044 102101 102106 102107   102107  
53.8 101325 101480 101612 101813 102044 102101 102107 102107   102108  
53.9 101325 101480 101612 101813 102044 102101 102107 102107   102108  
54 101325 101480 101612 101812 102044 102101 102107 102108   102108  
54.1 101325 101479 101611 101812 102044 102101 102107 102108   102108  
54.2 101325 101479 101611 101812 102044 102101 102107 102108   102108  
54.3 101325 101479 101611 101812 102043 102102 102107 102108   102108  
54.4 101325 101479 101611 101811 102043 102102 102107 102108   102108  
54.5 101325 101479 101611 101811 102043 102102 102108 102108   102109  
54.6 101325 101479 101610 101811 102043 102102 102108 102108   102109  
54.7 101325 101479 101610 101811 102043 102102 102108 102109   102109  
54.8 101325 101479 101610 101810 102043 102102 102108 102109   102109  
54.9 101325 101479 101610 101810 102043 102102 102108 102109   102109  
55 101325 101478 101610 101810 102043 102102 102108 102109   102109  
55.1 101325 101478 101610 101810 102042 102102 102108 102109   102109  
55.2 101325 101478 101609 101809 102042 102102 102109 102109   102109  
55.3 101325 101478 101609 101809 102042 102102 102109 102109   102110  
55.4 101325 101478 101609 101809 102042 102102 102109 102110   102110  
55.5 101325 101478 101609 101809 102042 102102 102109 102110   102110  
55.6 101325 101478 101609 101809 102042 102103 102109 102110   102110  
55.7 101325 101478 101608 101808 102042 102103 102109 102110   102110  
55.8 101325 101478 101608 101808 102042 102103 102109 102110   102110  
55.9 101325 101477 101608 101808 102041 102103 102109 102110   102110  
56 101325 101477 101608 101808 102041 102103 102110 102110   102111  
56.1 101325 101477 101608 101807 102041 102103 102110 102111   102111  
56.2 101325 101477 101608 101807 102041 102103 102110 102111   102111  
56.3 101325 101477 101607 101807 102041 102103 102110 102111   102111  
56.4 101325 101477 101607 101807 102041 102103 102110 102111   102111  
56.5 101325 101477 101607 101806 102041 102103 102110 102111   102111  
56.6 101325 101477 101607 101806 102040 102103 102110 102111   102111  
56.7 101325 101477 101607 101806 102040 102103 102111 102111   102112  
56.8 101325 101477 101607 101806 102040 102103 102111 102111   102112  
56.9 101325 101476 101606 101806 102040 102103 102111 102112   102112  
57 101325 101476 101606 101805 102040 102103 102111 102112   102112  
57.1 101325 101476 101606 101805 102040 102104 102111 102112   102112  
57.2 101325 101476 101606 101805 102040 102104 102111 102112   102112  
57.3 101325 101476 101606 101805 102040 102104 102111 102112   102112  
57.4 101325 101476 101605 101804 102039 102104 102111 102112   102112  
57.5 101325 101476 101605 101804 102039 102104 102112 102112   102113  
57.6 101325 101476 101605 101804 102039 102104 102112 102113   102113  
57.7 101325 101476 101605 101804 102039 102104 102112 102113   102113  
57.8 101325 101476 101605 101803 102039 102104 102112 102113   102113  
57.9 101325 101475 101605 101803 102039 102104 102112 102113   102113  
58 101325 101475 101604 101803 102039 102104 102112 102113   102113  
58.1 101325 101475 101604 101803 102038 102104 102112 102113   102113  
58.2 101325 101475 101604 101803 102038 102104 102112 102113   102114  
58.3 101325 101475 101604 101802 102038 102104 102113 102113   102114  
58.4 101325 101475 101604 101802 102038 102104 102113 102114   102114  
58.5 101325 101475 101604 101802 102038 102104 102113 102114   102114  
58.6 101325 101475 101603 101802 102038 102104 102113 102114   102114  
58.7 101325 101475 101603 101801 102038 102104 102113 102114   102114  
58.8 101325 101475 101603 101801 102037 102105 102113 102114   102114  
58.9 101325 101474 101603 101801 102037 102105 102113 102114   102114  
59 101325 101474 101603 101801 102037 102105 102113 102114   102115  
59.1 101325 101474 101603 101801 102037 102105 102114 102114   102115  
59.2 101325 101474 101602 101800 102037 102105 102114 102115   102115  
59.3 101325 101474 101602 101800 102037 102105 102114 102115   102115  
59.4 101325 101474 101602 101800 102037 102105 102114 102115   102115  
59.5 101325 101474 101602 101800 102036 102105 102114 102115   102115  
59.6 101325 101474 101602 101800 102036 102105 102114 102115   102115  
59.7 101325 101474 101602 101799 102036 102105 102114 102115   102115  
59.8 101325 101474 101601 101799 102036 102105 102114 102115   102116  
59.9 101325 101473 101601 101799 102036 102105 102115 102116   102116  
60 101325 101473 101601 101799 102036 102105 102115 102116   102116  
60.1 101325 101420 101551 101753 101997 102069 102081 102083   102085  
60.2 101325 101385 101507 101708 101950 102022 102033 102035   102036  
60.3 101325 101369 101480 101679 101920 101991 102002 102003   102004  
60.4 101325 101361 101460 101657 101897 101968 101978 101980   101981  
60.5 101325 101356 101445 101638 101877 101949 101959 101961   101962  
60.6 101325 101351 101433 101622 101861 101933 101943 101944   101945  
60.7 101325 101348 101424 101607 101846 101918 101929 101930   101931  
60.8 101325 101346 101416 101594 101833 101905 101916 101917   101917  
60.9 101325 101344 101409 101583 101821 101893 101904 101905   101906  
61 101325 101342 101404 101572 101810 101882 101893 101894   101895  
61.1 101325 101341 101399 101562 101800 101872 101883 101884   101885  
61.2 101325 101340 101395 101553 101791 101863 101874 101875   101875  
61.3 101325 101339 101391 101545 101782 101854 101865 101866   101867  
61.4 101325 101338 101388 101538 101773 101846 101857 101858   101859  
61.5 101325 101338 101385 101531 101766 101838 101849 101851   101851  
61.6 101325 101337 101382 101524 101758 101831 101842 101843   101844  
61.7 101325 101337 101379 101518 101751 101824 101835 101836   101837  
61.8 101325 101336 101376 101512 101744 101817 101828 101830   101830  
61.9 101325 101336 101374 101507 101737 101811 101822 101823   101823  
62 101325 101336 101372 101501 101730 101804 101815 101817   101817  
62.1 101325 101335 101370 101496 101724 101798 101809 101810   101811  
62.2 101325 101335 101368 101491 101718 101792 101803 101804   101805  
62.3 101325 101335 101366 101487 101711 101785 101797 101798   101799  
62.4 101325 101335 101364 101482 101705 101779 101791 101792   101793  
62.5 101325 101334 101363 101478 101699 101773 101785 101786   101787  
62.6 101325 101334 101361 101474 101693 101767 101779 101780   101781  
62.7 101325 101334 101360 101469 101687 101761 101773 101774   101775  
62.8 101325 101334 101358 101465 101681 101755 101767 101769   101769  
62.9 101325 101333 101357 101462 101675 101750 101762 101763   101763  
63 101325 101333 101356 101458 101669 101744 101756 101757   101757  
63.1 101325 101333 101355 101454 101663 101738 101750 101751   101752  
63.2 101325 101333 101354 101451 101657 101732 101744 101746   101746  
63.3 101325 101333 101353 101447 101651 101726 101739 101740   101740  
63.4 101325 101333 101352 101444 101645 101721 101733 101734   101735  
63.5 101325 101332 101352 101440 101640 101715 101727 101729   101729  
63.6 101325 101332 101351 101437 101634 101709 101722 101723   101724  
63.7 101325 101332 101350 101434 101628 101704 101716 101718   101718  
63.8 101325 101332 101349 101431 101623 101698 101711 101712   101713  
63.9 101325 101332 101349 101428 101617 101693 101706 101707   101707  
64 101325 101332 101348 101425 101612 101687 101700 101702   101702  
64.1 101325 101332 101348 101423 101607 101682 101695 101696   101697  
64.2 101325 101332 101347 101420 101601 101677 101690 101691   101691  
64.3 101325 101331 101346 101417 101596 101671 101685 101686   101686  
64.4 101325 101331 101346 101415 101591 101666 101679 101681   101681  
64.5 101325 101331 101345 101412 101586 101661 101674 101676   101676  
64.6 101325 101331 101345 101410 101581 101656 101669 101671   101671  
64.7 101325 101331 101344 101408 101576 101651 101664 101666   101666  
64.8 101325 101331 101344 101405 101571 101646 101659 101661   101661  
64.9 101325 101331 101344 101403 101567 101641 101655 101656   101656  
65 101325 101331 101343 101401 101562 101636 101650 101651   101652  
65.1 101325 101331 101343 101399 101557 101631 101645 101647   101647  
65.2 101325 101331 101343 101397 101553 101627 101640 101642   101642  
65.3 101325 101330 101342 101395 101548 101622 101636 101637   101638  
65.4 101325 101330 101342 101393 101544 101617 101631 101633   101633  
65.5 101325 101330 101341 101391 101540 101613 101627 101628   101629  
65.6 101325 101330 101341 101390 101536 101608 101623 101624   101624  
65.7 101325 101330 101341 101388 101531 101604 101618 101620   101620  
65.8 101325 101330 101341 101387 101527 101600 101614 101615   101616  
65.9 101325 101330 101340 101385 101523 101595 101610 101611   101612  
66 101325 101330 101340 101383 101520 101591 101606 101607   101608  
66.1 101325 101330 101340 101382 101516 101587 101602 101603   101604  
66.2 101325 101330 101339 101381 101512 101583 101598 101599   101600  
66.3 101325 101330 101339 101379 101508 101579 101594 101595   101596  
66.4 101325 101330 101339 101378 101505 101575 101590 101592   101592  
66.5 101325 101330 101339 101377 101501 101572 101586 101588   101588  
66.6 101325 101329 101338 101376 101498 101568 101583 101584   101585  
66.7 101325 101329 101338 101374 101495 101564 101579 101581   101581  
66.8 101325 101329 101338 101373 101491 101561 101576 101577   101577  
66.9 101325 101329 101338 101372 101488 101557 101572 101574   101574  
67 101325 101329 101338 101371 101485 101554 101569 101570   101571  
67.1 101325 101329 101337 101370 101482 101550 101565 101567   101567  
67.2 101325 101329 101337 101369 101479 101547 101562 101564   101564  
67.3 101325 101329 101337 101368 101476 101544 101559 101560   101561  
67.4 101325 101329 101337 101367 101473 101540 101556 101557   101558  
67.5 101325 101329 101337 101367 101471 101537 101553 101554   101555  
67.6 101325 101329 101336 101366 101468 101534 101550 101551   101552  
67.7 101325 101329 101336 101365 101465 101531 101547 101548   101549  
67.8 101325 101329 101336 101364 101463 101528 101544 101545   101546  
67.9 101325 101329 101336 101363 101460 101525 101541 101543   101543  
68 101325 101329 101336 101363 101458 101522 101538 101540   101540  
68.1 101325 101329 101336 101362 101455 101520 101536 101537   101538  
68.2 101325 101329 101335 101361 101453 101517 101533 101535   101535  
68.3 101325 101329 101335 101361 101451 101514 101530 101532   101532  
68.4 101325 101329 101335 101360 101449 101512 101528 101529   101530  
68.5 101325 101328 101335 101359 101447 101509 101525 101527   101527  
68.6 101325 101328 101335 101359 101444 101507 101523 101524   101525  
68.7 101325 101328 101335 101358 101442 101504 101520 101522   101522  
68.8 101325 101328 101335 101358 101440 101502 101518 101520   101520  
68.9 101325 101328 101335 101357 101438 101499 101516 101517   101518  
69 101325 101328 101334 101357 101436 101497 101513 101515   101515  
69.1 101325 101328 101334 101356 101435 101495 101511 101513   101513  
69.2 101325 101328 101334 101356 101433 101493 101509 101511   101511  
69.3 101325 101328 101334 101355 101431 101490 101507 101509   101509  
69.4 101325 101328 101334 101355 101429 101488 101505 101507   101507  
69.5 101325 101328 101334 101354 101428 101486 101503 101504   101505  
69.6 101325 101328 101334 101354 101426 101484 101501 101502   101503  
69.7 101325 101328 101334 101353 101424 101482 101499 101501   101501  
69.8 101325 101328 101333 101353 101423 101480 101497 101499   101499  
69.9 101325 101328 101333 101352 101421 101478 101495 101497   101497  
70 101325 101328 101333 101352 101420 101476 101493 101495   101495  
70.1 101325 101328 101333 101352 101418 101474 101491 101493   101493  
70.2 101325 101328 101333 101351 101417 101473 101489 101491   101492  
70.3 101325 101328 101333 101351 101415 101471 101488 101489   101490  
70.4 101325 101328 101333 101350 101414 101469 101486 101488   101488  
70.5 101325 101328 101333 101350 101413 101467 101484 101486   101486  
70.6 101325 101328 101333 101350 101411 101466 101482 101484   101485  
70.7 101325 101328 101333 101349 101410 101464 101481 101483   101483  
70.8 101325 101328 101333 101349 101409 101462 101479 101481   101481  
70.9 101325 101328 101332 101349 101408 101461 101478 101479   101480  
71 101325 101328 101332 101348 101406 101459 101476 101478   101478  
71.1 101325 101328 101332 101348 101405 101457 101475 101476   101477  
71.2 101325 101328 101332 101348 101404 101456 101473 101475   101475  
71.3 101325 101328 101332 101348 101403 101454 101472 101473   101474  
71.4 101325 101328 101332 101347 101402 101453 101470 101472   101472  
71.5 101325 101328 101332 101347 101401 101451 101469 101471   101471  
71.6 101325 101328 101332 101347 101400 101450 101467 101469   101469  
71.7 101325 101328 101332 101346 101399 101449 101466 101468   101468  
71.8 101325 101327 101332 101346 101398 101447 101464 101466   101467  
71.9 101325 101327 101332 101346 101397 101446 101463 101465   101465  
72 101325 101327 101332 101346 101396 101444 101462 101464   101464  
72.1 101325 101327 101332 101345 101395 101443 101460 101462   101463  
72.2 101325 101327 101331 101345 101394 101442 101459 101461   101461  
72.3 101325 101327 101331 101345 101393 101441 101458 101460   101460  
72.4 101325 101327 101331 101345 101392 101439 101457 101459   101459  
72.5 101325 101327 101331 101344 101391 101438 101455 101457   101458  
72.6 101325 101327 101331 101344 101390 101437 101454 101456   101457  
72.7 101325 101327 101331 101344 101389 101436 101453 101455   101455  
72.8 101325 101327 101331 101344 101388 101434 101452 101454   101454  
72.9 101325 101327 101331 101344 101388 101433 101451 101453   101453  
73 101325 101327 101331 101343 101387 101432 101449 101451   101452  
73.1 101325 101327 101331 101343 101386 101431 101448 101450   101451  
73.2 101325 101327 101331 101343 101385 101430 101447 101449   101450  
73.3 101325 101327 101331 101343 101385 101429 101446 101448   101449  
73.4 101325 101327 101331 101343 101384 101428 101445 101447   101448  
73.5 101325 101327 101331 101342 101383 101427 101444 101446   101446  
73.6 101325 101327 101331 101342 101382 101426 101443 101445   101445  
73.7 101325 101327 101331 101342 101382 101425 101442 101444   101444  
73.8 101325 101327 101331 101342 101381 101424 101441 101443   101443  
73.9 101325 101327 101331 101342 101380 101423 101440 101442   101442  
74 101325 101327 101330 101341 101380 101422 101439 101441   101441  
74.1 101325 101327 101330 101341 101379 101421 101438 101440   101440  
74.2 101325 101327 101330 101341 101378 101420 101437 101439   101439  
74.3 101325 101327 101330 101341 101378 101419 101436 101438   101438  
74.4 101325 101327 101330 101341 101377 101418 101435 101437   101438  
74.5 101325 101327 101330 101341 101377 101417 101434 101436   101437  
74.6 101325 101327 101330 101340 101376 101416 101433 101435   101436  
74.7 101325 101327 101330 101340 101375 101415 101432 101434   101435  
74.8 101325 101327 101330 101340 101375 101414 101431 101433   101434  
74.9 101325 101327 101330 101340 101374 101413 101430 101433   101433  
75 101325 101327 101330 101340 101374 101412 101429 101432   101432  
75.1 101325 101327 101330 101340 101373 101411 101429 101431   101431  
75.2 101325 101327 101330 101340 101373 101411 101428 101430   101430  
75.3 101325 101327 101330 101339 101372 101410 101427 101429   101430  
75.4 101325 101327 101330 101339 101372 101409 101426 101428   101429  
75.5 101325 101327 101330 101339 101371 101408 101425 101428   101428  
75.6 101325 101327 101330 101339 101371 101407 101424 101427   101427  
75.7 101325 101327 101330 101339 101370 101407 101424 101426   101426  
75.8 101325 101327 101330 101339 101370 101406 101423 101425   101426  
75.9 101325 101327 101330 101339 101369 101405 101422 101424   101425  
76 101325 101327 101330 101338 101369 101404 101421 101424   101424  
76.1 101325 101327 101330 101338 101368 101404 101420 101423   101423  
76.2 101325 101327 101329 101338 101368 101403 101420 101422   101422  
76.3 101325 101327 101329 101338 101367 101402 101419 101421   101422  
76.4 101325 101327 101329 101338 101367 101401 101418 101421   101421  
76.5 101325 101327 101329 101338 101366 101401 101417 101420   101420  
76.6 101325 101327 101329 101338 101366 101400 101417 101419   101419  
76.7 101325 101327 101329 101338 101365 101399 101416 101418   101419  
76.8 101325 101327 101329 101337 101365 101399 101415 101418   101418  
76.9 101325 101327 101329 101337 101365 101398 101414 101417   101417  
77 101325 101327 101329 101337 101364 101397 101414 101416   101417  
77.1 101325 101327 101329 101337 101364 101396 101413 101416   101416  
77.2 101325 101327 101329 101337 101363 101396 101412 101415   101415  
77.3 101325 101327 101329 101337 101363 101395 101412 101414   101415  
77.4 101325 101327 101329 101337 101363 101395 101411 101414   101414  
77.5 101325 101327 101329 101337 101362 101394 101410 101413   101413  
77.6 101325 101327 101329 101337 101362 101393 101410 101412   101413  
77.7 101325 101327 101329 101336 101362 101393 101409 101412   101412  
77.8 101325 101327 101329 101336 101361 101392 101408 101411   101411  
77.9 101325 101327 101329 101336 101361 101391 101408 101410   101411  
78 101325 101327 101329 101336 101360 101391 101407 101410   101410  
78.1 101325 101327 101329 101336 101360 101390 101406 101409   101409  
78.2 101325 101327 101329 101336 101360 101390 101406 101408   101409  
78.3 101325 101327 101329 101336 101359 101389 101405 101408   101408  
78.4 101325 101327 101329 101336 101359 101389 101405 101407   101408  
78.5 101325 101326 101329 101336 101359 101388 101404 101407   101407  
78.6 101325 101326 101329 101336 101358 101387 101403 101406   101406  
78.7 101325 101326 101329 101335 101358 101387 101403 101405   101406  
78.8 101325 101326 101329 101335 101358 101386 101402 101405   101405  
78.9 101325 101326 101329 101335 101358 101386 101402 101404   101405  
79 101325 101326 101329 101335 101357 101385 101401 101404   101404  
79.1 101325 101326 101329 101335 101357 101385 101400 101403   101404  
79.2 101325 101326 101329 101335 101357 101384 101400 101403   101403  
79.3 101325 101326 101329 101335 101356 101384 101399 101402   101402  
79.4 101325 101326 101328 101335 101356 101383 101399 101401   101402  
79.5 101325 101326 101328 101335 101356 101383 101398 101401   101401  
79.6 101325 101326 101328 101335 101355 101382 101398 101400   101401  
79.7 101325 101326 101328 101335 101355 101382 101397 101400   101400  
79.8 101325 101326 101328 101335 101355 101381 101396 101399   101400  
79.9 101325 101326 101328 101334 101355 101381 101396 101399   101399  
80 101325 101326 101328 101334 101354 101380 101395 101398   101399  
80.1 101325 101326 101328 101334 101354 101380 101395 101398   101398  
80.2 101325 101326 101328 101334 101354 101379 101394 101397   101398  
80.3 101325 101326 101328 101334 101354 101379 101394 101397   101397  
80.4 101325 101326 101328 101334 101353 101378 101393 101396   101397  
80.5 101325 101326 101328 101334 101353 101378 101393 101396   101396  
80.6 101325 101326 101328 101334 101353 101377 101392 101395   101396  
80.7 101325 101326 101328 101334 101353 101377 101392 101395   101395  
80.8 101325 101326 101328 101334 101352 101377 101391 101394   101395  
80.9 101325 101326 101328 101334 101352 101376 101391 101394   101394  
81 101325 101326 101328 101334 101352 101376 101390 101393   101394  
81.1 101325 101326 101328 101334 101352 101375 101390 101393   101393  
81.2 101325 101326 101328 101333 101351 101375 101389 101392   101393  
81.3 101325 101326 101328 101333 101351 101374 101389 101392   101392  
81.4 101325 101326 101328 101333 101351 101374 101388 101391   101392  
81.5 101325 101326 101328 101333 101351 101374 101388 101391   101391  
81.6 101325 101326 101328 101333 101350 101373 101388 101390   101391  
81.7 101325 101326 101328 101333 101350 101373 101387 101390   101390  
81.8 101325 101326 101328 101333 101350 101372 101387 101390   101390  
81.9 101325 101326 101328 101333 101350 101372 101386 101389   101390  
82 101325 101326 101328 101333 101349 101372 101386 101389   101389  
82.1 101325 101326 101328 101333 101349 101371 101385 101388   101389  
82.2 101325 101326 101328 101333 101349 101371 101385 101388   101388  
82.3 101325 101326 101328 101333 101349 101370 101384 101387   101388  
82.4 101325 101326 101328 101333 101349 101370 101384 101387   101387  
82.5 101325 101326 101328 101333 101348 101370 101384 101387   101387  
82.6 101325 101326 101328 101333 101348 101369 101383 101386   101387  
82.7 101325 101326 101328 101332 101348 101369 101383 101386   101386  
82.8 101325 101326 101328 101332 101348 101369 101382 101385   101386  
82.9 101325 101326 101328 101332 101348 101368 101382 101385   101385  
83 101325 101326 101328 101332 101347 101368 101381 101384   101385  
83.1 101325 101326 101328 101332 101347 101367 101381 101384   101385  
83.2 101325 101326 101328 101332 101347 101367 101381 101384   101384  
83.3 101325 101326 101328 101332 101347 101367 101380 101383   101384  
83.4 101325 101326 101328 101332 101347 101366 101380 101383   101383  
83.5 101325 101326 101328 101332 101346 101366 101379 101382   101383  
83.6 101325 101326 101328 101332 101346 101366 101379 101382   101383  
83.7 101325 101326 101328 101332 101346 101365 101379 101382   101382  
83.8 101325 101326 101328 101332 101346 101365 101378 101381   101382  
83.9 101325 101326 101328 101332 101346 101365 101378 101381   101381  
84 101325 101326 101327 101332 101346 101364 101377 101381   101381  
84.1 101325 101326 101327 101332 101345 101364 101377 101380   101381  
84.2 101325 101326 101327 101332 101345 101364 101377 101380   101380  
84.3 101325 101326 101327 101332 101345 101363 101376 101379   101380  
84.4 101325 101326 101327 101332 101345 101363 101376 101379   101380  
84.5 101325 101326 101327 101331 101345 101363 101376 101379   101379  
84.6 101325 101326 101327 101331 101345 101363 101375 101378   101379  
84.7 101325 101326 101327 101331 101344 101362 101375 101378   101378  
84.8 101325 101326 101327 101331 101344 101362 101374 101378   101378  
84.9 101325 101326 101327 101331 101344 101362 101374 101377   101378  
85 101325 101326 101327 101331 101344 101361 101374 101377   101377  
85.1 101325 101326 101327 101331 101344 101361 101373 101377   101377  
85.2 101325 101326 101327 101331 101344 101361 101373 101376   101377  
85.3 101325 101326 101327 101331 101343 101360 101373 101376   101376  
85.4 101325 101326 101327 101331 101343 101360 101372 101376   101376  
85.5 101325 101326 101327 101331 101343 101360 101372 101375   101376  
85.6 101325 101326 101327 101331 101343 101360 101372 101375   101375  
85.7 101325 101326 101327 101331 101343 101359 101371 101375   101375  
85.8 101325 101326 101327 101331 101343 101359 101371 101374   101375  
85.9 101325 101326 101327 101331 101343 101359 101371 101374   101374  
86 101325 101326 101327 101331 101342 101359 101370 101374   101374  
86.1 101325 101326 101327 101331 101342 101358 101370 101373   101374  
86.2 101325 101326 101327 101331 101342 101358 101370 101373   101373  
86.3 101325 101326 101327 101331 101342 101358 101369 101373   101373  
86.4 101325 101326 101327 101331 101342 101357 101369 101372   101373  
86.5 101325 101326 101327 101331 101342 101357 101369 101372   101373  
86.6 101325 101326 101327 101331 101342 101357 101368 101372   101372  
86.7 101325 101326 101327 101330 101341 101357 101368 101371   101372  
86.8 101325 101326 101327 101330 101341 101356 101368 101371   101372  
86.9 101325 101326 101327 101330 101341 101356 101368 101371   101371  
87 101325 101326 101327 101330 101341 101356 101367 101370   101371  
87.1 101325 101326 101327 101330 101341 101356 101367 101370   101371  
87.2 101325 101326 101327 101330 101341 101355 101367 101370   101370  
87.3 101325 101326 101327 101330 101341 101355 101366 101370   101370  
87.4 101325 101326 101327 101330 101341 101355 101366 101369   101370  
87.5 101325 101326 101327 101330 101340 101355 101366 101369   101370  
87.6 101325 101326 101327 101330 101340 101355 101365 101369   101369  
87.7 101325 101326 101327 101330 101340 101354 101365 101368   101369  
87.8 101325 101326 101327 101330 101340 101354 101365 101368   101369  
87.9 101325 101326 101327 101330 101340 101354 101365 101368   101368  
88 101325 101326 101327 101330 101340 101354 101364 101368   101368  
88.1 101325 101326 101327 101330 101340 101353 101364 101367   101368  
88.2 101325 101326 101327 101330 101340 101353 101364 101367   101368  
88.3 101325 101326 101327 101330 101339 101353 101364 101367   101367  
88.4 101325 101326 101327 101330 101339 101353 101363 101366   101367  
88.5 101325 101326 101327 101330 101339 101352 101363 101366   101367  
88.6 101325 101326 101327 101330 101339 101352 101363 101366   101366  
88.7 101325 101326 101327 101330 101339 101352 101362 101366   101366  
88.8 101325 101326 101327 101330 101339 101352 101362 101365   101366  
88.9 101325 101326 101327 101330 101339 101352 101362 101365   101366  
89 101325 101326 101327 101330 101339 101351 101362 101365   101365  
89.1 101325 101326 101327 101330 101339 101351 101361 101365   101365  
89.2 101325 101326 101327 101330 101338 101351 101361 101364   101365  
89.3 101325 101326 101327 101330 101338 101351 101361 101364   101365  
89.4 101325 101326 101327 101329 101338 101351 101361 101364   101364  
89.5 101325 101326 101327 101329 101338 101350 101360 101364   101364  
89.6 101325 101326 101327 101329 101338 101350 101360 101363   101364  
89.7 101325 101326 101327 101329 101338 101350 101360 101363   101364  
89.8 101325 101326 101327 101329 101338 101350 101360 101363   101363  
89.9 101325 101326 101327 101329 101338 101350 101359 101363   101363  
90 101325 101326 101327 101329 101338 101349 101359 101362   101363  
90.1 101325 101326 101327 101329 101338 101349 101359 101362   101363  
90.2 101325 101326 101327 101329 101337 101349 101359 101362   101362  
90.3 101325 101326 101327 101329 101337 101349 101358 101362   101362  
90.4 101325 101326 101327 101329 101337 101349 101358 101361   101362  
90.5 101325 101326 101327 101329 101337 101349 101358 101361   101362  
90.6 101325 101326 101327 101329 101337 101348 101358 101361   101362  
90.7 101325 101326 101327 101329 101337 101348 101358 101361   101361  
90.8 101325 101326 101327 101329 101337 101348 101357 101361   101361  
90.9 101325 101326 101327 101329 101337 101348 101357 101360   101361  
91 101325 101326 101327 101329 101337 101348 101357 101360   101361  
91.1 101325 101326 101327 101329 101337 101347 101357 101360   101360  
91.2 101325 101326 101327 101329 101337 101347 101356 101360   101360  
91.3 101325 101326 101327 101329 101336 101347 101356 101359   101360  
91.4 101325 101326 101326 101329 101336 101347 101356 101359   101360  
91.5 101325 101326 101326 101329 101336 101347 101356 101359   101360  
91.6 101325 101326 101326 101329 101336 101347 101356 101359   101359  
91.7 101325 101326 101326 101329 101336 101346 101355 101359   101359  
91.8 101325 101326 101326 101329 101336 101346 101355 101358   101359  
91.9 101325 101326 101326 101329 101336 101346 101355 101358   101359  
92 101325 101326 101326 101329 101336 101346 101355 101358   101358  
92.1 101325 101326 101326 101329 101336 101346 101354 101358   101358  
92.2 101325 101326 101326 101329 101336 101346 101354 101357   101358  
92.3 101325 101326 101326 101329 101336 101346 101354 101357   101358  
92.4 101325 101326 101326 101329 101336 101345 101354 101357   101358  
92.5 101325 101326 101326 101329 101335 101345 101354 101357   101357  
92.6 101325 101326 101326 101329 101335 101345 101353 101357   101357  
92.7 101325 101326 101326 101329 101335 101345 101353 101356   101357  
92.8 101325 101326 101326 101328 101335 101345 101353 101356   101357  
92.9 101325 101326 101326 101328 101335 101345 101353 101356   101357  
93 101325 101326 101326 101328 101335 101344 101353 101356   101356  
93.1 101325 101326 101326 101328 101335 101344 101353 101356   101356  
93.2 101325 101326 101326 101328 101335 101344 101352 101355   101356  
93.3 101325 101326 101326 101328 101335 101344 101352 101355   101356  
93.4 101325 101326 101326 101328 101335 101344 101352 101355   101356  
93.5 101325 101326 101326 101328 101335 101344 101352 101355   101355  
93.6 101325 101326 101326 101328 101335 101344 101352 101355   101355  
93.7 101325 101326 101326 101328 101335 101343 101351 101355   101355  
93.8 101325 101326 101326 101328 101334 101343 101351 101354   101355  
93.9 101325 101326 101326 101328 101334 101343 101351 101354   101355  
94 101325 101326 101326 101328 101334 101343 101351 101354   101355  
94.1 101325 101326 101326 101328 101334 101343 101351 101354   101354  
94.2 101325 101326 101326 101328 101334 101343 101350 101354   101354  
94.3 101325 101326 101326 101328 101334 101343 101350 101353   101354  
94.4 101325 101326 101326 101328 101334 101343 101350 101353   101354  
94.5 101325 101326 101326 101328 101334 101342 101350 101353   101354  
94.6 101325 101326 101326 101328 101334 101342 101350 101353   101353  
94.7 101325 101326 101326 101328 101334 101342 101350 101353   101353  
94.8 101325 101326 101326 101328 101334 101342 101349 101353   101353  
94.9 101325 101326 101326 101328 101334 101342 101349 101352   101353  
95 101325 101326 101326 101328 101334 101342 101349 101352   101353  
95.1 101325 101326 101326 101328 101334 101342 101349 101352   101353  
95.2 101325 101326 101326 101328 101334 101342 101349 101352   101352  
95.3 101325 101326 101326 101328 101333 101341 101349 101352   101352  
95.4 101325 101326 101326 101328 101333 101341 101348 101352   101352  
95.5 101325 101326 101326 101328 101333 101341 101348 101351   101352  
95.6 101325 101325 101326 101328 101333 101341 101348 101351   101352  
95.7 101325 101325 101326 101328 101333 101341 101348 101351   101352  
95.8 101325 101325 101326 101328 101333 101341 101348 101351   101351  
95.9 101325 101325 101326 101328 101333 101341 101348 101351   101351  
96 101325 101325 101326 101328 101333 101341 101348 101351   101351  
96.1 101325 101325 101326 101328 101333 101340 101347 101350   101351  
96.2 101325 101325 101326 101328 101333 101340 101347 101350   101351  
96.3 101325 101325 101326 101328 101333 101340 101347 101350   101351  
96.4 101325 101325 101326 101328 101333 101340 101347 101350   101351  
96.5 101325 101325 101326 101328 101333 101340 101347 101350   101350  
96.6 101325 101325 101326 101328 101333 101340 101347 101350   101350  
96.7 101325 101325 101326 101328 101333 101340 101346 101350   101350  
96.8 101325 101325 101326 101328 101333 101340 101346 101349   101350  
96.9 101325 101325 101326 101328 101333 101340 101346 101349   101350  
97 101325 101325 101326 101328 101332 101339 101346 101349   101350  
97.1 101325 101325 101326 101328 101332 101339 101346 101349   101349  
97.2 101325 101325 101326 101328 101332 101339 101346 101349   101349  
97.3 101325 101325 101326 101328 101332 101339 101346 101349   101349  
97.4 101325 101325 101326 101328 101332 101339 101345 101348   101349  
97.5 101325 101325 101326 101328 101332 101339 101345 101348   101349  
97.6 101325 101325 101326 101328 101332 101339 101345 101348   101349  
97.7 101325 101325 101326 101327 101332 101339 101345 101348   101349  
97.8 101325 101325 101326 101327 101332 101339 101345 101348   101348  
97.9 101325 101325 101326 101327 101332 101339 101345 101348   101348  
98 101325 101325 101326 101327 101332 101338 101345 101348   101348  
98.1 101325 101325 101326 101327 101332 101338 101345 101348   101348  
98.2 101325 101325 101326 101327 101332 101338 101344 101347   101348  
98.3 101325 101325 101326 101327 101332 101338 101344 101347   101348  
98.4 101325 101325 101326 101327 101332 101338 101344 101347   101348  
98.5 101325 101325 101326 101327 101332 101338 101344 101347   101348  
98.6 101325 101325 101326 101327 101332 101338 101344 101347   101347  
98.7 101325 101325 101326 101327 101332 101338 101344 101347   101347  
98.8 101325 101325 101326 101327 101332 101338 101344 101347   101347  
98.9 101325 101325 101326 101327 101332 101338 101344 101346   101347  
99 101325 101325 101326 101327 101331 101338 101343 101346   101347  
99.1 101325 101325 101326 101327 101331 101337 101343 101346   101347  
99.2 101325 101325 101326 101327 101331 101337 101343 101346   101347  
99.3 101325 101325 101326 101327 101331 101337 101343 101346   101346  
99.4 101325 101325 101326 101327 101331 101337 101343 101346   101346  
99.5 101325 101325 101326 101327 101331 101337 101343 101346   101346  
99.6 101325 101325 101326 101327 101331 101337 101343 101346   101346  
99.7 101325 101325 101326 101327 101331 101337 101343 101345   101346  
99.8 101325 101325 101326 101327 101331 101337 101342 101345   101346  
99.9 101325 101325 101326 101327 101331 101337 101342 101345   101346  
100 101325 101325 101326 101327 101331 101337 101342 101345   101346  
100.1 101325 101325 101326 101327 101331 101337 101342 101345   101346  
100.2 101325 101325 101326 101327 101331 101337 101342 101345   101345  
100.3 101325 101325 101326 101327 101331 101336 101342 101345   101345  
100.4 101325 101325 101326 101327 101331 101336 101342 101345   101345  
100.5 101325 101325 101326 101327 101331 101336 101342 101344   101345  
100.6 101325 101325 101326 101327 101331 101336 101342 101344   101345  
100.7 101325 101325 101326 101327 101331 101336 101341 101344   101345  
100.8 101325 101325 101326 101327 101331 101336 101341 101344   101345  
100.9 101325 101325 101326 101327 101331 101336 101341 101344   101345  
101 101325 101325 101326 101327 101331 101336 101341 101344   101344  
101.1 101325 101325 101326 101327 101331 101336 101341 101344   101344  
101.2 101325 101325 101326 101327 101331 101336 101341 101344   101344  
101.3 101325 101325 101326 101327 101330 101336 101341 101344   101344  
101.4 101325 101325 101326 101327 101330 101336 101341 101343   101344  
101.5 101325 101325 101326 101327 101330 101336 101341 101343   101344  
101.6 101325 101325 101326 101327 101330 101335 101340 101343   101344  
101.7 101325 101325 101326 101327 101330 101335 101340 101343   101344  
101.8 101325 101325 101326 101327 101330 101335 101340 101343   101344  
101.9 101325 101325 101326 101327 101330 101335 101340 101343   101343  
102 101325 101325 101326 101327 101330 101335 101340 101343   101343  
102.1 101325 101325 101326 101327 101330 101335 101340 101343   101343  
102.2 101325 101325 101326 101327 101330 101335 101340 101343   101343  
102.3 101325 101325 101326 101327 101330 101335 101340 101342   101343  
102.4 101325 101325 101326 101327 101330 101335 101340 101342   101343  
102.5 101325 101325 101326 101327 101330 101335 101340 101342   101343  
102.6 101325 101325 101326 101327 101330 101335 101339 101342   101343  
102.7 101325 101325 101326 101327 101330 101335 101339 101342   101343  
102.8 101325 101325 101326 101327 101330 101335 101339 101342   101343  
102.9 101325 101325 101326 101327 101330 101335 101339 101342   101342  
103 101325 101325 101326 101327 101330 101334 101339 101342   101342  
103.1 101325 101325 101326 101327 101330 101334 101339 101342   101342  
103.2 101325 101325 101326 101327 101330 101334 101339 101342   101342  
103.3 101325 101325 101326 101327 101330 101334 101339 101341   101342  
103.4 101325 101325 101326 101327 101330 101334 101339 101341   101342  
103.5 101325 101325 101326 101327 101330 101334 101339 101341   101342  
103.6 101325 101325 101326 101327 101330 101334 101339 101341   101342  
103.7 101325 101325 101326 101327 101330 101334 101338 101341   101342  
103.8 101325 101325 101326 101327 101330 101334 101338 101341   101342  
103.9 101325 101325 101326 101327 101330 101334 101338 101341   101341  
104 101325 101325 101326 101327 101330 101334 101338 101341   101341  
104.1 101325 101325 101326 101327 101330 101334 101338 101341   101341  
104.2 101325 101325 101326 101327 101329 101334 101338 101341   101341  
104.3 101325 101325 101326 101327 101329 101334 101338 101341   101341  
104.4 101325 101325 101326 101327 101329 101334 101338 101340   101341  
104.5 101325 101325 101326 101327 101329 101334 101338 101340   101341  
104.6 101325 101325 101326 101327 101329 101333 101338 101340   101341  
104.7 101325 101325 101326 101327 101329 101333 101338 101340   101341  
104.8 101325 101325 101326 101327 101329 101333 101338 101340   101341  
104.9 101325 101325 101326 101327 101329 101333 101337 101340   101341  
105 101325 101325 101326 101327 101329 101333 101337 101340   101341  
105.1 101325 101325 101326 101327 101329 101333 101337 101340   101340  
105.2 101325 101325 101326 101327 101329 101333 101337 101340   101340  
105.3 101325 101325 101326 101327 101329 101333 101337 101340   101340  
105.4 101325 101325 101326 101326 101329 101333 101337 101340   101340  
105.5 101325 101325 101326 101326 101329 101333 101337 101339   101340  
105.6 101325 101325 101326 101326 101329 101333 101337 101339   101340  
105.7 101325 101325 101326 101326 101329 101333 101337 101339   101340  
105.8 101325 101325 101326 101326 101329 101333 101337 101339   101340  
105.9 101325 101325 101326 101326 101329 101333 101337 101339   101340  
106 101325 101325 101326 101326 101329 101333 101337 101339   101340  
106.1 101325 101325 101326 101326 101329 101333 101337 101339   101340  
106.2 101325 101325 101326 101326 101329 101333 101336 101339   101340  
106.3 101325 101325 101326 101326 101329 101333 101336 101339   101339  
106.4 101325 101325 101326 101326 101329 101333 101336 101339   101339  
106.5 101325 101325 101326 101326 101329 101332 101336 101339   101339  
106.6 101325 101325 101326 101326 101329 101332 101336 101339   101339  
106.7 101325 101325 101326 101326 101329 101332 101336 101339   101339  
106.8 101325 101325 101326 101326 101329 101332 101336 101338   101339  
106.9 101325 101325 101326 101326 101329 101332 101336 101338   101339  
107 101325 101325 101326 101326 101329 101332 101336 101338   101339  
107.1 101325 101325 101326 101326 101329 101332 101336 101338   101339  
107.2 101325 101325 101326 101326 101329 101332 101336 101338   101339  
107.3 101325 101325 101326 101326 101329 101332 101336 101338   101339  
107.4 101325 101325 101326 101326 101329 101332 101336 101338   101339  
107.5 101325 101325 101326 101326 101329 101332 101336 101338   101339  
107.6 101325 101325 101326 101326 101329 101332 101335 101338   101338  
107.7 101325 101325 101326 101326 101329 101332 101335 101338   101338  
107.8 101325 101325 101326 101326 101329 101332 101335 101338   101338  
107.9 101325 101325 101326 101326 101329 101332 101335 101338   101338  
108 101325 101325 101326 101326 101328 101332 101335 101338   101338  
108.1 101325 101325 101326 101326 101328 101332 101335 101337   101338  
108.2 101325 101325 101326 101326 101328 101332 101335 101337   101338  
108.3 101325 101325 101326 101326 101328 101332 101335 101337   101338  
108.4 101325 101325 101326 101326 101328 101332 101335 101337   101338  
108.5 101325 101325 101326 101326 101328 101332 101335 101337   101338  
108.6 101325 101325 101326 101326 101328 101331 101335 101337   101338  
108.7 101325 101325 101326 101326 101328 101331 101335 101337   101338  
108.8 101325 101325 101325 101326 101328 101331 101335 101337   101338  
108.9 101325 101325 101325 101326 101328 101331 101335 101337   101338  
109 101325 101325 101325 101326 101328 101331 101335 101337   101337  
109.1 101325 101325 101325 101326 101328 101331 101335 101337   101337  
109.2 101325 101325 101325 101326 101328 101331 101334 101337   101337  
109.3 101325 101325 101325 101326 101328 101331 101334 101337   101337  
109.4 101325 101325 101325 101326 101328 101331 101334 101337   101337  
109.5 101325 101325 101325 101326 101328 101331 101334 101337   101337  
109.6 101325 101325 101325 101326 101328 101331 101334 101336   101337  
109.7 101325 101325 101325 101326 101328 101331 101334 101336   101337  
109.8 101325 101325 101325 101326 101328 101331 101334 101336   101337  
109.9 101325 101325 101325 101326 101328 101331 101334 101336   101337  
110 101325 101325 101325 101326 101328 101331 101334 101336   101337  
110.1 101325 101325 101325 101326 101328 101331 101334 101336   101337  
110.2 101325 101325 101325 101326 101328 101331 101334 101336   101337  
110.3 101325 101325 101325 101326 101328 101331 101334 101336   101337  
110.4 101325 101325 101325 101326 101328 101331 101334 101336   101337  
110.5 101325 101325 101325 101326 101328 101331 101334 101336   101337  
110.6 101325 101325 101325 101326 101328 101331 101334 101336   101336  
110.7 101325 101325 101325 101326 101328 101331 101334 101336   101336  
110.8 101325 101325 101325 101326 101328 101331 101334 101336   101336  
110.9 101325 101325 101325 101326 101328 101331 101333 101336   101336  
111 101325 101325 101325 101326 101328 101331 101333 101336   101336  
111.1 101325 101325 101325 101326 101328 101331 101333 101336   101336  
111.2 101325 101325 101325 101326 101328 101330 101333 101335   101336  
111.3 101325 101325 101325 101326 101328 101330 101333 101335   101336  
111.4 101325 101325 101325 101326 101328 101330 101333 101335   101336  
111.5 101325 101325 101325 101326 101328 101330 101333 101335   101336  
111.6 101325 101325 101325 101326 101328 101330 101333 101335   101336  
111.7 101325 101325 101325 101326 101328 101330 101333 101335   101336  
111.8 101325 101325 101325 101326 101328 101330 101333 101335   101336  
111.9 101325 101325 101325 101326 101328 101330 101333 101335   101336  
112 101325 101325 101325 101326 101328 101330 101333 101335   101336  
112.1 101325 101325 101325 101326 101328 101330 101333 101335   101336  
112.2 101325 101325 101325 101326 101328 101330 101333 101335   101336  
112.3 101325 101325 101325 101326 101328 101330 101333 101335   101335  
112.4 101325 101325 101325 101326 101328 101330 101333 101335   101335  
112.5 101325 101325 101325 101326 101328 101330 101333 101335   101335  
112.6 101325 101325 101325 101326 101328 101330 101333 101335   101335  
112.7 101325 101325 101325 101326 101328 101330 101333 101335   101335  
112.8 101325 101325 101325 101326 101328 101330 101333 101335   101335  
112.9 101325 101325 101325 101326 101328 101330 101332 101335   101335  
113 101325 101325 101325 101326 101328 101330 101332 101334   101335  
113.1 101325 101325 101325 101326 101327 101330 101332 101334   101335  
113.2 101325 101325 101325 101326 101327 101330 101332 101334   101335  
113.3 101325 101325 101325 101326 101327 101330 101332 101334   101335  
113.4 101325 101325 101325 101326 101327 101330 101332 101334   101335  
113.5 101325 101325 101325 101326 101327 101330 101332 101334   101335  
113.6 101325 101325 101325 101326 101327 101330 101332 101334   101335  
113.7 101325 101325 101325 101326 101327 101330 101332 101334   101335  
113.8 101325 101325 101325 101326 101327 101330 101332 101334   101335  
113.9 101325 101325 101325 101326 101327 101330 101332 101334   101335  
114 101325 101325 101325 101326 101327 101330 101332 101334   101335  
114.1 101325 101325 101325 101326 101327 101330 101332 101334   101335  
114.2 101325 101325 101325 101326 101327 101330 101332 101334   101335  
114.3 101325 101325 101325 101326 101327 101329 101332 101334   101334  
114.4 101325 101325 101325 101326 101327 101329 101332 101334   101334  
114.5 101325 101325 101325 101326 101327 101329 101332 101334   101334  
114.6 101325 101325 101325 101326 101327 101329 101332 101334   101334  
114.7 101325 101325 101325 101326 101327 101329 101332 101334   101334  
114.8 101325 101325 101325 101326 101327 101329 101332 101334   101334  
114.9 101325 101325 101325 101326 101327 101329 101332 101334   101334  
115 101325 101325 101325 101326 101327 101329 101332 101334   101334  
115.1 101325 101325 101325 101326 101327 101329 101332 101333   101334  
115.2 101325 101325 101325 101326 101327 101329 101332 101333   101334  
115.3 101325 101325 101325 101326 101327 101329 101331 101333   101334  
115.4 101325 101325 101325 101326 101327 101329 101331 101333   101334  
115.5 101325 101325 101325 101326 101327 101329 101331 101333   101334  
115.6 101325 101325 101325 101326 101327 101329 101331 101333   101334  
115.7 101325 101325 101325 101326 101327 101329 101331 101333   101334  
115.8 101325 101325 101325 101326 101327 101329 101331 101333   101334  
115.9 101325 101325 101325 101326 101327 101329 101331 101333   101334  
116 101325 101325 101325 101326 101327 101329 101331 101333   101334  
116.1 101325 101325 101325 101326 101327 101329 101331 101333   101334  
116.2 101325 101325 101325 101326 101327 101329 101331 101333   101334  
116.3 101325 101325 101325 101326 101327 101329 101331 101333   101334  
116.4 101325 101325 101325 101326 101327 101329 101331 101333   101334  
116.5 101325 101325 101325 101326 101327 101329 101331 101333   101333  
116.6 101325 101325 101325 101326 101327 101329 101331 101333   101333  
116.7 101325 101325 101325 101326 101327 101329 101331 101333   101333  
116.8 101325 101325 101325 101326 101327 101329 101331 101333   101333  
116.9 101325 101325 101325 101326 101327 101329 101331 101333   101333  
117 101325 101325 101325 101326 101327 101329 101331 101333   101333  
117.1 101325 101325 101325 101326 101327 101329 101331 101333   101333  
117.2 101325 101325 101325 101326 101327 101329 101331 101333   101333  
117.3 101325 101325 101325 101326 101327 101329 101331 101333   101333  
117.4 101325 101325 101325 101326 101327 101329 101331 101332   101333  
117.5 101325 101325 101325 101326 101327 101329 101331 101332   101333  
117.6 101325 101325 101325 101326 101327 101329 101331 101332   101333  
117.7 101325 101325 101325 101326 101327 101329 101331 101332   101333  
117.8 101325 101325 101325 101326 101327 101329 101331 101332   101333  
117.9 101325 101325 101325 101326 101327 101329 101331 101332   101333  
118 101325 101325 101325 101326 101327 101329 101331 101332   101333  
118.1 101325 101325 101325 101326 101327 101329 101330 101332   101333  
118.2 101325 101325 101325 101326 101327 101329 101330 101332   101333  
118.3 101325 101325 101325 101326 101327 101328 101330 101332   101333  
118.4 101325 101325 101325 101326 101327 101328 101330 101332   101333  
118.5 101325 101325 101325 101326 101327 101328 101330 101332   101333  
118.6 101325 101325 101325 101326 101327 101328 101330 101332   101333  
118.7 101325 101325 101325 101326 101327 101328 101330 101332   101333  
118.8 101325 101325 101325 101326 101327 101328 101330 101332   101333  
118.9 101325 101325 101325 101326 101327 101328 101330 101332   101333  
119 101325 101325 101325 101326 101327 101328 101330 101332   101332  
119.1 101325 101325 101325 101326 101327 101328 101330 101332   101332  
119.2 101325 101325 101325 101326 101327 101328 101330 101332   101332  
119.3 101325 101325 101325 101326 101327 101328 101330 101332   101332  
119.4 101325 101325 101325 101326 101327 101328 101330 101332   101332  
119.5 101325 101325 101325 101326 101327 101328 101330 101332   101332  
119.6 101325 101325 101325 101326 101327 101328 101330 101332   101332  
119.7 101325 101325 101325 101326 101327 101328 101330 101332   101332  
119.8 101325 101325 101325 101326 101327 101328 101330 101332   101332  
119.9 101325 101325 101325 101326 101327 101328 101330 101332   101332  
120 101325 101325 101325 101326 101327 101328 101330 101332   101332  
