t (s) 	surface	0.049m	0.048m	0.046m	0.042m	0.038m	0.034m	0.026m	bottom
0 300 300 300 300 300 300 300 300   300 
0.1 1644 322.536 300.068 300.001 300.001 300.001 300.001 300.001   300.001 
0.2 1644 443.295 304.018 300.001 300.001 300.001 300.001 300.001   300.001 
0.3 1644 573.448 321.015 300.014 300.001 300.001 300.001 300.001   300.001 
0.4 1644 672.975 349.804 300.142 300.001 300.001 300.001 300.001   300.001 
0.5 1644 749.512 384.555 300.648 300.001 300.001 300.001 300.001   300.001 
0.6 1644 810.021 421.368 301.857 300.001 300.001 300.001 300.001   300.001 
0.7 1644 858.944 458.054 304.005 300.001 300.001 300.001 300.001   300.001 
0.8 1644 899.413 493.186 307.193 300.002 300.001 300.001 300.001   300.001 
0.9 1644 933.603 525.988 311.409 300.002 300.001 300.001 300.001   300.001 
1 1644 962.979 556.411 316.571 300.004 300.001 300.001 300.001   300.001 
1.1 1644 988.66 584.639 322.567 300.009 300.001 300.001 300.001   300.001 
1.2 1644 1011.4 610.813 329.276 300.019 300.001 300.001 300.001   300.001 
1.3 1644 1031.71 635.206 336.58 300.038 300.001 300.001 300.001   300.001 
1.4 1644 1050.03 657.938 344.373 300.07 300.001 300.001 300.001   300.001 
1.5 1644 1066.64 679.197 352.558 300.12 300.001 300.001 300.001   300.001 
1.6 1644 1081.81 699.085 361.053 300.193 300.002 300.001 300.001   300.001 
1.7 1644 1095.74 717.764 369.791 300.295 300.002 300.001 300.001   300.001 
1.8 1644 1108.58 735.297 378.708 300.433 300.002 300.001 300.001   300.001 
1.9 1644 1120.47 751.78 387.759 300.611 300.002 300.002 300.002   300.002 
2 1644 1131.52 767.303 396.895 300.835 300.002 300.002 300.002   300.002 
2.1 1644 1141.83 781.928 406.091 301.109 300.003 300.002 300.002   300.002 
2.2 1644 1151.49 795.74 415.303 301.438 300.004 300.002 300.002   300.002 
2.3 1644 1160.54 808.81 424.526 301.824 300.005 300.002 300.002   300.002 
2.4 1644 1169.06 821.185 433.72 302.272 300.007 300.002 300.002   300.002 
2.5 1644 1177.11 832.922 442.856 302.782 300.01 300.002 300.002   300.002 
2.6 1644 1184.71 844.083 451.922 303.357 300.015 300.002 300.002   300.002 
2.7 1644 1191.92 854.714 460.894 303.997 300.02 300.002 300.002   300.002 
2.8 1644 1198.76 864.871 469.742 304.704 300.028 300.002 300.002   300.002 
2.9 1644 1205.27 874.569 478.458 305.477 300.037 300.002 300.002   300.002 
3 1644 1211.48 883.871 487.046 306.316 300.049 300.002 300.002   300.002 
3.1 1644 1217.4 892.792 495.488 307.22 300.064 300.002 300.002   300.002 
3.2 1644 1223.06 901.357 503.775 308.189 300.083 300.002 300.002   300.002 
3.3 1644 1228.48 909.616 511.921 309.222 300.105 300.002 300.002   300.002 
3.4 1644 1233.68 917.578 519.921 310.316 300.132 300.002 300.002   300.002 
3.5 1644 1238.66 925.257 527.758 311.472 300.164 300.002 300.002   300.002 
3.6 1644 1243.47 932.679 535.45 312.686 300.201 300.003 300.002   300.002 
3.7 1644 1248.09 939.86 543.001 313.957 300.244 300.003 300.002   300.002 
3.8 1644 1252.54 946.809 550.411 315.283 300.294 300.003 300.002   300.002 
3.9 1644 1256.83 953.536 557.679 316.663 300.35 300.004 300.002   300.002 
4 1644 1260.97 960.068 564.813 318.095 300.414 300.005 300.002   300.002 
4.1 1644 1264.97 966.411 571.816 319.576 300.486 300.006 300.002   300.002 
4.2 1644 1268.84 972.561 578.685 321.105 300.567 300.007 300.002   300.002 
4.3 1644 1272.58 978.528 585.436 322.68 300.656 300.008 300.002   300.002 
4.4 1644 1276.2 984.334 592.067 324.298 300.755 300.01 300.002   300.002 
4.5 1644 1279.71 989.987 598.578 325.959 300.863 300.012 300.002   300.002 
4.6 1644 1283.11 995.487 604.969 327.659 300.982 300.014 300.002   300.002 
4.7 1644 1286.42 1000.83 611.237 329.398 301.11 300.017 300.002   300.002 
4.8 1644 1289.63 1006.04 617.397 331.173 301.25 300.021 300.002   300.002 
4.9 1644 1292.75 1011.12 623.449 332.983 301.401 300.025 300.002   300.002 
5 1644 1295.78 1016.07 629.393 334.826 301.563 300.029 300.002   300.002 
5.1 1644 1298.72 1020.89 635.231 336.701 301.737 300.034 300.002   300.002 
5.2 1644 1301.58 1025.59 640.964 338.605 301.923 300.041 300.002   300.002 
5.3 1644 1304.37 1030.18 646.596 340.538 302.121 300.048 300.002   300.002 
5.4 1644 1307.09 1034.67 652.132 342.498 302.331 300.055 300.002   300.002 
5.5 1644 1309.74 1039.04 657.571 344.483 302.554 300.064 300.002   300.002 
5.6 1644 1312.32 1043.32 662.913 346.492 302.789 300.074 300.002   300.002 
5.7 1644 1314.84 1047.49 668.161 348.524 303.038 300.085 300.002   300.002 
5.8 1644 1317.3 1051.57 673.323 350.578 303.299 300.098 300.002   300.002 
5.9 1644 1319.7 1055.56 678.4 352.652 303.573 300.112 300.002   300.002 
6 1644 1322.05 1059.47 683.389 354.745 303.86 300.127 300.002   300.002 
6.1 1644 1324.34 1063.29 688.29 356.855 304.16 300.144 300.002   300.002 
6.2 1644 1326.58 1067.02 693.106 358.983 304.473 300.162 300.002   300.002 
6.3 1644 1328.77 1070.68 697.836 361.127 304.799 300.182 300.002   300.002 
6.4 1644 1330.91 1074.26 702.487 363.285 305.139 300.204 300.002   300.002 
6.5 1644 1333.01 1077.77 707.063 365.457 305.491 300.228 300.002   300.002 
6.6 1644 1335.06 1081.21 711.561 367.642 305.857 300.254 300.002   300.002 
6.7 1644 1337.06 1084.58 715.981 369.839 306.235 300.282 300.002   300.002 
6.8 1644 1339.03 1087.88 720.324 372.048 306.627 300.312 300.002   300.002 
6.9 1644 1340.95 1091.11 724.592 374.267 307.031 300.344 300.002   300.002 
7 1644 1342.84 1094.29 728.786 376.495 307.448 300.379 300.002   300.002 
7.1 1644 1344.69 1097.4 732.91 378.732 307.878 300.416 300.002   300.002 
7.2 1644 1346.5 1100.45 736.966 380.978 308.32 300.456 300.002   300.002 
7.3 1644 1348.28 1103.45 740.955 383.231 308.775 300.498 300.002   300.002 
7.4 1644 1350.02 1106.39 744.875 385.491 309.242 300.543 300.002   300.002 
7.5 1644 1351.73 1109.28 748.731 387.757 309.722 300.591 300.002   300.002 
7.6 1644 1353.41 1112.12 752.522 390.029 310.213 300.641 300.002   300.002 
7.7 1644 1355.06 1114.9 756.25 392.305 310.717 300.695 300.002   300.002 
7.8 1644 1356.68 1117.63 759.917 394.587 311.232 300.751 300.002   300.002 
7.9 1644 1358.26 1120.32 763.523 396.873 311.76 300.811 300.002   300.002 
8 1644 1359.83 1122.97 767.073 399.163 312.298 300.873 300.003   300.002 
8.1 1644 1361.36 1125.57 770.566 401.455 312.848 300.939 300.003   300.002 
8.2 1644 1362.87 1128.12 774.004 403.749 313.409 301.009 300.003   300.002 
8.3 1644 1364.35 1130.63 777.39 406.045 313.982 301.081 300.003   300.002 
8.4 1644 1365.81 1133.1 780.723 408.344 314.565 301.157 300.003   300.002 
8.5 1644 1367.24 1135.53 784.005 410.646 315.159 301.237 300.003   300.002 
8.6 1644 1368.65 1137.92 787.237 412.947 315.764 301.319 300.004   300.002 
8.7 1644 1370.04 1140.28 790.418 415.249 316.379 301.406 300.004   300.002 
8.8 1644 1371.4 1142.59 793.552 417.55 317.004 301.496 300.004   300.002 
8.9 1644 1372.75 1144.87 796.641 419.85 317.64 301.59 300.004   300.002 
9 1644 1374.07 1147.12 799.687 422.152 318.285 301.687 300.005   300.002 
9.1 1644 1375.37 1149.33 802.692 424.455 318.94 301.789 300.005   300.002 
9.2 1644 1376.65 1151.5 805.656 426.756 319.605 301.894 300.006   300.002 
9.3 1644 1377.91 1153.65 808.58 429.056 320.279 302.003 300.006   300.002 
9.4 1644 1379.15 1155.77 811.463 431.352 320.962 302.115 300.006   300.002 
9.5 1644 1380.38 1157.85 814.307 433.646 321.655 302.232 300.007   300.002 
9.6 1644 1381.58 1159.9 817.112 435.935 322.356 302.353 300.008   300.002 
9.7 1644 1382.77 1161.93 819.879 438.223 323.066 302.477 300.008   300.002 
9.8 1644 1383.94 1163.92 822.611 440.509 323.785 302.606 300.009   300.002 
9.9 1644 1385.09 1165.89 825.308 442.792 324.512 302.738 300.01   300.002 
10 1644 1386.23 1167.83 827.974 445.07 325.247 302.875 300.011   300.002 
10.1 1644 1387.35 1169.74 830.609 447.343 325.991 303.016 300.012   300.002 
10.2 1644 1388.46 1171.63 833.213 449.611 326.742 303.16 300.013   300.002 
10.3 1644 1389.55 1173.49 835.786 451.873 327.501 303.309 300.014   300.002 
10.4 1644 1390.63 1175.33 838.329 454.129 328.268 303.462 300.015   300.002 
10.5 1644 1391.69 1177.14 840.843 456.378 329.042 303.619 300.016   300.002 
10.6 1644 1392.73 1178.93 843.326 458.621 329.824 303.78 300.017   300.002 
10.7 1644 1393.76 1180.69 845.781 460.856 330.613 303.946 300.019   300.002 
10.8 1644 1394.78 1182.44 848.209 463.086 331.408 304.115 300.021   300.002 
10.9 1644 1395.79 1184.16 850.61 465.308 332.211 304.289 300.022   300.002 
11 1644 1396.78 1185.86 852.987 467.524 333.02 304.466 300.024   300.002 
11.1 1644 1397.76 1187.54 855.338 469.732 333.836 304.648 300.026   300.002 
11.2 1644 1398.73 1189.2 857.665 471.932 334.659 304.834 300.028   300.002 
11.3 1644 1399.69 1190.84 859.968 474.124 335.487 305.024 300.03   300.002 
11.4 1644 1400.63 1192.46 862.249 476.306 336.322 305.219 300.033   300.002 
11.5 1644 1401.56 1194.06 864.507 478.48 337.163 305.417 300.035   300.002 
11.6 1644 1402.48 1195.64 866.743 480.646 338.01 305.62 300.038   300.002 
11.7 1644 1403.39 1197.2 868.957 482.804 338.862 305.827 300.04   300.002 
11.8 1644 1404.29 1198.74 871.149 484.953 339.72 306.037 300.043   300.002 
11.9 1644 1405.17 1200.27 873.319 487.094 340.584 306.252 300.047   300.002 
12 1644 1406.05 1201.78 875.469 489.227 341.452 306.471 300.05   300.002 
12.1 1644 1406.91 1203.27 877.599 491.351 342.327 306.695 300.053   300.002 
12.2 1644 1407.77 1204.74 879.709 493.466 343.206 306.922 300.057   300.002 
12.3 1644 1408.62 1206.2 881.801 495.572 344.09 307.153 300.061   300.002 
12.4 1644 1409.45 1207.64 883.874 497.67 344.979 307.388 300.065   300.002 
12.5 1644 1410.28 1209.07 885.928 499.758 345.873 307.628 300.07   300.002 
12.6 1644 1411.1 1210.48 887.965 501.838 346.772 307.871 300.074   300.002 
12.7 1644 1411.91 1211.88 889.986 503.909 347.675 308.118 300.079   300.002 
12.8 1644 1412.71 1213.26 891.99 505.97 348.582 308.37 300.084   300.002 
12.9 1644 1413.5 1214.62 893.977 508.023 349.494 308.625 300.089   300.002 
13 1644 1414.28 1215.98 895.946 510.066 350.41 308.884 300.095   300.002 
13.1 1644 1415.05 1217.32 897.899 512.1 351.33 309.147 300.101   300.002 
13.2 1644 1415.82 1218.64 899.834 514.125 352.254 309.414 300.107   300.002 
13.3 1644 1416.57 1219.95 901.753 516.141 353.182 309.685 300.113   300.002 
13.4 1644 1417.32 1221.25 903.655 518.149 354.114 309.96 300.12   300.002 
13.5 1644 1418.06 1222.53 905.543 520.147 355.049 310.239 300.127   300.002 
13.6 1644 1418.8 1223.8 907.415 522.137 355.988 310.521 300.134   300.002 
13.7 1644 1419.52 1225.06 909.273 524.118 356.931 310.807 300.142   300.002 
13.8 1644 1420.24 1226.31 911.116 526.088 357.877 311.097 300.15   300.002 
13.9 1644 1420.95 1227.54 912.945 528.048 358.826 311.391 300.158   300.002 
14 1644 1421.65 1228.76 914.763 530 359.779 311.688 300.166   300.002 
14.1 1644 1422.35 1229.97 916.568 531.942 360.734 311.989 300.175   300.002 
14.2 1644 1423.04 1231.17 918.36 533.876 361.693 312.293 300.184   300.002 
14.3 1644 1423.72 1232.35 920.139 535.801 362.655 312.602 300.194   300.002 
14.4 1644 1424.39 1233.53 921.903 537.717 363.619 312.914 300.204   300.002 
14.5 1644 1425.06 1234.69 923.652 539.624 364.587 313.229 300.214   300.002 
14.6 1644 1425.73 1235.85 925.388 541.523 365.557 313.548 300.225   300.002 
14.7 1644 1426.38 1236.99 927.109 543.413 366.529 313.87 300.236   300.002 
14.8 1644 1427.03 1238.13 928.818 545.294 367.505 314.196 300.248   300.002 
14.9 1644 1427.67 1239.25 930.514 547.166 368.483 314.526 300.26   300.002 
15 1644 1428.31 1240.36 932.197 549.028 369.463 314.858 300.272   300.002 
15.1 1644 1428.94 1241.46 933.868 550.882 370.445 315.195 300.285   300.002 
15.2 1644 1429.56 1242.56 935.528 552.728 371.43 315.534 300.298   300.002 
15.3 1644 1430.18 1243.64 937.177 554.565 372.417 315.877 300.312   300.002 
15.4 1644 1430.79 1244.72 938.815 556.393 373.406 316.223 300.326   300.002 
15.5 1644 1431.4 1245.78 940.444 558.213 374.397 316.573 300.341   300.002 
15.6 1644 1432 1246.83 942.061 560.024 375.391 316.925 300.356   300.002 
15.7 1644 1432.6 1247.88 943.669 561.828 376.386 317.281 300.371   300.002 
15.8 1644 1433.19 1248.92 945.266 563.622 377.383 317.641 300.387   300.002 
15.9 1644 1433.78 1249.94 946.851 565.409 378.382 318.003 300.404   300.002 
16 1644 1434.36 1250.96 948.424 567.187 379.382 318.368 300.42   300.002 
16.1 1644 1434.93 1251.97 949.984 568.958 380.385 318.737 300.438   300.002 
16.2 1644 1435.5 1252.97 951.532 570.721 381.388 319.108 300.456   300.002 
16.3 1644 1436.07 1253.97 953.07 572.476 382.394 319.483 300.474   300.002 
16.4 1644 1436.63 1254.95 954.596 574.223 383.401 319.861 300.493   300.002 
16.5 1644 1437.18 1255.93 956.113 575.962 384.409 320.241 300.513   300.002 
16.6 1644 1437.73 1256.89 957.619 577.693 385.419 320.625 300.533   300.002 
16.7 1644 1438.28 1257.85 959.116 579.416 386.43 321.011 300.554   300.002 
16.8 1644 1438.82 1258.81 960.604 581.13 387.443 321.401 300.575   300.002 
16.9 1644 1439.36 1259.75 962.082 582.837 388.457 321.793 300.597   300.002 
17 1644 1439.89 1260.69 963.551 584.536 389.472 322.188 300.619   300.002 
17.1 1644 1440.42 1261.62 965.012 586.226 390.488 322.586 300.642   300.002 
17.2 1644 1440.94 1262.55 966.464 587.909 391.505 322.987 300.665   300.002 
17.3 1644 1441.46 1263.46 967.908 589.583 392.523 323.39 300.689   300.002 
17.4 1644 1441.97 1264.37 969.343 591.251 393.542 323.796 300.714   300.002 
17.5 1644 1442.49 1265.27 970.769 592.911 394.562 324.205 300.739   300.002 
17.6 1644 1442.99 1266.17 972.184 594.564 395.583 324.617 300.765   300.002 
17.7 1644 1443.5 1267.06 973.588 596.209 396.605 325.031 300.792   300.002 
17.8 1644 1443.99 1267.94 974.982 597.846 397.628 325.447 300.819   300.002 
17.9 1644 1444.49 1268.82 976.365 599.476 398.652 325.867 300.846   300.002 
18 1644 1444.98 1269.68 977.739 601.098 399.676 326.289 300.875   300.002 
18.1 1644 1445.47 1270.55 979.104 602.712 400.702 326.713 300.904   300.002 
18.2 1644 1445.95 1271.4 980.46 604.318 401.727 327.14 300.933   300.002 
18.3 1644 1446.43 1272.25 981.808 605.917 402.754 327.569 300.964   300.002 
18.4 1644 1446.91 1273.09 983.148 607.508 403.781 328.001 300.994   300.002 
18.5 1644 1447.38 1273.93 984.48 609.091 404.808 328.435 301.026   300.002 
18.6 1644 1447.85 1274.75 985.803 610.667 405.835 328.872 301.058   300.002 
18.7 1644 1448.31 1275.58 987.119 612.234 406.863 329.31 301.091   300.002 
18.8 1644 1448.77 1276.39 988.427 613.793 407.892 329.752 301.125   300.002 
18.9 1644 1449.23 1277.2 989.728 615.345 408.921 330.195 301.159   300.002 
19 1644 1449.68 1278.01 991.022 616.89 409.951 330.641 301.194   300.002 
19.1 1644 1450.13 1278.81 992.309 618.428 410.982 331.089 301.23   300.002 
19.2 1644 1450.58 1279.6 993.589 619.958 412.012 331.539 301.266   300.002 
19.3 1644 1451.02 1280.39 994.862 621.481 413.043 331.992 301.303   300.002 
19.4 1644 1451.46 1281.17 996.126 622.996 414.074 332.446 301.341   300.002 
19.5 1644 1451.9 1281.95 997.381 624.504 415.105 332.903 301.379   300.002 
19.6 1644 1452.33 1282.72 998.628 626.005 416.136 333.362 301.418   300.002 
19.7 1644 1452.76 1283.49 999.866 627.498 417.167 333.823 301.458   300.002 
19.8 1644 1453.19 1284.25 1001.1 628.984 418.198 334.286 301.499   300.002 
19.9 1644 1453.61 1285.01 1002.32 630.462 419.229 334.751 301.54   300.002 
20 1644 1454.03 1285.76 1003.53 631.933 420.26 335.218 301.582   300.002 
20.1 1644 1454.45 1286.51 1004.73 633.396 421.292 335.687 301.625   300.002 
20.2 1644 1454.87 1287.25 1005.93 634.852 422.324 336.158 301.669   300.002 
20.3 1644 1455.28 1287.99 1007.12 636.3 423.356 336.631 301.713   300.002 
20.4 1644 1455.69 1288.72 1008.31 637.742 424.388 337.106 301.758   300.002 
20.5 1644 1456.1 1289.45 1009.49 639.176 425.42 337.583 301.804   300.002 
20.6 1644 1456.5 1290.17 1010.66 640.603 426.452 338.062 301.85   300.002 
20.7 1644 1456.9 1290.89 1011.82 642.023 427.484 338.542 301.898   300.002 
20.8 1644 1457.3 1291.6 1012.98 643.436 428.515 339.025 301.946   300.002 
20.9 1644 1457.69 1292.31 1014.13 644.842 429.545 339.509 301.994   300.002 
21 1644 1458.09 1293.01 1015.27 646.241 430.576 339.995 302.044   300.002 
21.1 1644 1458.48 1293.71 1016.41 647.633 431.605 340.483 302.094   300.002 
21.2 1644 1458.86 1294.4 1017.54 649.018 432.634 340.972 302.145   300.002 
21.3 1644 1459.25 1295.09 1018.67 650.395 433.663 341.463 302.197   300.002 
21.4 1644 1459.63 1295.77 1019.79 651.766 434.692 341.956 302.25   300.002 
21.5 1644 1460.01 1296.45 1020.91 653.129 435.721 342.451 302.304   300.002 
21.6 1644 1460.39 1297.13 1022.01 654.486 436.75 342.947 302.358   300.002 
21.7 1644 1460.76 1297.8 1023.11 655.835 437.779 343.445 302.413   300.002 
21.8 1644 1461.14 1298.47 1024.21 657.178 438.807 343.944 302.469   300.002 
21.9 1644 1461.51 1299.13 1025.29 658.515 439.834 344.445 302.525   300.002 
22 1644 1461.87 1299.79 1026.37 659.845 440.861 344.948 302.583   300.002 
22.1 1644 1462.24 1300.44 1027.44 661.168 441.887 345.452 302.641   300.002 
22.2 1644 1462.6 1301.09 1028.51 662.485 442.912 345.958 302.7   300.002 
22.3 1644 1462.96 1301.74 1029.57 663.795 443.937 346.465 302.76   300.002 
22.4 1644 1463.32 1302.38 1030.62 665.097 444.961 346.973 302.82   300.002 
22.5 1644 1463.68 1303.02 1031.67 666.394 445.983 347.483 302.882   300.002 
22.6 1644 1464.03 1303.65 1032.71 667.683 447.005 347.995 302.944   300.002 
22.7 1644 1464.38 1304.28 1033.75 668.965 448.026 348.508 303.007   300.002 
22.8 1644 1464.73 1304.91 1034.78 670.241 449.046 349.022 303.071   300.002 
22.9 1644 1465.07 1305.53 1035.81 671.51 450.065 349.538 303.135   300.002 
23 1644 1465.42 1306.15 1036.83 672.773 451.082 350.055 303.201   300.002 
23.1 1644 1465.76 1306.77 1037.84 674.029 452.099 350.574 303.267   300.002 
23.2 1644 1466.1 1307.38 1038.85 675.278 453.115 351.093 303.334   300.002 
23.3 1644 1466.44 1307.99 1039.85 676.52 454.129 351.614 303.402   300.002 
23.4 1644 1466.78 1308.59 1040.85 677.756 455.143 352.137 303.471   300.002 
23.5 1644 1467.11 1309.2 1041.84 678.986 456.155 352.66 303.54   300.002 
23.6 1644 1467.44 1309.79 1042.83 680.21 457.167 353.185 303.61   300.002 
23.7 1644 1467.77 1310.39 1043.81 681.428 458.177 353.712 303.682   300.002 
23.8 1644 1468.1 1310.98 1044.79 682.639 459.186 354.239 303.754   300.002 
23.9 1644 1468.43 1311.57 1045.76 683.845 460.194 354.767 303.826   300.002 
24 1644 1468.75 1312.16 1046.73 685.044 461.2 355.297 303.9   300.002 
24.1 1644 1469.07 1312.74 1047.69 686.237 462.206 355.828 303.974   300.002 
24.2 1644 1469.4 1313.32 1048.65 687.423 463.21 356.36 304.05   300.002 
24.3 1644 1469.71 1313.89 1049.6 688.603 464.213 356.894 304.126   300.002 
24.4 1644 1470.03 1314.46 1050.54 689.777 465.214 357.428 304.203   300.002 
24.5 1644 1470.35 1315.03 1051.48 690.944 466.213 357.963 304.28   300.002 
24.6 1644 1470.66 1315.6 1052.41 692.105 467.211 358.5 304.359   300.002 
24.7 1644 1470.97 1316.16 1053.34 693.26 468.206 359.037 304.438   300.002 
24.8 1644 1471.28 1316.72 1054.26 694.408 469.201 359.576 304.519   300.002 
24.9 1644 1471.59 1317.27 1055.18 695.55 470.194 360.116 304.6   300.002 
25 1644 1471.89 1317.83 1056.1 696.687 471.185 360.657 304.681   300.002 
25.1 1644 1472.2 1318.38 1057 697.817 472.176 361.198 304.764   300.002 
25.2 1644 1472.5 1318.92 1057.91 698.941 473.164 361.741 304.848   300.002 
25.3 1644 1472.8 1319.47 1058.81 700.059 474.151 362.285 304.932   300.002 
25.4 1644 1473.1 1320.01 1059.71 701.171 475.137 362.829 305.017   300.002 
25.5 1644 1473.4 1320.54 1060.6 702.278 476.121 363.375 305.103   300.002 
25.6 1644 1473.69 1321.08 1061.48 703.379 477.104 363.922 305.19   300.002 
25.7 1644 1473.99 1321.61 1062.37 704.475 478.085 364.469 305.278   300.002 
25.8 1644 1474.28 1322.13 1063.25 705.564 479.065 365.017 305.366   300.002 
25.9 1644 1474.57 1322.66 1064.12 706.649 480.044 365.567 305.455   300.002 
26 1644 1474.86 1323.18 1064.99 707.727 481.02 366.117 305.545   300.002 
26.1 1644 1475.14 1323.7 1065.86 708.8 481.996 366.668 305.636   300.002 
26.2 1644 1475.43 1324.22 1066.72 709.867 482.969 367.22 305.728   300.002 
26.3 1644 1475.71 1324.73 1067.58 710.928 483.941 367.773 305.821   300.002 
26.4 1644 1475.99 1325.25 1068.43 711.984 484.911 368.326 305.914   300.002 
26.5 1644 1476.27 1325.76 1069.28 713.034 485.879 368.88 306.008   300.002 
26.6 1644 1476.55 1326.26 1070.13 714.079 486.846 369.436 306.103   300.002 
26.7 1644 1476.83 1326.77 1070.97 715.118 487.811 369.991 306.199   300.002 
26.8 1644 1477.11 1327.27 1071.81 716.152 488.774 370.548 306.296   300.002 
26.9 1644 1477.39 1327.77 1072.64 717.18 489.736 371.106 306.393   300.002 
27 1644 1477.66 1328.27 1073.46 718.203 490.696 371.664 306.491   300.002 
27.1 1644 1477.93 1328.76 1074.28 719.22 491.654 372.223 306.59   300.002 
27.2 1644 1478.2 1329.26 1075.1 720.231 492.611 372.782 306.69   300.002 
27.3 1644 1478.47 1329.75 1075.91 721.238 493.566 373.343 306.791   300.002 
27.4 1644 1478.74 1330.24 1076.72 722.24 494.519 373.904 306.893   300.002 
27.5 1644 1479.01 1330.72 1077.53 723.236 495.471 374.466 306.995   300.002 
27.6 1644 1479.28 1331.2 1078.33 724.228 496.421 375.028 307.098   300.002 
27.7 1644 1479.54 1331.68 1079.12 725.214 497.369 375.591 307.202   300.002 
27.8 1644 1479.8 1332.16 1079.92 726.196 498.316 376.155 307.307   300.002 
27.9 1644 1480.07 1332.64 1080.71 727.172 499.261 376.719 307.412   300.002 
28 1644 1480.33 1333.11 1081.49 728.144 500.204 377.284 307.519   300.002 
28.1 1644 1480.59 1333.58 1082.27 729.111 501.146 377.85 307.626   300.002 
28.2 1644 1480.84 1334.05 1083.05 730.073 502.086 378.416 307.734   300.002 
28.3 1644 1481.1 1334.51 1083.83 731.03 503.024 378.983 307.842   300.002 
28.4 1644 1481.35 1334.97 1084.6 731.983 503.96 379.55 307.952   300.002 
28.5 1644 1481.61 1335.43 1085.37 732.93 504.895 380.118 308.062   300.002 
28.6 1644 1481.86 1335.89 1086.13 733.873 505.828 380.687 308.173   300.002 
28.7 1644 1482.11 1336.35 1086.9 734.812 506.759 381.256 308.285   300.002 
28.8 1644 1482.36 1336.8 1087.66 735.745 507.688 381.826 308.398   300.002 
28.9 1644 1482.61 1337.25 1088.41 736.674 508.615 382.396 308.512   300.002 
29 1644 1482.86 1337.7 1089.16 737.599 509.541 382.967 308.626   300.002 
29.1 1644 1483.1 1338.15 1089.91 738.519 510.464 383.538 308.741   300.002 
29.2 1644 1483.35 1338.59 1090.66 739.434 511.386 384.11 308.857   300.002 
29.3 1644 1483.59 1339.04 1091.4 740.345 512.307 384.682 308.974   300.002 
29.4 1644 1483.83 1339.48 1092.14 741.251 513.225 385.255 309.091   300.002 
29.5 1644 1484.07 1339.92 1092.88 742.153 514.142 385.828 309.209   300.002 
29.6 1644 1484.31 1340.35 1093.61 743.051 515.057 386.401 309.328   300.002 
29.7 1644 1484.55 1340.79 1094.34 743.945 515.971 386.975 309.448   300.002 
29.8 1644 1484.79 1341.22 1095.07 744.834 516.882 387.55 309.568   300.002 
29.9 1644 1485.03 1341.65 1095.79 745.719 517.792 388.125 309.69   300.002 
30 1644 1485.26 1342.08 1096.51 746.599 518.7 388.7 309.812   300.002 
30.1 1644 1485.5 1342.51 1097.22 747.476 519.607 389.276 309.935   300.002 
30.2 1644 1485.73 1342.93 1097.93 748.349 520.511 389.852 310.058   300.002 
30.3 1644 1485.96 1343.35 1098.63 749.217 521.414 390.429 310.183   300.002 
30.4 1644 1486.19 1343.78 1099.34 750.082 522.316 391.006 310.308   300.002 
30.5 1644 1486.42 1344.19 1100.04 750.942 523.215 391.583 310.434   300.002 
30.6 1644 1486.65 1344.61 1100.73 751.799 524.112 392.161 310.56   300.002 
30.7 1644 1486.88 1345.03 1101.43 752.652 525.008 392.739 310.688   300.002 
30.8 1644 1487.1 1345.44 1102.12 753.5 525.901 393.318 310.816   300.002 
30.9 1644 1487.33 1345.85 1102.81 754.345 526.792 393.897 310.945   300.002 
31 1644 1487.55 1346.26 1103.49 755.187 527.682 394.476 311.074   300.002 
31.1 1644 1487.78 1346.67 1104.17 756.024 528.57 395.056 311.205   300.002 
31.2 1644 1488 1347.08 1104.85 756.858 529.456 395.635 311.336   300.002 
31.3 1644 1488.22 1347.48 1105.53 757.688 530.34 396.216 311.468   300.002 
31.4 1644 1488.44 1347.89 1106.2 758.514 531.222 396.796 311.6   300.003 
31.5 1644 1488.66 1348.29 1106.87 759.337 532.103 397.377 311.734   300.003 
31.6 1644 1488.88 1348.69 1107.54 760.157 532.982 397.958 311.868   300.003 
31.7 1644 1489.1 1349.08 1108.2 760.972 533.859 398.539 312.003   300.003 
31.8 1644 1489.31 1349.48 1108.87 761.784 534.735 399.12 312.138   300.003 
31.9 1644 1489.53 1349.87 1109.53 762.593 535.609 399.702 312.274   300.003 
32 1644 1489.74 1350.27 1110.18 763.399 536.481 400.284 312.411   300.003 
32.1 1644 1489.96 1350.66 1110.84 764.201 537.351 400.867 312.549   300.003 
32.2 1644 1490.17 1351.05 1111.49 765 538.22 401.45 312.687   300.003 
32.3 1644 1490.38 1351.43 1112.14 765.796 539.086 402.033 312.827   300.003 
32.4 1644 1490.59 1351.82 1112.79 766.587 539.952 402.616 312.966   300.003 
32.5 1644 1490.8 1352.2 1113.43 767.376 540.815 403.199 313.107   300.003 
32.6 1644 1491.01 1352.59 1114.08 768.161 541.676 403.783 313.248   300.003 
32.7 1644 1491.22 1352.97 1114.72 768.944 542.536 404.367 313.39   300.003 
32.8 1644 1491.42 1353.35 1115.35 769.723 543.393 404.951 313.533   300.003 
32.9 1644 1491.63 1353.72 1115.99 770.498 544.249 405.536 313.677   300.003 
33 1644 1491.84 1354.1 1116.62 771.27 545.102 406.12 313.821   300.003 
33.1 1644 1492.04 1354.47 1117.25 772.039 545.954 406.705 313.965   300.003 
33.2 1644 1492.24 1354.85 1117.87 772.805 546.804 407.29 314.111   300.003 
33.3 1644 1492.45 1355.22 1118.49 773.568 547.652 407.874 314.257   300.003 
33.4 1644 1492.65 1355.59 1119.11 774.328 548.499 408.46 314.404   300.003 
33.5 1644 1492.85 1355.95 1119.73 775.085 549.343 409.045 314.552   300.003 
33.6 1644 1493.05 1356.32 1120.34 775.839 550.186 409.63 314.7   300.003 
33.7 1644 1493.25 1356.69 1120.95 776.59 551.028 410.215 314.849   300.003 
33.8 1644 1493.45 1357.05 1121.56 777.338 551.867 410.801 314.999   300.003 
33.9 1644 1493.64 1357.41 1122.17 778.083 552.705 411.387 315.149   300.003 
34 1644 1493.84 1357.77 1122.77 778.825 553.542 411.973 315.3   300.003 
34.1 1644 1494.03 1358.13 1123.38 779.565 554.376 412.559 315.452   300.003 
34.2 1644 1494.23 1358.48 1123.97 780.301 555.209 413.146 315.604   300.003 
34.3 1644 1494.42 1358.84 1124.57 781.035 556.04 413.732 315.757   300.003 
34.4 1644 1494.62 1359.19 1125.17 781.767 556.869 414.319 315.911   300.003 
34.5 1644 1494.81 1359.55 1125.76 782.495 557.696 414.906 316.065   300.003 
34.6 1644 1495 1359.9 1126.35 783.222 558.522 415.493 316.22   300.004 
34.7 1644 1495.19 1360.25 1126.93 783.945 559.346 416.08 316.376   300.004 
34.8 1644 1495.38 1360.6 1127.52 784.666 560.168 416.667 316.532   300.004 
34.9 1644 1495.57 1360.94 1128.1 785.384 560.988 417.254 316.689   300.004 
35 1644 1495.76 1361.29 1128.68 786.1 561.807 417.841 316.847   300.004 
35.1 1644 1495.95 1361.63 1129.26 786.813 562.624 418.428 317.005   300.004 
35.2 1644 1496.13 1361.98 1129.84 787.524 563.44 419.015 317.164   300.004 
35.3 1644 1496.32 1362.32 1130.41 788.233 564.254 419.603 317.323   300.004 
35.4 1644 1496.5 1362.66 1130.98 788.939 565.066 420.19 317.483   300.004 
35.5 1644 1496.69 1363 1131.55 789.642 565.877 420.777 317.644   300.004 
35.6 1644 1496.87 1363.34 1132.12 790.343 566.686 421.364 317.806   300.004 
35.7 1644 1497.06 1363.67 1132.69 791.041 567.493 421.951 317.968   300.004 
35.8 1644 1497.24 1364.01 1133.25 791.736 568.299 422.538 318.131   300.004 
35.9 1644 1497.42 1364.34 1133.82 792.429 569.103 423.125 318.294   300.004 
36 1644 1497.6 1364.68 1134.38 793.12 569.905 423.713 318.458   300.004 
36.1 1644 1497.78 1365.01 1134.93 793.808 570.705 424.301 318.623   300.004 
36.2 1644 1497.96 1365.34 1135.49 794.495 571.504 424.889 318.788   300.005 
36.3 1644 1498.14 1365.67 1136.04 795.178 572.301 425.477 318.954   300.005 
36.4 1644 1498.32 1365.99 1136.59 795.859 573.097 426.065 319.12   300.005 
36.5 1644 1498.5 1366.32 1137.14 796.538 573.89 426.653 319.287   300.005 
36.6 1644 1498.67 1366.65 1137.69 797.215 574.682 427.241 319.455   300.005 
36.7 1644 1498.85 1366.97 1138.23 797.889 575.472 427.829 319.623   300.005 
36.8 1644 1499.03 1367.29 1138.78 798.561 576.26 428.417 319.792   300.005 
36.9 1644 1499.2 1367.62 1139.31 799.231 577.047 429.005 319.962   300.005 
37 1644 1499.38 1367.94 1139.85 799.898 577.831 429.592 320.132   300.005 
37.1 1644 1499.55 1368.26 1140.39 800.564 578.614 430.18 320.303   300.005 
37.2 1644 1499.72 1368.57 1140.92 801.227 579.395 430.768 320.474   300.005 
37.3 1644 1499.89 1368.89 1141.45 801.889 580.175 431.355 320.646   300.006 
37.4 1644 1500.07 1369.21 1141.98 802.548 580.953 431.942 320.818   300.006 
37.5 1644 1500.24 1369.52 1142.51 803.205 581.73 432.53 320.992   300.006 
37.6 1644 1500.41 1369.83 1143.04 803.86 582.505 433.117 321.165   300.006 
37.7 1644 1500.58 1370.14 1143.56 804.513 583.279 433.704 321.34   300.006 
37.8 1644 1500.74 1370.45 1144.09 805.164 584.052 434.29 321.514   300.006 
37.9 1644 1500.91 1370.76 1144.61 805.813 584.822 434.877 321.69   300.006 
38 1644 1501.08 1371.07 1145.12 806.461 585.591 435.464 321.866   300.006 
38.1 1644 1501.25 1371.38 1145.64 807.107 586.358 436.05 322.042   300.006 
38.2 1644 1501.41 1371.69 1146.16 807.75 587.124 436.637 322.219   300.007 
38.3 1644 1501.58 1371.99 1146.67 808.392 587.888 437.223 322.397   300.007 
38.4 1644 1501.74 1372.29 1147.18 809.031 588.65 437.81 322.575   300.007 
38.5 1644 1501.91 1372.6 1147.69 809.669 589.411 438.397 322.754   300.007 
38.6 1644 1502.07 1372.9 1148.2 810.304 590.169 438.983 322.934   300.007 
38.7 1644 1502.23 1373.2 1148.71 810.938 590.927 439.569 323.114   300.007 
38.8 1644 1502.4 1373.5 1149.21 811.57 591.682 440.156 323.294   300.007 
38.9 1644 1502.56 1373.79 1149.71 812.201 592.435 440.742 323.475   300.008 
39 1644 1502.72 1374.09 1150.21 812.829 593.187 441.328 323.657   300.008 
39.1 1644 1502.88 1374.39 1150.71 813.455 593.937 441.913 323.839   300.008 
39.2 1644 1503.04 1374.68 1151.21 814.08 594.685 442.499 324.022   300.008 
39.3 1644 1503.2 1374.98 1151.71 814.703 595.432 443.084 324.205   300.008 
39.4 1644 1503.36 1375.27 1152.2 815.324 596.176 443.669 324.389   300.008 
39.5 1644 1503.52 1375.56 1152.69 815.943 596.919 444.254 324.573   300.009 
39.6 1644 1503.68 1375.85 1153.18 816.56 597.66 444.839 324.758   300.009 
39.7 1644 1503.83 1376.14 1153.67 817.175 598.4 445.423 324.943   300.009 
39.8 1644 1503.99 1376.43 1154.16 817.789 599.137 446.007 325.129   300.009 
39.9 1644 1504.15 1376.72 1154.65 818.401 599.873 446.591 325.316   300.009 
40 1644 1504.3 1377.01 1155.13 819.011 600.608 447.175 325.503   300.01 
40.1 1644 1504.46 1377.3 1155.61 819.62 601.34 447.758 325.69   300.01 
40.2 1644 1504.61 1377.58 1156.09 820.227 602.072 448.341 325.878   300.01 
40.3 1644 1504.76 1377.86 1156.57 820.832 602.801 448.924 326.067   300.01 
40.4 1644 1504.92 1378.15 1157.05 821.435 603.53 449.507 326.256   300.01 
40.5 1644 1505.07 1378.43 1157.52 822.037 604.256 450.089 326.445   300.011 
40.6 1644 1505.22 1378.71 1158 822.637 604.981 450.671 326.635   300.011 
40.7 1644 1505.38 1378.99 1158.47 823.235 605.704 451.252 326.826   300.011 
40.8 1644 1505.53 1379.27 1158.94 823.831 606.425 451.833 327.017   300.011 
40.9 1644 1505.68 1379.55 1159.41 824.427 607.145 452.414 327.208   300.012 
41 1644 1505.83 1379.83 1159.87 825.02 607.863 452.995 327.401   300.012 
41.1 1644 1505.98 1380.1 1160.34 825.612 608.579 453.575 327.593   300.012 
41.2 1644 1506.13 1380.38 1160.8 826.203 609.294 454.155 327.786   300.012 
41.3 1644 1506.28 1380.65 1161.26 826.792 610.007 454.734 327.98   300.013 
41.4 1644 1506.42 1380.93 1161.72 827.379 610.718 455.313 328.174   300.013 
41.5 1644 1506.57 1381.2 1162.18 827.965 611.428 455.892 328.368   300.013 
41.6 1644 1506.72 1381.47 1162.64 828.549 612.135 456.471 328.564   300.013 
41.7 1644 1506.87 1381.74 1163.1 829.131 612.841 457.049 328.759   300.014 
41.8 1644 1507.01 1382.01 1163.55 829.712 613.544 457.627 328.955   300.014 
41.9 1644 1507.16 1382.28 1164 830.292 614.246 458.205 329.152   300.014 
42 1644 1507.3 1382.55 1164.46 830.87 614.947 458.782 329.349   300.015 
42.1 1644 1507.45 1382.82 1164.91 831.447 615.645 459.359 329.546   300.015 
42.2 1644 1507.59 1383.08 1165.36 832.023 616.342 459.935 329.744   300.015 
42.3 1644 1507.73 1383.35 1165.8 832.597 617.037 460.511 329.942   300.016 
42.4 1644 1507.88 1383.61 1166.25 833.169 617.73 461.087 330.141   300.016 
42.5 1644 1508.02 1383.88 1166.69 833.74 618.422 461.663 330.34   300.016 
42.6 1644 1508.16 1384.14 1167.14 834.309 619.112 462.238 330.54   300.017 
42.7 1644 1508.3 1384.4 1167.58 834.877 619.8 462.813 330.74   300.017 
42.8 1644 1508.45 1384.66 1168.02 835.444 620.486 463.387 330.941   300.017 
42.9 1644 1508.59 1384.92 1168.46 836.01 621.171 463.961 331.142   300.018 
43 1644 1508.73 1385.18 1168.9 836.574 621.855 464.535 331.344   300.018 
43.1 1644 1508.87 1385.44 1169.34 837.136 622.536 465.108 331.546   300.018 
43.2 1644 1509.01 1385.7 1169.77 837.697 623.216 465.681 331.749   300.019 
43.3 1644 1509.14 1385.95 1170.21 838.257 623.895 466.253 331.951   300.019 
43.4 1644 1509.28 1386.21 1170.64 838.816 624.571 466.824 332.155   300.02 
43.5 1644 1509.42 1386.46 1171.07 839.373 625.246 467.395 332.359   300.02 
43.6 1644 1509.56 1386.72 1171.5 839.929 625.919 467.965 332.563   300.02 
43.7 1644 1509.69 1386.97 1171.93 840.484 626.591 468.535 332.768   300.021 
43.8 1644 1509.83 1387.22 1172.36 841.037 627.261 469.104 332.973   300.021 
43.9 1644 1509.97 1387.47 1172.78 841.588 627.929 469.673 333.179   300.022 
44 1644 1510.1 1387.73 1173.21 842.138 628.596 470.242 333.385   300.022 
44.1 1644 1510.24 1387.98 1173.63 842.687 629.261 470.81 333.591   300.023 
44.2 1644 1510.37 1388.22 1174.05 843.235 629.924 471.378 333.798   300.023 
44.3 1644 1510.51 1388.47 1174.47 843.781 630.585 471.945 334.005   300.024 
44.4 1644 1510.64 1388.72 1174.89 844.326 631.245 472.512 334.213   300.024 
44.5 1644 1510.78 1388.97 1175.31 844.87 631.902 473.078 334.421   300.025 
44.6 1644 1510.91 1389.21 1175.73 845.412 632.558 473.644 334.63   300.025 
44.7 1644 1511.04 1389.46 1176.14 845.953 633.212 474.21 334.839   300.026 
44.8 1644 1511.17 1389.7 1176.56 846.493 633.865 474.775 335.048   300.026 
44.9 1644 1511.3 1389.95 1176.97 847.031 634.515 475.339 335.258   300.027 
45 1644 1511.44 1390.19 1177.38 847.568 635.164 475.904 335.468   300.027 
45.1 1644 1511.57 1390.43 1177.79 848.104 635.812 476.468 335.679   300.028 
45.2 1644 1511.7 1390.68 1178.2 848.639 636.457 477.031 335.89   300.028 
45.3 1644 1511.83 1390.92 1178.6 849.172 637.101 477.594 336.101   300.029 
45.4 1644 1511.96 1391.16 1179.01 849.704 637.743 478.157 336.313   300.03 
45.5 1644 1512.09 1391.4 1179.41 850.235 638.383 478.719 336.525   300.03 
45.6 1644 1512.21 1391.64 1179.82 850.765 639.022 479.28 336.738   300.031 
45.7 1644 1512.34 1391.87 1180.22 851.293 639.659 479.842 336.951   300.031 
45.8 1644 1512.47 1392.11 1180.62 851.821 640.295 480.402 337.165   300.032 
45.9 1644 1512.6 1392.35 1181.02 852.347 640.929 480.963 337.378   300.033 
46 1644 1512.73 1392.58 1181.42 852.872 641.561 481.522 337.593   300.033 
46.1 1644 1512.85 1392.82 1181.82 853.396 642.192 482.081 337.807   300.034 
46.2 1644 1512.98 1393.05 1182.21 853.918 642.82 482.64 338.022   300.035 
46.3 1644 1513.11 1393.29 1182.61 854.44 643.448 483.197 338.238   300.035 
46.4 1644 1513.23 1393.52 1183 854.96 644.073 483.755 338.453   300.036 
46.5 1644 1513.36 1393.75 1183.39 855.48 644.697 484.312 338.67   300.037 
46.6 1644 1513.48 1393.98 1183.79 855.998 645.319 484.868 338.886   300.037 
46.7 1644 1513.61 1394.21 1184.18 856.516 645.94 485.424 339.103   300.038 
46.8 1644 1513.73 1394.44 1184.57 857.032 646.559 485.979 339.32   300.039 
46.9 1644 1513.85 1394.67 1184.95 857.547 647.176 486.534 339.538   300.04 
47 1644 1513.98 1394.9 1185.34 858.061 647.792 487.088 339.756   300.04 
47.1 1644 1514.1 1395.13 1185.73 858.574 648.406 487.642 339.974   300.041 
47.2 1644 1514.22 1395.36 1186.11 859.085 649.018 488.195 340.193   300.042 
47.3 1644 1514.34 1395.58 1186.5 859.596 649.629 488.748 340.412   300.043 
47.4 1644 1514.47 1395.81 1186.88 860.105 650.238 489.3 340.631   300.043 
47.5 1644 1514.59 1396.03 1187.26 860.614 650.846 489.852 340.851   300.044 
47.6 1644 1514.71 1396.26 1187.64 861.121 651.452 490.403 341.071   300.045 
47.7 1644 1514.83 1396.48 1188.02 861.628 652.056 490.954 341.292   300.046 
47.8 1644 1514.95 1396.71 1188.4 862.133 652.659 491.505 341.513   300.047 
47.9 1644 1515.07 1396.93 1188.78 862.637 653.26 492.055 341.734   300.048 
48 1644 1515.19 1397.15 1189.16 863.14 653.859 492.604 341.956   300.049 
48.1 1644 1515.31 1397.37 1189.53 863.642 654.457 493.153 342.178   300.049 
48.2 1644 1515.43 1397.59 1189.91 864.143 655.053 493.701 342.4   300.05 
48.3 1644 1515.55 1397.81 1190.28 864.643 655.648 494.249 342.623   300.051 
48.4 1644 1515.67 1398.03 1190.65 865.142 656.241 494.797 342.845   300.052 
48.5 1644 1515.78 1398.25 1191.03 865.639 656.832 495.344 343.069   300.053 
48.6 1644 1515.9 1398.47 1191.4 866.136 657.422 495.89 343.292   300.054 
48.7 1644 1516.02 1398.69 1191.77 866.631 658.01 496.436 343.516   300.055 
48.8 1644 1516.13 1398.9 1192.13 867.126 658.596 496.981 343.741   300.056 
48.9 1644 1516.25 1399.12 1192.5 867.619 659.181 497.526 343.965   300.057 
49 1644 1516.37 1399.34 1192.87 868.112 659.764 498.07 344.19   300.058 
49.1 1644 1516.48 1399.55 1193.23 868.603 660.346 498.614 344.416   300.059 
49.2 1644 1516.6 1399.77 1193.6 869.093 660.926 499.157 344.641   300.06 
49.3 1644 1516.71 1399.98 1193.96 869.583 661.505 499.699 344.867   300.061 
49.4 1644 1516.83 1400.19 1194.32 870.071 662.081 500.241 345.094   300.063 
49.5 1644 1516.94 1400.4 1194.68 870.558 662.657 500.782 345.32   300.064 
49.6 1644 1517.06 1400.62 1195.04 871.045 663.23 501.323 345.547   300.065 
49.7 1644 1517.17 1400.83 1195.4 871.53 663.803 501.863 345.774   300.066 
49.8 1644 1517.28 1401.04 1195.76 872.015 664.373 502.402 346.002   300.067 
49.9 1644 1517.4 1401.25 1196.12 872.499 664.942 502.942 346.23   300.068 
50 1644 1517.51 1401.46 1196.47 872.981 665.509 503.48 346.458   300.069 
50.1 1644 1517.62 1401.67 1196.83 873.463 666.075 504.018 346.686   300.071 
50.2 1644 1517.74 1401.88 1197.18 873.943 666.639 504.556 346.915   300.072 
50.3 1644 1517.85 1402.08 1197.54 874.423 667.202 505.092 347.144   300.073 
50.4 1644 1517.96 1402.29 1197.89 874.902 667.763 505.629 347.374   300.074 
50.5 1644 1518.07 1402.5 1198.24 875.38 668.323 506.165 347.603   300.076 
50.6 1644 1518.18 1402.7 1198.59 875.857 668.881 506.7 347.833   300.077 
50.7 1644 1518.29 1402.91 1198.94 876.333 669.437 507.235 348.064   300.078 
50.8 1644 1518.4 1403.11 1199.29 876.809 669.993 507.769 348.294   300.08 
50.9 1644 1518.51 1403.32 1199.64 877.283 670.546 508.303 348.525   300.081 
51 1644 1518.62 1403.52 1199.98 877.757 671.099 508.836 348.757   300.082 
51.1 1644 1518.73 1403.73 1200.33 878.229 671.649 509.369 348.988   300.084 
51.2 1644 1518.84 1403.93 1200.67 878.701 672.199 509.901 349.22   300.085 
51.3 1644 1518.95 1404.13 1201.02 879.172 672.747 510.433 349.452   300.086 
51.4 1644 1519.06 1404.33 1201.36 879.642 673.293 510.964 349.684   300.088 
51.5 1644 1519.17 1404.53 1201.7 880.111 673.838 511.495 349.917   300.089 
51.6 1644 1519.27 1404.73 1202.04 880.579 674.381 512.025 350.15   300.091 
51.7 1644 1519.38 1404.93 1202.38 881.047 674.923 512.554 350.383   300.092 
51.8 1644 1519.49 1405.13 1202.72 881.514 675.463 513.083 350.617   300.094 
51.9 1644 1519.6 1405.33 1203.06 881.979 676.002 513.611 350.851   300.095 
52 1644 1519.7 1405.53 1203.4 882.444 676.539 514.138 351.085   300.097 
52.1 1644 1519.81 1405.73 1203.74 882.908 677.075 514.665 351.319   300.098 
52.2 1644 1519.91 1405.92 1204.07 883.371 677.609 515.192 351.554   300.1 
52.3 1644 1520.02 1406.12 1204.41 883.833 678.142 515.718 351.789   300.102 
52.4 1644 1520.13 1406.32 1204.74 884.295 678.673 516.243 352.024   300.103 
52.5 1644 1520.23 1406.51 1205.07 884.755 679.203 516.767 352.259   300.105 
52.6 1644 1520.34 1406.71 1205.41 885.215 679.731 517.291 352.495   300.107 
52.7 1644 1520.44 1406.9 1205.74 885.673 680.258 517.815 352.731   300.108 
52.8 1644 1520.55 1407.1 1206.07 886.131 680.783 518.338 352.967   300.11 
52.9 1644 1520.65 1407.29 1206.4 886.588 681.307 518.86 353.204   300.112 
53 1644 1520.75 1407.48 1206.73 887.044 681.829 519.382 353.441   300.114 
53.1 1644 1520.86 1407.68 1207.06 887.499 682.35 519.903 353.678   300.115 
53.2 1644 1520.96 1407.87 1207.38 887.954 682.87 520.424 353.915   300.117 
53.3 1644 1521.06 1408.06 1207.71 888.407 683.388 520.944 354.152   300.119 
53.4 1644 1521.17 1408.25 1208.04 888.86 683.905 521.463 354.39   300.121 
53.5 1644 1521.27 1408.44 1208.36 889.312 684.42 521.982 354.628   300.123 
53.6 1644 1521.37 1408.63 1208.68 889.763 684.934 522.501 354.867   300.125 
53.7 1644 1521.47 1408.82 1209.01 890.213 685.446 523.018 355.105   300.127 
53.8 1644 1521.57 1409.01 1209.33 890.662 685.957 523.536 355.344   300.129 
53.9 1644 1521.67 1409.2 1209.65 891.111 686.467 524.052 355.583   300.131 
54 1644 1521.78 1409.38 1209.97 891.559 686.975 524.569 355.823   300.133 
54.1 1644 1521.88 1409.57 1210.29 892.006 687.482 525.084 356.062   300.135 
54.2 1644 1521.98 1409.76 1210.61 892.452 687.987 525.599 356.302   300.137 
54.3 1644 1522.08 1409.95 1210.93 892.897 688.491 526.114 356.542   300.139 
54.4 1644 1522.18 1410.13 1211.25 893.342 688.994 526.628 356.782   300.141 
54.5 1644 1522.28 1410.32 1211.56 893.785 689.495 527.142 357.023   300.143 
54.6 1644 1522.38 1410.5 1211.88 894.228 689.995 527.655 357.264   300.145 
54.7 1644 1522.48 1410.69 1212.19 894.67 690.493 528.167 357.505   300.147 
54.8 1644 1522.57 1410.87 1212.51 895.112 690.991 528.678 357.746   300.149 
54.9 1644 1522.67 1411.05 1212.82 895.553 691.487 529.189 357.988   300.152 
55 1644 1522.77 1411.24 1213.14 895.993 691.981 529.699 358.229   300.154 
55.1 1644 1522.87 1411.42 1213.45 896.433 692.475 530.209 358.471   300.156 
55.2 1644 1522.97 1411.6 1213.76 896.872 692.967 530.718 358.714   300.158 
55.3 1644 1523.06 1411.78 1214.07 897.31 693.457 531.226 358.956   300.161 
55.4 1644 1523.16 1411.96 1214.38 897.747 693.947 531.734 359.199   300.163 
55.5 1644 1523.26 1412.14 1214.69 898.183 694.434 532.241 359.441   300.165 
55.6 1644 1523.36 1412.32 1215 898.619 694.921 532.747 359.685   300.168 
55.7 1644 1523.45 1412.5 1215.31 899.054 695.406 533.253 359.928   300.17 
55.8 1644 1523.55 1412.68 1215.61 899.488 695.89 533.759 360.171   300.173 
55.9 1644 1523.64 1412.86 1215.92 899.922 696.372 534.263 360.415   300.175 
56 1644 1523.74 1413.04 1216.22 900.355 696.853 534.768 360.659   300.178 
56.1 1644 1523.84 1413.22 1216.53 900.788 697.333 535.271 360.903   300.18 
56.2 1644 1523.93 1413.4 1216.83 901.219 697.812 535.774 361.148   300.183 
56.3 1644 1524.03 1413.57 1217.14 901.65 698.289 536.277 361.393   300.185 
56.4 1644 1524.12 1413.75 1217.44 902.081 698.765 536.779 361.637   300.188 
56.5 1644 1524.22 1413.93 1217.74 902.51 699.24 537.28 361.882   300.191 
56.6 1644 1524.31 1414.1 1218.04 902.939 699.713 537.781 362.128   300.193 
56.7 1644 1524.4 1414.28 1218.34 903.367 700.185 538.281 362.373   300.196 
56.8 1644 1524.5 1414.45 1218.64 903.794 700.656 538.781 362.619   300.199 
56.9 1644 1524.59 1414.63 1218.94 904.22 701.126 539.28 362.865   300.201 
57 1644 1524.69 1414.8 1219.24 904.646 701.594 539.778 363.111   300.204 
57.1 1644 1524.78 1414.97 1219.54 905.072 702.062 540.276 363.357   300.207 
57.2 1644 1524.87 1415.15 1219.84 905.496 702.528 540.773 363.604   300.21 
57.3 1644 1524.97 1415.32 1220.13 905.92 702.992 541.27 363.851   300.213 
57.4 1644 1525.06 1415.49 1220.43 906.343 703.456 541.766 364.098   300.216 
57.5 1644 1525.15 1415.66 1220.72 906.766 703.918 542.262 364.345   300.219 
57.6 1644 1525.24 1415.84 1221.02 907.187 704.379 542.757 364.592   300.221 
57.7 1644 1525.33 1416.01 1221.31 907.608 704.838 543.251 364.84   300.224 
57.8 1644 1525.43 1416.18 1221.6 908.028 705.297 543.745 365.087   300.228 
57.9 1644 1525.52 1416.35 1221.9 908.448 705.754 544.239 365.335   300.231 
58 1644 1525.61 1416.52 1222.19 908.867 706.21 544.732 365.583   300.234 
58.1 1644 1525.7 1416.69 1222.48 909.285 706.665 545.224 365.832   300.237 
58.2 1644 1525.79 1416.86 1222.77 909.702 707.119 545.715 366.08   300.24 
58.3 1644 1525.88 1417.02 1223.06 910.119 707.571 546.206 366.329   300.243 
58.4 1644 1525.97 1417.19 1223.35 910.535 708.023 546.696 366.578   300.246 
58.5 1644 1526.06 1417.36 1223.63 910.95 708.473 547.185 366.827   300.25 
58.6 1644 1526.15 1417.53 1223.92 911.365 708.923 547.674 367.076   300.253 
58.7 1644 1526.24 1417.69 1224.21 911.778 709.371 548.163 367.326   300.256 
58.8 1644 1526.33 1417.86 1224.49 912.191 709.818 548.65 367.575   300.26 
58.9 1644 1526.42 1418.03 1224.78 912.604 710.264 549.137 367.825   300.263 
59 1644 1526.51 1418.19 1225.06 913.015 710.708 549.624 368.075   300.266 
59.1 1644 1526.6 1418.36 1225.35 913.426 711.152 550.11 368.325   300.27 
59.2 1644 1526.68 1418.52 1225.63 913.836 711.594 550.595 368.575   300.273 
59.3 1644 1526.77 1418.69 1225.91 914.246 712.036 551.08 368.826   300.277 
59.4 1644 1526.86 1418.85 1226.2 914.655 712.476 551.564 369.077   300.28 
59.5 1644 1526.95 1419.02 1226.48 915.063 712.915 552.048 369.328   300.284 
59.6 1644 1527.04 1419.18 1226.76 915.471 713.352 552.53 369.579   300.287 
59.7 1644 1527.12 1419.34 1227.04 915.878 713.789 553.013 369.83   300.291 
59.8 1644 1527.21 1419.5 1227.32 916.285 714.224 553.495 370.081   300.295 
59.9 1644 1527.3 1419.67 1227.59 916.69 714.658 553.976 370.333   300.299 
60 1644 1527.39 1419.83 1227.87 917.096 715.091 554.457 370.585   300.302 
60.1 300 1506.23 1419.9 1228.14 917.483 715.518 554.935 370.836   300.306 
60.2 300 1397.36 1416.97 1228.4 917.863 715.941 555.412 371.087   300.31 
60.3 300 1278.86 1403.31 1228.66 918.252 716.365 555.889 371.339   300.313 
60.4 300 1184.3 1378.76 1228.86 918.645 716.789 556.366 371.591   300.317 
60.5 300 1110.16 1348.14 1228.84 919.04 717.214 556.843 371.843   300.321 
60.6 300 1050.98 1315.34 1228.37 919.435 717.637 557.319 372.096   300.325 
60.7 300 1002.53 1282.54 1227.22 919.831 718.06 557.795 372.349   300.329 
60.8 300 961.963 1250.81 1225.24 920.228 718.481 558.27 372.602   300.333 
60.9 300 927.246 1220.62 1222.4 920.624 718.902 558.745 372.855   300.337 
61 300 897.116 1192.17 1218.7 921.02 719.323 559.219 373.108   300.341 
61.1 300 870.547 1165.51 1214.22 921.415 719.742 559.692 373.361   300.345 
61.2 300 846.804 1140.61 1209.05 921.808 720.16 560.165 373.615   300.349 
61.3 300 825.435 1117.38 1203.27 922.198 720.578 560.638 373.868   300.354 
61.4 300 806.095 1095.69 1196.98 922.582 720.994 561.11 374.122   300.358 
61.5 300 788.479 1075.42 1190.26 922.958 721.409 561.581 374.376   300.362 
61.6 300 772.361 1056.45 1183.19 923.323 721.823 562.052 374.631   300.366 
61.7 300 757.542 1038.67 1175.85 923.673 722.237 562.522 374.885   300.371 
61.8 300 743.866 1021.98 1168.29 924.005 722.649 562.991 375.139   300.375 
61.9 300 731.197 1006.26 1160.57 924.315 723.061 563.461 375.394   300.38 
62 300 719.421 991.447 1152.74 924.599 723.471 563.929 375.649   300.384 
62.1 300 708.424 977.433 1144.85 924.852 723.881 564.397 375.904   300.389 
62.2 300 698.13 964.147 1136.94 925.072 724.29 564.865 376.159   300.393 
62.3 300 688.46 951.514 1129.03 925.253 724.698 565.332 376.414   300.398 
62.4 300 679.355 939.482 1121.14 925.394 725.104 565.798 376.67   300.402 
62.5 300 670.775 927.972 1113.31 925.492 725.51 566.264 376.925   300.407 
62.6 300 662.658 916.961 1105.55 925.543 725.915 566.729 377.181   300.412 
62.7 300 654.959 906.388 1097.87 925.546 726.318 567.193 377.437   300.417 
62.8 300 647.642 896.223 1090.27 925.499 726.72 567.657 377.693   300.421 
62.9 300 640.682 886.433 1082.78 925.401 727.121 568.121 377.949   300.426 
63 300 634.045 876.98 1075.4 925.25 727.52 568.583 378.205   300.431 
63.1 300 627.713 867.861 1068.13 925.046 727.917 569.046 378.461   300.436 
63.2 300 621.664 859.04 1060.99 924.789 728.313 569.507 378.718   300.441 
63.3 300 615.875 850.495 1053.96 924.478 728.707 569.968 378.974   300.446 
63.4 300 610.326 842.227 1047.06 924.114 729.098 570.429 379.231   300.451 
63.5 300 604.999 834.218 1040.28 923.698 729.487 570.888 379.488   300.456 
63.6 300 599.88 826.441 1033.63 923.23 729.873 571.347 379.745   300.461 
63.7 300 594.951 818.892 1027.1 922.713 730.257 571.806 380.002   300.467 
63.8 300 590.184 811.57 1020.7 922.145 730.637 572.264 380.26   300.472 
63.9 300 585.58 804.455 1014.42 921.529 731.014 572.721 380.517   300.477 
64 300 581.142 797.537 1008.25 920.866 731.387 573.178 380.775   300.482 
64.1 300 576.856 790.815 1002.2 920.157 731.756 573.634 381.033   300.488 
64.2 300 572.711 784.278 996.269 919.405 732.121 574.089 381.29   300.493 
64.3 300 568.701 777.912 990.444 918.61 732.482 574.544 381.548   300.499 
64.4 300 564.815 771.709 984.725 917.774 732.838 574.998 381.807   300.504 
64.5 300 561.042 765.675 979.109 916.898 733.189 575.452 382.065   300.51 
64.6 300 557.381 759.8 973.592 915.986 733.534 575.905 382.323   300.515 
64.7 300 553.83 754.071 968.171 915.038 733.875 576.357 382.582   300.521 
64.8 300 550.381 748.478 962.838 914.057 734.209 576.808 382.84   300.526 
64.9 300 547.03 743.023 957.594 913.044 734.537 577.259 383.099   300.532 
65 300 543.77 737.706 952.43 912 734.859 577.709 383.358   300.538 
65.1 300 540.598 732.519 947.349 910.928 735.174 578.158 383.617   300.544 
65.2 300 537.508 727.455 942.342 909.828 735.483 578.607 383.876   300.55 
65.3 300 534.497 722.505 937.408 908.702 735.784 579.055 384.135   300.555 
65.4 300 531.561 717.671 932.544 907.552 736.079 579.502 384.394   300.561 
65.5 300 528.695 712.951 927.744 906.38 736.366 579.948 384.653   300.567 
65.6 300 525.899 708.338 923.009 905.189 736.645 580.393 384.913   300.573 
65.7 300 523.171 703.822 918.333 903.977 736.916 580.838 385.173   300.579 
65.8 300 520.509 699.399 913.717 902.748 737.18 581.282 385.432   300.586 
65.9 300 517.903 695.074 909.156 901.502 737.435 581.724 385.692   300.592 
66 300 515.349 690.849 904.649 900.239 737.683 582.166 385.952   300.598 
66.1 300 512.852 686.714 900.195 898.962 737.922 582.607 386.212   300.604 
66.2 300 510.412 682.664 895.79 897.672 738.152 583.047 386.472   300.611 
66.3 300 508.026 678.696 891.434 896.37 738.374 583.486 386.733   300.617 
66.4 300 505.694 674.805 887.126 895.057 738.587 583.924 386.993   300.623 
66.5 300 503.413 670.992 882.863 893.733 738.792 584.36 387.254   300.63 
66.6 300 501.182 667.262 878.645 892.401 738.988 584.796 387.514   300.636 
66.7 300 498.998 663.607 874.471 891.06 739.175 585.23 387.775   300.643 
66.8 300 496.859 660.023 870.34 889.712 739.353 585.663 388.036   300.649 
66.9 300 494.762 656.506 866.252 888.356 739.522 586.094 388.297   300.656 
67 300 492.703 653.056 862.204 886.993 739.682 586.524 388.558   300.663 
67.1 300 490.68 649.673 858.197 885.625 739.834 586.953 388.819   300.67 
67.2 300 488.694 646.353 854.231 884.253 739.976 587.38 389.08   300.676 
67.3 300 486.748 643.094 850.305 882.875 740.11 587.805 389.342   300.683 
67.4 300 484.838 639.892 846.417 881.494 740.235 588.229 389.603   300.69 
67.5 300 482.965 636.747 842.568 880.109 740.351 588.651 389.865   300.697 
67.6 300 481.127 633.656 838.757 878.72 740.458 589.072 390.126   300.704 
67.7 300 479.323 630.62 834.986 877.329 740.556 589.49 390.388   300.711 
67.8 300 477.553 627.636 831.251 875.935 740.646 589.907 390.65   300.718 
67.9 300 475.814 624.705 827.555 874.538 740.726 590.322 390.912   300.725 
68 300 474.105 621.827 823.896 873.139 740.799 590.735 391.174   300.733 
68.1 300 472.426 618.993 820.277 871.738 740.862 591.146 391.436   300.74 
68.2 300 470.777 616.205 816.694 870.336 740.917 591.555 391.698   300.747 
68.3 300 469.157 613.464 813.147 868.932 740.964 591.962 391.961   300.754 
68.4 300 467.565 610.767 809.639 867.527 741.002 592.367 392.223   300.762 
68.5 300 466.002 608.115 806.169 866.12 741.032 592.769 392.486   300.769 
68.6 300 464.466 605.506 802.735 864.713 741.054 593.17 392.748   300.777 
68.7 300 462.956 602.939 799.336 863.305 741.067 593.568 393.011   300.784 
68.8 300 461.471 600.414 795.976 861.895 741.073 593.964 393.274   300.792 
68.9 300 460.008 597.926 792.651 860.486 741.07 594.357 393.536   300.8 
69 300 458.568 595.479 789.36 859.075 741.06 594.748 393.799   300.807 
69.1 300 457.149 593.069 786.106 857.664 741.042 595.137 394.062   300.815 
69.2 300 455.754 590.696 782.888 856.253 741.016 595.523 394.325   300.823 
69.3 300 454.38 588.36 779.706 854.841 740.982 595.907 394.588   300.831 
69.4 300 453.029 586.059 776.557 853.429 740.941 596.287 394.852   300.839 
69.5 300 451.7 583.793 773.442 852.017 740.892 596.666 395.115   300.847 
69.6 300 450.393 581.56 770.364 850.605 740.836 597.041 395.378   300.855 
69.7 300 449.107 579.359 767.318 849.193 740.773 597.414 395.642   300.863 
69.8 300 447.841 577.191 764.304 847.781 740.702 597.784 395.905   300.871 
69.9 300 446.595 575.056 761.324 846.369 740.624 598.152 396.169   300.879 
70 300 445.368 572.954 758.378 844.956 740.539 598.517 396.432   300.888 
70.1 300 444.159 570.884 755.465 843.543 740.447 598.879 396.696   300.896 
70.2 300 442.968 568.844 752.583 842.13 740.349 599.238 396.96   300.904 
70.3 300 441.795 566.832 749.733 840.716 740.243 599.594 397.224   300.913 
70.4 300 440.64 564.849 746.915 839.301 740.13 599.947 397.488   300.921 
70.5 300 439.503 562.894 744.129 837.887 740.01 600.297 397.752   300.93 
70.6 300 438.384 560.965 741.373 836.473 739.884 600.644 398.016   300.938 
70.7 300 437.282 559.062 738.646 835.058 739.751 600.988 398.28   300.947 
70.8 300 436.196 557.186 735.951 833.645 739.612 601.33 398.544   300.956 
70.9 300 435.127 555.335 733.287 832.231 739.466 601.668 398.808   300.965 
71 300 434.073 553.509 730.651 830.818 739.314 602.002 399.072   300.973 
71.1 300 433.033 551.707 728.044 829.404 739.156 602.334 399.337   300.982 
71.2 300 432.008 549.929 725.466 827.992 738.992 602.663 399.601   300.991 
71.3 300 430.997 548.175 722.917 826.579 738.821 602.988 399.866   301 
71.4 300 430 546.444 720.396 825.167 738.645 603.31 400.13   301.009 
71.5 300 429.018 544.736 717.903 823.755 738.462 603.629 400.395   301.018 
71.6 300 428.049 543.05 715.437 822.342 738.274 603.945 400.659   301.028 
71.7 300 427.094 541.386 712.997 820.928 738.08 604.257 400.924   301.037 
71.8 300 426.152 539.745 710.584 819.513 737.88 604.566 401.188   301.046 
71.9 300 425.224 538.124 708.198 818.099 737.674 604.872 401.453   301.055 
72 300 424.308 536.522 705.838 816.685 737.463 605.175 401.718   301.065 
72.1 300 423.405 534.939 703.504 815.272 737.246 605.474 401.982   301.074 
72.2 300 422.514 533.376 701.194 813.86 737.023 605.77 402.247   301.084 
72.3 300 421.638 531.832 698.909 812.448 736.795 606.062 402.512   301.093 
72.4 300 420.774 530.306 696.65 811.038 736.562 606.351 402.776   301.103 
72.5 300 419.922 528.8 694.415 809.629 736.323 606.637 403.041   301.113 
72.6 300 419.081 527.312 692.203 808.221 736.079 606.919 403.306   301.122 
72.7 300 418.251 525.842 690.015 806.815 735.83 607.198 403.57   301.132 
72.8 300 417.432 524.39 687.851 805.41 735.575 607.473 403.835   301.142 
72.9 300 416.624 522.956 685.709 804.007 735.315 607.745 404.1   301.152 
73 300 415.826 521.538 683.591 802.604 735.05 608.014 404.364   301.162 
73.1 300 415.039 520.136 681.495 801.204 734.78 608.279 404.629   301.172 
73.2 300 414.261 518.751 679.421 799.804 734.505 608.541 404.894   301.182 
73.3 300 413.492 517.381 677.368 798.405 734.225 608.799 405.158   301.192 
73.4 300 412.734 516.028 675.336 797.008 733.94 609.054 405.423   301.203 
73.5 300 411.984 514.691 673.327 795.613 733.65 609.305 405.687   301.213 
73.6 300 411.245 513.37 671.339 794.221 733.356 609.553 405.952   301.223 
73.7 300 410.514 512.064 669.372 792.831 733.056 609.797 406.216   301.234 
73.8 300 409.792 510.773 667.424 791.444 732.752 610.038 406.481   301.244 
73.9 300 409.079 509.498 665.496 790.059 732.443 610.275 406.745   301.255 
74 300 408.376 508.237 663.587 788.676 732.13 610.509 407.009   301.265 
74.1 300 407.684 506.989 661.698 787.296 731.811 610.74 407.274   301.276 
74.2 300 407 505.753 659.83 785.919 731.489 610.967 407.538   301.287 
74.3 300 406.324 504.532 657.981 784.544 731.161 611.19 407.802   301.298 
74.4 300 405.656 503.323 656.15 783.172 730.829 611.41 408.066   301.308 
74.5 300 404.996 502.128 654.338 781.803 730.493 611.627 408.33   301.319 
74.6 300 404.343 500.947 652.543 780.437 730.153 611.84 408.595   301.33 
74.7 300 403.699 499.778 650.766 779.073 729.808 612.049 408.859   301.341 
74.8 300 403.061 498.622 649.007 777.711 729.459 612.255 409.122   301.353 
74.9 300 402.431 497.479 647.265 776.352 729.106 612.458 409.386   301.364 
75 300 401.809 496.349 645.54 774.995 728.748 612.657 409.65   301.375 
75.1 300 401.193 495.231 643.832 773.641 728.387 612.853 409.914   301.386 
75.2 300 400.585 494.125 642.141 772.291 728.021 613.045 410.177   301.398 
75.3 300 399.983 493.03 640.465 770.945 727.652 613.234 410.441   301.409 
75.4 300 399.389 491.946 638.805 769.603 727.279 613.419 410.704   301.42 
75.5 300 398.8 490.874 637.162 768.266 726.901 613.601 410.967   301.432 
75.6 300 398.219 489.814 635.535 766.932 726.52 613.779 411.23   301.444 
75.7 300 397.643 488.764 633.922 765.602 726.135 613.954 411.493   301.455 
75.8 300 397.075 487.725 632.324 764.276 725.746 614.126 411.756   301.467 
75.9 300 396.514 486.696 630.741 762.954 725.353 614.294 412.018   301.479 
76 300 395.96 485.677 629.172 761.635 724.957 614.459 412.281   301.491 
76.1 300 395.412 484.669 627.618 760.321 724.557 614.62 412.543   301.503 
76.2 300 394.87 483.672 626.077 759.01 724.154 614.778 412.805   301.515 
76.3 300 394.333 482.684 624.552 757.703 723.747 614.932 413.067   301.527 
76.4 300 393.803 481.706 623.04 756.4 723.337 615.083 413.329   301.539 
76.5 300 393.278 480.738 621.542 755.1 722.923 615.231 413.591   301.551 
76.6 300 392.758 479.779 620.057 753.804 722.506 615.375 413.852   301.563 
76.7 300 392.244 478.83 618.586 752.512 722.085 615.516 414.113   301.576 
76.8 300 391.736 477.891 617.127 751.224 721.662 615.653 414.374   301.588 
76.9 300 391.232 476.96 615.681 749.939 721.235 615.787 414.635   301.601 
77 300 390.734 476.039 614.248 748.659 720.805 615.918 414.896   301.613 
77.1 300 390.241 475.128 612.828 747.382 720.371 616.045 415.156   301.626 
77.2 300 389.753 474.225 611.42 746.11 719.935 616.169 415.417   301.638 
77.3 300 389.27 473.331 610.025 744.843 719.496 616.29 415.676   301.651 
77.4 300 388.792 472.446 608.642 743.581 719.053 616.407 415.936   301.664 
77.5 300 388.319 471.57 607.271 742.323 718.608 616.521 416.196   301.677 
77.6 300 387.851 470.7 605.911 741.07 718.16 616.632 416.455   301.69 
77.7 300 387.389 469.838 604.564 739.822 717.709 616.739 416.714   301.703 
77.8 300 386.931 468.984 603.228 738.579 717.255 616.844 416.973   301.716 
77.9 300 386.478 468.138 601.903 737.34 716.798 616.944 417.231   301.729 
78 300 386.03 467.301 600.59 736.106 716.339 617.042 417.49   301.742 
78.1 300 385.586 466.471 599.288 734.876 715.877 617.136 417.748   301.756 
78.2 300 385.146 465.649 597.997 733.651 715.412 617.227 418.006   301.769 
78.3 300 384.711 464.835 596.716 732.431 714.945 617.315 418.263   301.782 
78.4 300 384.28 464.028 595.446 731.215 714.475 617.399 418.521   301.796 
78.5 300 383.853 463.229 594.187 730.003 714.003 617.481 418.778   301.809 
78.6 300 383.43 462.437 592.938 728.796 713.529 617.559 419.034   301.823 
78.7 300 383.012 461.652 591.7 727.594 713.051 617.634 419.291   301.837 
78.8 300 382.597 460.875 590.472 726.396 712.572 617.706 419.547   301.85 
78.9 300 382.186 460.104 589.255 725.202 712.09 617.774 419.803   301.864 
79 300 381.779 459.34 588.047 724.013 711.606 617.84 420.059   301.878 
79.1 300 381.376 458.584 586.849 722.828 711.12 617.902 420.314   301.892 
79.2 300 380.976 457.834 585.66 721.648 710.632 617.961 420.569   301.906 
79.3 300 380.58 457.091 584.481 720.473 710.141 618.017 420.824   301.92 
79.4 300 380.189 456.353 583.311 719.303 709.649 618.07 421.078   301.935 
79.5 300 379.801 455.621 582.151 718.137 709.154 618.12 421.332   301.949 
79.6 300 379.417 454.896 581.001 716.976 708.658 618.167 421.586   301.963 
79.7 300 379.037 454.177 579.86 715.82 708.16 618.211 421.839   301.977 
79.8 300 378.66 453.465 578.728 714.669 707.659 618.252 422.092   301.992 
79.9 300 378.287 452.758 577.605 713.523 707.157 618.289 422.344   302.006 
80 300 377.918 452.058 576.491 712.382 706.654 618.324 422.596   302.021 
80.1 300 377.551 451.364 575.385 711.245 706.148 618.356 422.848   302.036 
80.2 300 377.188 450.675 574.288 710.112 705.641 618.385 423.1   302.051 
80.3 300 376.828 449.993 573.199 708.985 705.132 618.41 423.351   302.065 
80.4 300 376.471 449.317 572.118 707.863 704.622 618.433 423.601   302.08 
80.5 300 376.118 448.646 571.046 706.744 704.109 618.453 423.851   302.095 
80.6 300 375.767 447.981 569.982 705.631 703.596 618.47 424.101   302.11 
80.7 300 375.42 447.322 568.927 704.522 703.08 618.484 424.35   302.125 
80.8 300 375.075 446.668 567.88 703.418 702.564 618.495 424.599   302.141 
80.9 300 374.734 446.02 566.841 702.319 702.046 618.504 424.848   302.156 
81 300 374.395 445.377 565.81 701.224 701.526 618.509 425.096   302.171 
81.1 300 374.06 444.739 564.787 700.133 701.005 618.512 425.343   302.186 
81.2 300 373.727 444.107 563.771 699.047 700.482 618.512 425.591   302.202 
81.3 300 373.398 443.48 562.763 697.966 699.959 618.509 425.837   302.217 
81.4 300 373.071 442.858 561.762 696.89 699.434 618.503 426.084   302.233 
81.5 300 372.747 442.242 560.768 695.818 698.908 618.494 426.329   302.249 
81.6 300 372.427 441.63 559.782 694.751 698.381 618.483 426.575   302.265 
81.7 300 372.109 441.023 558.803 693.688 697.853 618.469 426.82   302.28 
81.8 300 371.793 440.422 557.831 692.63 697.323 618.452 427.064   302.296 
81.9 300 371.481 439.825 556.866 691.577 696.793 618.433 427.308   302.312 
82 300 371.171 439.233 555.908 690.528 696.262 618.411 427.551   302.328 
82.1 300 370.863 438.645 554.956 689.484 695.729 618.386 427.794   302.344 
82.2 300 370.558 438.063 554.012 688.445 695.196 618.359 428.036   302.361 
82.3 300 370.256 437.485 553.074 687.41 694.661 618.329 428.278   302.377 
82.4 300 369.956 436.911 552.143 686.379 694.126 618.296 428.52   302.393 
82.5 300 369.658 436.342 551.219 685.353 693.59 618.261 428.76   302.41 
82.6 300 369.363 435.778 550.301 684.332 693.053 618.223 429.001   302.426 
82.7 300 369.07 435.218 549.389 683.315 692.515 618.183 429.241   302.443 
82.8 300 368.78 434.662 548.484 682.302 691.977 618.14 429.48   302.459 
82.9 300 368.492 434.111 547.585 681.294 691.437 618.095 429.719   302.476 
83 300 368.206 433.564 546.692 680.29 690.897 618.047 429.958   302.493 
83.1 300 367.922 433.022 545.804 679.291 690.356 617.997 430.196   302.51 
83.2 300 367.641 432.485 544.923 678.296 689.815 617.944 430.434   302.527 
83.3 300 367.362 431.952 544.047 677.305 689.273 617.889 430.671   302.544 
83.4 300 367.086 431.423 543.178 676.318 688.73 617.831 430.907   302.561 
83.5 300 366.812 430.898 542.314 675.336 688.186 617.771 431.143   302.578 
83.6 300 366.54 430.377 541.456 674.358 687.642 617.708 431.378   302.595 
83.7 300 366.27 429.86 540.604 673.385 687.098 617.644 431.613   302.613 
83.8 300 366.002 429.347 539.758 672.416 686.553 617.576 431.848   302.63 
83.9 300 365.736 428.837 538.917 671.451 686.007 617.507 432.081   302.648 
84 300 365.473 428.332 538.082 670.49 685.461 617.435 432.314   302.665 
84.1 300 365.211 427.83 537.252 669.534 684.915 617.361 432.547   302.683 
84.2 300 364.951 427.332 536.428 668.582 684.368 617.284 432.779   302.7 
84.3 300 364.694 426.838 535.608 667.634 683.821 617.206 433.01   302.718 
84.4 300 364.438 426.347 534.794 666.69 683.274 617.125 433.241   302.736 
84.5 300 364.184 425.86 533.985 665.751 682.726 617.042 433.471   302.754 
84.6 300 363.932 425.376 533.181 664.816 682.178 616.956 433.7   302.772 
84.7 300 363.682 424.896 532.383 663.885 681.63 616.869 433.929   302.79 
84.8 300 363.434 424.419 531.589 662.958 681.082 616.779 434.157   302.808 
84.9 300 363.187 423.946 530.801 662.035 680.533 616.687 434.385   302.826 
85 300 362.943 423.477 530.018 661.116 679.985 616.593 434.612   302.845 
85.1 300 362.7 423.011 529.24 660.201 679.436 616.497 434.838   302.863 
85.2 300 362.459 422.549 528.467 659.29 678.887 616.398 435.064   302.882 
85.3 300 362.22 422.09 527.699 658.383 678.338 616.298 435.289   302.9 
85.4 300 361.983 421.635 526.935 657.481 677.79 616.195 435.514   302.919 
85.5 300 361.748 421.183 526.176 656.582 677.241 616.091 435.737   302.938 
85.6 300 361.514 420.734 525.421 655.687 676.692 615.984 435.96   302.956 
85.7 300 361.282 420.288 524.671 654.796 676.143 615.876 436.183   302.975 
85.8 300 361.052 419.845 523.926 653.909 675.594 615.765 436.405   302.994 
85.9 300 360.823 419.405 523.185 653.026 675.045 615.653 436.626   303.013 
86 300 360.596 418.969 522.449 652.146 674.496 615.538 436.846   303.032 
86.1 300 360.371 418.535 521.718 651.271 673.948 615.422 437.066   303.051 
86.2 300 360.147 418.104 520.991 650.399 673.399 615.303 437.285   303.071 
86.3 300 359.925 417.676 520.268 649.531 672.851 615.183 437.503   303.09 
86.4 300 359.704 417.252 519.55 648.667 672.302 615.061 437.721   303.109 
86.5 300 359.485 416.83 518.837 647.807 671.754 614.937 437.938   303.129 
86.6 300 359.268 416.411 518.127 646.95 671.206 614.811 438.155   303.148 
86.7 300 359.051 415.994 517.422 646.097 670.658 614.683 438.37   303.168 
86.8 300 358.837 415.581 516.721 645.248 670.11 614.554 438.585   303.188 
86.9 300 358.624 415.17 516.024 644.403 669.562 614.423 438.799   303.208 
87 300 358.412 414.763 515.332 643.561 669.014 614.289 439.013   303.228 
87.1 300 358.202 414.358 514.643 642.722 668.466 614.155 439.226   303.248 
87.2 300 357.993 413.957 513.958 641.888 667.919 614.018 439.438   303.268 
87.3 300 357.786 413.558 513.278 641.057 667.372 613.88 439.649   303.288 
87.4 300 357.58 413.161 512.601 640.229 666.826 613.74 439.86   303.308 
87.5 300 357.376 412.768 511.928 639.405 666.279 613.598 440.07   303.328 
87.6 300 357.173 412.377 511.26 638.584 665.733 613.455 440.279   303.349 
87.7 300 356.972 411.988 510.595 637.766 665.188 613.31 440.487   303.369 
87.8 300 356.772 411.602 509.934 636.953 664.642 613.163 440.695   303.389 
87.9 300 356.573 411.218 509.277 636.142 664.097 613.014 440.902   303.41 
88 300 356.375 410.837 508.623 635.335 663.553 612.865 441.108   303.431 
88.1 300 356.179 410.459 507.974 634.531 663.009 612.713 441.314   303.452 
88.2 300 355.984 410.083 507.328 633.731 662.465 612.56 441.519   303.472 
88.3 300 355.791 409.709 506.685 632.933 661.922 612.405 441.723   303.493 
88.4 300 355.598 409.337 506.047 632.139 661.379 612.249 441.926   303.514 
88.5 300 355.407 408.968 505.412 631.348 660.836 612.091 442.129   303.535 
88.6 300 355.217 408.602 504.78 630.561 660.295 611.932 442.331   303.557 
88.7 300 355.028 408.237 504.153 629.777 659.753 611.771 442.532   303.578 
88.8 300 354.841 407.875 503.529 628.996 659.212 611.609 442.733   303.599 
88.9 300 354.655 407.515 502.908 628.218 658.672 611.445 442.932   303.621 
89 300 354.47 407.158 502.291 627.443 658.132 611.28 443.131   303.642 
89.1 300 354.286 406.803 501.677 626.672 657.593 611.113 443.329   303.664 
89.2 300 354.103 406.451 501.067 625.903 657.054 610.945 443.527   303.685 
89.3 300 353.922 406.1 500.459 625.138 656.516 610.776 443.723   303.707 
89.4 300 353.742 405.752 499.855 624.376 655.978 610.605 443.919   303.729 
89.5 300 353.563 405.406 499.255 623.617 655.441 610.433 444.114   303.751 
89.6 300 353.385 405.062 498.658 622.861 654.905 610.259 444.309   303.773 
89.7 300 353.208 404.721 498.064 622.108 654.369 610.084 444.502   303.795 
89.8 300 353.032 404.381 497.473 621.358 653.834 609.908 444.695   303.817 
89.9 300 352.858 404.043 496.885 620.611 653.299 609.731 444.887   303.839 
90 300 352.684 403.708 496.301 619.867 652.765 609.552 445.078   303.861 
90.1 300 352.512 403.374 495.72 619.126 652.232 609.372 445.269   303.884 
90.2 300 352.341 403.043 495.142 618.389 651.699 609.19 445.458   303.906 
90.3 300 352.17 402.713 494.567 617.654 651.167 609.008 445.647   303.929 
90.4 300 352.001 402.386 493.996 616.922 650.636 608.824 445.835   303.951 
90.5 300 351.833 402.06 493.427 616.193 650.105 608.639 446.023   303.974 
90.6 300 351.666 401.736 492.862 615.467 649.575 608.452 446.209   303.997 
90.7 300 351.5 401.415 492.299 614.743 649.045 608.265 446.395   304.02 
90.8 300 351.334 401.095 491.739 614.023 648.516 608.076 446.58   304.043 
90.9 300 351.17 400.777 491.183 613.306 647.988 607.887 446.764   304.066 
91 300 351.007 400.461 490.629 612.591 647.46 607.696 446.947   304.089 
91.1 300 350.845 400.147 490.078 611.879 646.934 607.504 447.13   304.112 
91.2 300 350.684 399.835 489.53 611.17 646.407 607.31 447.311   304.135 
91.3 300 350.523 399.525 488.985 610.464 645.882 607.116 447.492   304.159 
91.4 300 350.364 399.216 488.442 609.761 645.357 606.921 447.672   304.182 
91.5 300 350.206 398.91 487.903 609.06 644.833 606.724 447.852   304.206 
91.6 300 350.049 398.605 487.366 608.362 644.31 606.527 448.03   304.229 
91.7 300 349.892 398.302 486.832 607.667 643.788 606.328 448.208   304.253 
91.8 300 349.737 398.001 486.301 606.975 643.266 606.128 448.385   304.277 
91.9 300 349.582 397.701 485.772 606.285 642.745 605.928 448.561   304.301 
92 300 349.429 397.404 485.247 605.598 642.225 605.726 448.736   304.325 
92.1 300 349.276 397.107 484.724 604.914 641.706 605.523 448.91   304.349 
92.2 300 349.124 396.813 484.203 604.232 641.187 605.32 449.084   304.373 
92.3 300 348.973 396.52 483.685 603.553 640.669 605.115 449.257   304.397 
92.4 300 348.823 396.229 483.17 602.877 640.152 604.909 449.429   304.421 
92.5 300 348.674 395.939 482.658 602.203 639.635 604.703 449.6   304.446 
92.6 300 348.525 395.652 482.148 601.532 639.119 604.495 449.77   304.47 
92.7 300 348.378 395.365 481.641 600.863 638.604 604.287 449.94   304.495 
92.8 300 348.231 395.08 481.136 600.198 638.09 604.078 450.109   304.519 
92.9 300 348.085 394.797 480.634 599.534 637.577 603.867 450.277   304.544 
93 300 347.94 394.516 480.134 598.873 637.064 603.656 450.444   304.569 
93.1 300 347.796 394.236 479.637 598.215 636.552 603.444 450.61   304.594 
93.2 300 347.653 393.958 479.142 597.56 636.041 603.231 450.776   304.619 
93.3 300 347.51 393.681 478.649 596.906 635.531 603.018 450.94   304.644 
93.4 300 347.368 393.406 478.159 596.256 635.022 602.803 451.104   304.669 
93.5 300 347.227 393.132 477.671 595.607 634.513 602.588 451.267   304.694 
93.6 300 347.087 392.86 477.186 594.962 634.005 602.372 451.429   304.719 
93.7 300 346.948 392.59 476.703 594.318 633.498 602.155 451.591   304.745 
93.8 300 346.809 392.321 476.223 593.677 632.992 601.937 451.751   304.77 
93.9 300 346.671 392.053 475.744 593.039 632.487 601.718 451.911   304.796 
94 300 346.534 391.787 475.269 592.403 631.982 601.499 452.07   304.821 
94.1 300 346.398 391.522 474.795 591.77 631.478 601.279 452.228   304.847 
94.2 300 346.263 391.259 474.324 591.138 630.975 601.058 452.385   304.873 
94.3 300 346.128 390.997 473.855 590.51 630.473 600.836 452.542   304.899 
94.4 300 345.994 390.736 473.388 589.883 629.972 600.614 452.697   304.925 
94.5 300 345.86 390.477 472.924 589.259 629.472 600.391 452.852   304.951 
94.6 300 345.728 390.219 472.462 588.638 628.972 600.167 453.006   304.977 
94.7 300 345.596 389.962 472.002 588.018 628.473 599.943 453.159   305.003 
94.8 300 345.464 389.707 471.544 587.401 627.975 599.718 453.311   305.029 
94.9 300 345.334 389.453 471.089 586.786 627.478 599.492 453.463   305.056 
95 300 345.204 389.201 470.635 586.174 626.982 599.265 453.613   305.082 
95.1 300 345.075 388.95 470.184 585.564 626.486 599.038 453.763   305.109 
95.2 300 344.946 388.7 469.734 584.956 625.992 598.811 453.912   305.135 
95.3 300 344.819 388.452 469.287 584.35 625.498 598.582 454.06   305.162 
95.4 300 344.692 388.205 468.842 583.747 625.005 598.353 454.207   305.189 
95.5 300 344.565 387.959 468.399 583.146 624.513 598.124 454.354   305.216 
95.6 300 344.44 387.714 467.958 582.547 624.021 597.894 454.499   305.243 
95.7 300 344.315 387.471 467.519 581.95 623.531 597.663 454.644   305.27 
95.8 300 344.19 387.229 467.082 581.355 623.041 597.431 454.788   305.297 
95.9 300 344.067 386.988 466.647 580.763 622.552 597.199 454.931   305.324 
96 300 343.944 386.749 466.214 580.173 622.065 596.967 455.073   305.352 
96.1 300 343.821 386.511 465.783 579.585 621.578 596.734 455.215   305.379 
96.2 300 343.699 386.274 465.354 578.999 621.092 596.5 455.355   305.407 
96.3 300 343.578 386.038 464.927 578.415 620.606 596.266 455.495   305.434 
96.4 300 343.458 385.803 464.502 577.834 620.122 596.032 455.634   305.462 
96.5 300 343.338 385.57 464.079 577.254 619.639 595.796 455.773   305.49 
96.6 300 343.218 385.337 463.658 576.677 619.156 595.561 455.91   305.517 
96.7 300 343.1 385.106 463.239 576.102 618.675 595.324 456.047   305.545 
96.8 300 342.982 384.876 462.822 575.529 618.194 595.088 456.182   305.573 
96.9 300 342.864 384.647 462.407 574.957 617.714 594.85 456.317   305.602 
97 300 342.747 384.419 461.994 574.388 617.235 594.613 456.451   305.63 
97.1 300 342.631 384.193 461.582 573.821 616.757 594.375 456.585   305.658 
97.2 300 342.515 383.967 461.172 573.257 616.28 594.136 456.717   305.686 
97.3 300 342.4 383.743 460.764 572.694 615.804 593.897 456.849   305.715 
97.4 300 342.285 383.52 460.357 572.133 615.328 593.657 456.98   305.743 
97.5 300 342.171 383.298 459.953 571.574 614.854 593.418 457.11   305.772 
97.6 300 342.058 383.077 459.55 571.017 614.38 593.177 457.239   305.801 
97.7 300 341.945 382.857 459.149 570.462 613.908 592.936 457.368   305.829 
97.8 300 341.833 382.638 458.75 569.909 613.436 592.695 457.496   305.858 
97.9 300 341.721 382.42 458.352 569.358 612.965 592.454 457.623   305.887 
98 300 341.61 382.204 457.957 568.809 612.495 592.212 457.749   305.916 
98.1 300 341.499 381.988 457.563 568.262 612.026 591.969 457.874   305.945 
98.2 300 341.389 381.773 457.171 567.717 611.557 591.727 457.999   305.975 
98.3 300 341.28 381.56 456.78 567.174 611.09 591.484 458.122   306.004 
98.4 300 341.171 381.347 456.392 566.633 610.624 591.24 458.245   306.033 
98.5 300 341.062 381.136 456.005 566.094 610.158 590.996 458.367   306.063 
98.6 300 340.954 380.925 455.62 565.556 609.694 590.752 458.489   306.092 
98.7 300 340.847 380.716 455.236 565.021 609.23 590.508 458.609   306.122 
98.8 300 340.74 380.507 454.854 564.487 608.767 590.263 458.729   306.152 
98.9 300 340.634 380.3 454.474 563.955 608.305 590.018 458.848   306.181 
99 300 340.528 380.093 454.096 563.425 607.844 589.772 458.966   306.211 
99.1 300 340.422 379.888 453.718 562.897 607.384 589.526 459.084   306.241 
99.2 300 340.318 379.683 453.343 562.371 606.925 589.28 459.2   306.271 
99.3 300 340.213 379.479 452.969 561.847 606.466 589.034 459.316   306.302 
99.4 300 340.109 379.277 452.596 561.325 606.009 588.787 459.431   306.332 
99.5 300 340.006 379.075 452.225 560.804 605.552 588.54 459.545   306.362 
99.6 300 339.903 378.874 451.856 560.285 605.097 588.293 459.659   306.393 
99.7 300 339.801 378.674 451.488 559.768 604.642 588.045 459.772   306.423 
99.8 300 339.699 378.475 451.122 559.252 604.188 587.797 459.884   306.454 
99.9 300 339.597 378.277 450.757 558.739 603.735 587.549 459.995   306.484 
100 300 339.497 378.08 450.394 558.227 603.283 587.301 460.105   306.515 
100.1 300 339.396 377.884 450.032 557.717 602.832 587.052 460.215   306.546 
100.2 300 339.296 377.689 449.672 557.208 602.381 586.804 460.324   306.577 
100.3 300 339.197 377.495 449.314 556.702 601.932 586.555 460.432   306.608 
100.4 300 339.098 377.301 448.957 556.197 601.483 586.305 460.539   306.639 
100.5 300 338.999 377.109 448.602 555.693 601.035 586.056 460.646   306.67 
100.6 300 338.901 376.917 448.248 555.192 600.589 585.806 460.751   306.701 
100.7 300 338.803 376.726 447.895 554.692 600.143 585.556 460.856   306.733 
100.8 300 338.706 376.537 447.544 554.194 599.698 585.306 460.961   306.764 
100.9 300 338.609 376.347 447.195 553.697 599.254 585.056 461.064   306.796 
101 300 338.513 376.159 446.847 553.202 598.81 584.805 461.167   306.827 
101.1 300 338.417 375.972 446.5 552.709 598.368 584.554 461.269   306.859 
101.2 300 338.321 375.785 446.155 552.217 597.926 584.304 461.37   306.891 
101.3 300 338.226 375.599 445.811 551.727 597.486 584.052 461.471   306.923 
101.4 300 338.132 375.415 445.469 551.238 597.046 583.801 461.57   306.955 
101.5 300 338.038 375.23 445.128 550.751 596.607 583.55 461.669   306.987 
101.6 300 337.944 375.047 444.788 550.266 596.169 583.298 461.768   307.019 
101.7 300 337.85 374.865 444.45 549.782 595.732 583.047 461.865   307.051 
101.8 300 337.758 374.683 444.113 549.3 595.296 582.795 461.962   307.083 
101.9 300 337.665 374.502 443.778 548.819 594.861 582.543 462.058   307.116 
102 300 337.573 374.322 443.444 548.34 594.427 582.291 462.153   307.148 
102.1 300 337.481 374.143 443.111 547.862 593.994 582.038 462.248   307.181 
102.2 300 337.39 373.965 442.78 547.386 593.561 581.786 462.342   307.213 
102.3 300 337.299 373.787 442.45 546.912 593.129 581.533 462.435   307.246 
102.4 300 337.209 373.61 442.121 546.439 592.699 581.281 462.527   307.279 
102.5 300 337.119 373.434 441.794 545.967 592.269 581.028 462.619   307.312 
102.6 300 337.029 373.259 441.468 545.497 591.84 580.775 462.709   307.345 
102.7 300 336.94 373.085 441.144 545.029 591.412 580.522 462.8   307.378 
102.8 300 336.851 372.911 440.82 544.561 590.985 580.269 462.889   307.411 
102.9 300 336.763 372.738 440.498 544.096 590.558 580.016 462.978   307.444 
103 300 336.675 372.566 440.178 543.632 590.133 579.762 463.066   307.478 
103.1 300 336.587 372.394 439.858 543.169 589.708 579.509 463.153   307.511 
103.2 300 336.5 372.223 439.54 542.708 589.285 579.256 463.24   307.545 
103.3 300 336.413 372.053 439.223 542.248 588.862 579.002 463.325   307.578 
103.4 300 336.326 371.884 438.908 541.79 588.44 578.749 463.41   307.612 
103.5 300 336.24 371.715 438.594 541.333 588.019 578.495 463.495   307.646 
103.6 300 336.154 371.547 438.281 540.877 587.599 578.241 463.578   307.679 
103.7 300 336.069 371.38 437.97 540.423 587.179 577.988 463.661   307.713 
103.8 300 335.983 371.213 437.66 539.971 586.761 577.734 463.744   307.747 
103.9 300 335.899 371.047 437.351 539.519 586.344 577.48 463.825   307.782 
104 300 335.814 370.882 437.043 539.07 585.927 577.226 463.906   307.816 
104.1 300 335.73 370.718 436.736 538.621 585.511 576.972 463.986   307.85 
104.2 300 335.647 370.554 436.431 538.174 585.096 576.718 464.065   307.884 
104.3 300 335.563 370.391 436.127 537.728 584.682 576.464 464.144   307.919 
104.4 300 335.481 370.229 435.824 537.284 584.269 576.21 464.222   307.953 
104.5 300 335.398 370.067 435.522 536.841 583.856 575.956 464.299   307.988 
104.6 300 335.316 369.906 435.222 536.4 583.445 575.702 464.376   308.023 
104.7 300 335.234 369.746 434.922 535.96 583.034 575.448 464.452   308.057 
104.8 300 335.152 369.586 434.624 535.521 582.625 575.194 464.527   308.092 
104.9 300 335.071 369.427 434.327 535.083 582.216 574.939 464.601   308.127 
105 300 334.99 369.269 434.031 534.647 581.808 574.685 464.675   308.162 
105.1 300 334.91 369.111 433.736 534.213 581.4 574.431 464.748   308.197 
105.2 300 334.83 368.954 433.443 533.779 580.994 574.177 464.821   308.233 
105.3 300 334.75 368.798 433.15 533.347 580.588 573.923 464.892   308.268 
105.4 300 334.67 368.642 432.859 532.916 580.184 573.669 464.964   308.303 
105.5 300 334.591 368.487 432.568 532.487 579.78 573.415 465.034   308.339 
105.6 300 334.512 368.333 432.28 532.059 579.377 573.161 465.104   308.374 
105.7 300 334.434 368.179 431.992 531.632 578.975 572.907 465.173   308.41 
105.8 300 334.356 368.025 431.705 531.206 578.574 572.652 465.241   308.446 
105.9 300 334.278 367.873 431.42 530.782 578.173 572.398 465.309   308.481 
106 300 334.2 367.721 431.136 530.359 577.773 572.144 465.376   308.517 
106.1 300 334.123 367.569 430.852 529.937 577.375 571.89 465.443   308.553 
106.2 300 334.046 367.419 430.57 529.517 576.977 571.636 465.508   308.589 
106.3 300 333.969 367.269 430.289 529.098 576.58 571.383 465.574   308.625 
106.4 300 333.893 367.119 430.009 528.68 576.183 571.129 465.638   308.662 
106.5 300 333.817 366.97 429.73 528.263 575.788 570.875 465.702   308.698 
106.6 300 333.741 366.822 429.452 527.848 575.393 570.621 465.765   308.734 
106.7 300 333.666 366.674 429.175 527.434 575 570.367 465.828   308.771 
106.8 300 333.591 366.527 428.899 527.021 574.607 570.114 465.89   308.807 
106.9 300 333.516 366.38 428.624 526.609 574.214 569.86 465.951   308.844 
107 300 333.442 366.234 428.35 526.199 573.823 569.607 466.011   308.881 
107.1 300 333.367 366.089 428.078 525.789 573.433 569.353 466.071   308.918 
107.2 300 333.294 365.944 427.806 525.381 573.043 569.1 466.131   308.954 
107.3 300 333.22 365.8 427.535 524.975 572.654 568.847 466.189   308.991 
107.4 300 333.147 365.656 427.265 524.569 572.266 568.593 466.248   309.029 
107.5 300 333.074 365.513 426.996 524.165 571.879 568.34 466.305   309.066 
107.6 300 333.001 365.37 426.729 523.762 571.493 568.087 466.362   309.103 
107.7 300 332.929 365.228 426.462 523.36 571.107 567.834 466.418   309.14 
107.8 300 332.856 365.087 426.196 522.959 570.722 567.581 466.474   309.178 
107.9 300 332.785 364.946 425.932 522.559 570.338 567.328 466.529   309.215 
108 300 332.713 364.805 425.668 522.161 569.955 567.075 466.583   309.253 
108.1 300 332.642 364.665 425.406 521.764 569.573 566.823 466.637   309.29 
108.2 300 332.571 364.526 425.144 521.368 569.192 566.57 466.69   309.328 
108.3 300 332.5 364.387 424.883 520.973 568.811 566.318 466.742   309.366 
108.4 300 332.429 364.249 424.624 520.579 568.431 566.065 466.794   309.404 
108.5 300 332.359 364.111 424.365 520.187 568.052 565.813 466.846   309.442 
108.6 300 332.289 363.974 424.107 519.795 567.674 565.561 466.896   309.48 
108.7 300 332.22 363.838 423.85 519.405 567.296 565.309 466.946   309.518 
108.8 300 332.15 363.701 423.594 519.016 566.92 565.057 466.996   309.556 
108.9 300 332.081 363.566 423.339 518.628 566.544 564.805 467.045   309.594 
109 300 332.012 363.431 423.085 518.241 566.169 564.553 467.093   309.633 
109.1 300 331.944 363.296 422.832 517.855 565.795 564.301 467.141   309.671 
109.2 300 331.875 363.162 422.58 517.471 565.421 564.05 467.188   309.71 
109.3 300 331.807 363.029 422.328 517.087 565.049 563.798 467.235   309.748 
109.4 300 331.74 362.896 422.078 516.705 564.677 563.547 467.281   309.787 
109.5 300 331.672 362.763 421.828 516.323 564.306 563.296 467.326   309.826 
109.6 300 331.605 362.631 421.579 515.943 563.935 563.045 467.371   309.865 
109.7 300 331.538 362.499 421.332 515.564 563.566 562.794 467.415   309.904 
109.8 300 331.471 362.368 421.085 515.186 563.197 562.543 467.459   309.943 
109.9 300 331.404 362.238 420.839 514.809 562.829 562.293 467.502   309.982 
110 300 331.338 362.108 420.594 514.434 562.462 562.042 467.544   310.021 
110.1 300 331.272 361.978 420.349 514.059 562.096 561.792 467.586   310.06 
110.2 300 331.206 361.849 420.106 513.685 561.73 561.542 467.627   310.1 
110.3 300 331.141 361.72 419.864 513.313 561.365 561.291 467.668   310.139 
110.4 300 331.076 361.592 419.622 512.941 561.001 561.042 467.708   310.179 
110.5 300 331.011 361.464 419.382 512.571 560.638 560.792 467.748   310.218 
110.6 300 330.946 361.337 419.142 512.201 560.276 560.542 467.787   310.258 
110.7 300 330.881 361.21 418.903 511.833 559.914 560.293 467.826   310.298 
110.8 300 330.817 361.084 418.665 511.466 559.553 560.043 467.864   310.338 
110.9 300 330.753 360.958 418.428 511.1 559.193 559.794 467.901   310.378 
111 300 330.689 360.833 418.191 510.734 558.834 559.545 467.938   310.418 
111.1 300 330.626 360.708 417.955 510.37 558.475 559.296 467.974   310.458 
111.2 300 330.562 360.584 417.721 510.007 558.117 559.047 468.01   310.498 
111.3 300 330.499 360.46 417.487 509.645 557.76 558.799 468.045   310.538 
111.4 300 330.436 360.336 417.253 509.284 557.404 558.551 468.08   310.578 
111.5 300 330.374 360.213 417.021 508.924 557.048 558.302 468.114   310.619 
111.6 300 330.311 360.09 416.789 508.565 556.693 558.054 468.148   310.659 
111.7 300 330.249 359.968 416.559 508.207 556.339 557.806 468.181   310.7 
111.8 300 330.187 359.846 416.329 507.85 555.986 557.559 468.213   310.741 
111.9 300 330.125 359.725 416.099 507.494 555.633 557.311 468.245   310.781 
112 300 330.064 359.604 415.871 507.139 555.281 557.064 468.277   310.822 
112.1 300 330.002 359.484 415.643 506.785 554.93 556.817 468.308   310.863 
112.2 300 329.941 359.364 415.417 506.432 554.579 556.57 468.338   310.904 
112.3 300 329.88 359.244 415.191 506.08 554.23 556.323 468.368   310.945 
112.4 300 329.82 359.125 414.966 505.729 553.881 556.076 468.398   310.986 
112.5 300 329.759 359.006 414.741 505.379 553.532 555.83 468.426   311.027 
112.6 300 329.699 358.888 414.518 505.03 553.185 555.583 468.455   311.069 
112.7 300 329.639 358.77 414.295 504.682 552.838 555.337 468.483   311.11 
112.8 300 329.579 358.652 414.073 504.335 552.492 555.091 468.51   311.151 
112.9 300 329.52 358.535 413.851 503.989 552.146 554.845 468.537   311.193 
113 300 329.461 358.419 413.631 503.643 551.801 554.6 468.563   311.235 
113.1 300 329.401 358.303 413.411 503.299 551.457 554.354 468.589   311.276 
113.2 300 329.343 358.187 413.192 502.956 551.114 554.109 468.614   311.318 
113.3 300 329.284 358.071 412.973 502.614 550.771 553.864 468.639   311.36 
113.4 300 329.225 357.956 412.756 502.272 550.429 553.619 468.663   311.402 
113.5 300 329.167 357.842 412.539 501.932 550.087 553.374 468.687   311.444 
113.6 300 329.109 357.728 412.323 501.592 549.747 553.13 468.71   311.486 
113.7 300 329.051 357.614 412.107 501.254 549.407 552.886 468.733   311.528 
113.8 300 328.993 357.5 411.893 500.916 549.067 552.641 468.755   311.57 
113.9 300 328.936 357.387 411.679 500.579 548.729 552.397 468.777   311.612 
114 300 328.879 357.275 411.465 500.244 548.391 552.154 468.798   311.655 
114.1 300 328.822 357.163 411.253 499.909 548.053 551.91 468.819   311.697 
114.2 300 328.765 357.051 411.041 499.575 547.717 551.667 468.84   311.74 
114.3 300 328.708 356.939 410.83 499.242 547.381 551.423 468.86   311.782 
114.4 300 328.652 356.828 410.619 498.91 547.046 551.18 468.879   311.825 
114.5 300 328.595 356.717 410.409 498.578 546.711 550.937 468.898   311.868 
114.6 300 328.539 356.607 410.2 498.248 546.377 550.695 468.916   311.911 
114.7 300 328.483 356.497 409.992 497.919 546.044 550.452 468.934   311.953 
114.8 300 328.428 356.388 409.784 497.59 545.711 550.21 468.952   311.996 
114.9 300 328.372 356.279 409.577 497.263 545.379 549.968 468.969   312.04 
115 300 328.317 356.17 409.371 496.936 545.048 549.726 468.985   312.083 
115.1 300 328.262 356.061 409.166 496.61 544.718 549.484 469.002   312.126 
115.2 300 328.207 355.953 408.961 496.285 544.388 549.243 469.017   312.169 
115.3 300 328.152 355.846 408.757 495.961 544.059 549.002 469.032   312.213 
115.4 300 328.098 355.738 408.553 495.638 543.73 548.761 469.047   312.256 
115.5 300 328.043 355.631 408.35 495.315 543.402 548.52 469.061   312.299 
115.6 300 327.989 355.525 408.148 494.994 543.075 548.279 469.075   312.343 
115.7 300 327.935 355.418 407.946 494.673 542.748 548.038 469.088   312.387 
115.8 300 327.881 355.313 407.745 494.353 542.422 547.798 469.101   312.43 
115.9 300 327.828 355.207 407.545 494.034 542.097 547.558 469.114   312.474 
116 300 327.774 355.102 407.346 493.716 541.773 547.318 469.126   312.518 
116.1 300 327.721 354.997 407.147 493.399 541.449 547.079 469.137   312.562 
116.2 300 327.668 354.893 406.948 493.083 541.125 546.839 469.149   312.606 
116.3 300 327.615 354.789 406.75 492.767 540.803 546.6 469.159   312.65 
116.4 300 327.562 354.685 406.553 492.453 540.481 546.361 469.169   312.694 
116.5 300 327.51 354.581 406.357 492.139 540.159 546.122 469.179   312.739 
116.6 300 327.457 354.478 406.161 491.826 539.838 545.883 469.189   312.783 
116.7 300 327.405 354.376 405.966 491.514 539.518 545.645 469.197   312.827 
116.8 300 327.353 354.273 405.771 491.203 539.199 545.407 469.206   312.872 
116.9 300 327.301 354.171 405.577 490.892 538.88 545.169 469.214   312.916 
117 300 327.25 354.069 405.384 490.582 538.562 544.931 469.222   312.961 
117.1 300 327.198 353.968 405.192 490.274 538.245 544.693 469.229   313.006 
117.2 300 327.147 353.867 405 489.966 537.928 544.456 469.236   313.05 
117.3 300 327.096 353.766 404.808 489.658 537.611 544.219 469.242   313.095 
117.4 300 327.045 353.666 404.617 489.352 537.296 543.982 469.248   313.14 
117.5 300 326.994 353.566 404.427 489.046 536.981 543.745 469.253   313.185 
117.6 300 326.943 353.466 404.238 488.742 536.666 543.509 469.258   313.23 
117.7 300 326.893 353.367 404.049 488.438 536.353 543.273 469.263   313.275 
117.8 300 326.842 353.268 403.86 488.134 536.04 543.037 469.267   313.32 
117.9 300 326.792 353.169 403.672 487.832 535.727 542.801 469.271   313.366 
118 300 326.742 353.07 403.485 487.53 535.415 542.565 469.275   313.411 
118.1 300 326.692 352.972 403.299 487.23 535.104 542.33 469.278   313.456 
118.2 300 326.643 352.875 403.112 486.93 534.794 542.095 469.28   313.502 
118.3 300 326.593 352.777 402.927 486.63 534.484 541.86 469.282   313.547 
118.4 300 326.544 352.68 402.742 486.332 534.174 541.625 469.284   313.593 
118.5 300 326.495 352.583 402.558 486.034 533.866 541.391 469.286   313.639 
118.6 300 326.446 352.487 402.374 485.737 533.557 541.156 469.287   313.684 
118.7 300 326.397 352.39 402.191 485.441 533.25 540.922 469.287   313.73 
118.8 300 326.348 352.294 402.008 485.146 532.943 540.689 469.288   313.776 
118.9 300 326.3 352.199 401.826 484.851 532.637 540.455 469.287   313.822 
119 300 326.251 352.104 401.645 484.557 532.331 540.222 469.287   313.868 
119.1 300 326.203 352.009 401.464 484.264 532.026 539.989 469.286   313.914 
119.2 300 326.155 351.914 401.283 483.972 531.722 539.756 469.285   313.96 
119.3 300 326.107 351.819 401.104 483.681 531.418 539.523 469.283   314.007 
119.4 300 326.059 351.725 400.925 483.39 531.114 539.291 469.281   314.053 
119.5 300 326.012 351.632 400.746 483.1 530.812 539.059 469.278   314.099 
119.6 300 325.964 351.538 400.568 482.81 530.51 538.827 469.275   314.146 
119.7 300 325.917 351.445 400.39 482.522 530.208 538.595 469.272   314.192 
119.8 300 325.87 351.352 400.213 482.234 529.907 538.364 469.269   314.239 
119.9 300 325.823 351.259 400.037 481.947 529.607 538.133 469.265   314.285 
120 300 325.776 351.167 399.861 481.661 529.308 537.902 469.26   314.332 
