// Tabulated gas properties as a function of pressure and temperature. 
// Interpolation is linear. No extrapolation is allowed.
// If out of (p,B'g,T) range, PATO will send a warning and exit.
// NB: all data are needed: do not use zeros.

// p (Pa)	T (K)		M (kg/mol)	h_g (J/kg)	nu (Pa.s)

1.000E+06	2.000E+02	2.200E-02	-7.247E+06	8.688E-06
1.000E+06	2.250E+02	2.200E-02	-7.208E+06	9.666E-06
1.000E+06	2.500E+02	2.200E-02	-7.170E+06	1.065E-05
1.000E+06	2.750E+02	2.200E-02	-7.130E+06	1.162E-05
1.000E+06	3.000E+02	2.200E-02	-7.090E+06	1.257E-05
1.000E+06	3.250E+02	2.200E-02	-7.049E+06	1.351E-05
1.000E+06	3.500E+02	2.200E-02	-7.006E+06	1.444E-05
1.000E+06	3.750E+02	2.199E-02	-6.963E+06	1.534E-05
1.000E+06	4.000E+02	2.199E-02	-6.917E+06	1.623E-05
1.000E+06	4.250E+02	2.199E-02	-6.870E+06	1.710E-05
1.000E+06	4.500E+02	2.198E-02	-6.821E+06	1.796E-05
1.000E+06	4.750E+02	2.197E-02	-6.770E+06	1.879E-05
1.000E+06	5.000E+02	2.195E-02	-6.715E+06	1.962E-05
1.000E+06	5.250E+02	2.192E-02	-6.657E+06	2.042E-05
1.000E+06	5.500E+02	2.187E-02	-6.595E+06	2.122E-05
1.000E+06	5.750E+02	2.180E-02	-6.527E+06	2.201E-05
1.000E+06	6.000E+02	2.171E-02	-6.451E+06	2.279E-05
1.000E+06	6.250E+02	2.159E-02	-6.365E+06	2.356E-05
1.000E+06	6.500E+02	2.142E-02	-6.266E+06	2.432E-05
1.000E+06	6.750E+02	2.119E-02	-6.148E+06	2.509E-05
1.000E+06	7.000E+02	2.089E-02	-6.005E+06	2.586E-05
1.000E+06	7.250E+02	2.050E-02	-5.827E+06	2.664E-05
1.000E+06	7.500E+02	1.999E-02	-5.608E+06	2.744E-05
1.000E+06	7.750E+02	1.937E-02	-5.338E+06	2.826E-05
1.000E+06	8.000E+02	1.864E-02	-5.014E+06	2.909E-05
1.000E+06	8.250E+02	1.784E-02	-4.638E+06	2.993E-05
1.000E+06	8.500E+02	1.700E-02	-4.219E+06	3.076E-05
1.000E+06	8.750E+02	1.619E-02	-3.775E+06	3.157E-05
1.000E+06	9.000E+02	1.546E-02	-3.335E+06	3.235E-05
1.000E+06	9.250E+02	1.486E-02	-2.936E+06	3.309E-05
1.000E+06	9.500E+02	1.441E-02	-2.605E+06	3.378E-05
1.000E+06	9.750E+02	1.412E-02	-2.353E+06	3.444E-05
1.000E+06	1.000E+03	1.395E-02	-2.170E+06	3.506E-05
1.000E+06	1.025E+03	1.385E-02	-2.034E+06	3.566E-05
1.000E+06	1.050E+03	1.380E-02	-1.925E+06	3.625E-05
1.000E+06	1.075E+03	1.378E-02	-1.830E+06	3.683E-05
1.000E+06	1.100E+03	1.376E-02	-1.741E+06	3.740E-05
1.000E+06	1.125E+03	1.375E-02	-1.653E+06	3.797E-05
1.000E+06	1.150E+03	1.374E-02	-1.561E+06	3.854E-05
1.000E+06	1.175E+03	1.371E-02	-1.454E+06	3.913E-05
1.000E+06	1.200E+03	1.364E-02	-1.316E+06	3.979E-05
1.000E+06	1.225E+03	1.353E-02	-1.144E+06	4.053E-05
1.000E+06	1.250E+03	1.340E-02	-9.480E+05	4.131E-05
1.000E+06	1.275E+03	1.326E-02	-7.397E+05	4.212E-05
1.000E+06	1.300E+03	1.311E-02	-5.255E+05	4.292E-05
1.000E+06	1.325E+03	1.297E-02	-3.087E+05	4.371E-05
1.000E+06	1.350E+03	1.284E-02	-9.028E+04	4.448E-05
1.000E+06	1.375E+03	1.271E-02	1.299E+05	4.521E-05
1.000E+06	1.400E+03	1.258E-02	3.533E+05	4.589E-05
1.000E+06	1.425E+03	1.246E-02	5.820E+05	4.651E-05
1.000E+06	1.450E+03	1.234E-02	8.187E+05	4.708E-05
1.000E+06	1.475E+03	1.222E-02	1.067E+06	4.757E-05
1.000E+06	1.500E+03	1.210E-02	1.329E+06	4.799E-05
1.000E+06	1.525E+03	1.198E-02	1.608E+06	4.832E-05
1.000E+06	1.550E+03	1.186E-02	1.905E+06	4.859E-05
1.000E+06	1.575E+03	1.173E-02	2.214E+06	4.880E-05
1.000E+06	1.600E+03	1.161E-02	2.527E+06	4.899E-05
1.000E+06	1.625E+03	1.150E-02	2.827E+06	4.920E-05
1.000E+06	1.650E+03	1.140E-02	3.098E+06	4.946E-05
1.000E+06	1.675E+03	1.132E-02	3.331E+06	4.981E-05
1.000E+06	1.700E+03	1.126E-02	3.529E+06	5.021E-05
1.000E+06	1.725E+03	1.121E-02	3.701E+06	5.066E-05
1.000E+06	1.750E+03	1.117E-02	3.853E+06	5.112E-05
1.000E+06	1.775E+03	1.114E-02	3.991E+06	5.160E-05
1.000E+06	1.800E+03	1.112E-02	4.119E+06	5.209E-05
1.000E+06	1.825E+03	1.110E-02	4.241E+06	5.258E-05
1.000E+06	1.850E+03	1.108E-02	4.356E+06	5.306E-05
1.000E+06	1.875E+03	1.107E-02	4.468E+06	5.355E-05
1.000E+06	1.900E+03	1.106E-02	4.576E+06	5.404E-05
1.000E+06	1.925E+03	1.105E-02	4.682E+06	5.453E-05
1.000E+06	1.950E+03	1.104E-02	4.786E+06	5.502E-05
1.000E+06	1.975E+03	1.103E-02	4.889E+06	5.550E-05
1.000E+06	2.000E+03	1.102E-02	4.991E+06	5.599E-05
1.000E+06	2.025E+03	1.102E-02	5.093E+06	5.647E-05
1.000E+06	2.050E+03	1.101E-02	5.195E+06	5.696E-05
1.000E+06	2.075E+03	1.101E-02	5.297E+06	5.744E-05
1.000E+06	2.100E+03	1.100E-02	5.399E+06	5.792E-05
1.000E+06	2.125E+03	1.100E-02	5.502E+06	5.840E-05
1.000E+06	2.150E+03	1.100E-02	5.605E+06	5.888E-05
1.000E+06	2.175E+03	1.099E-02	5.710E+06	5.936E-05
1.000E+06	2.200E+03	1.099E-02	5.816E+06	5.984E-05
1.000E+06	2.225E+03	1.098E-02	5.924E+06	6.032E-05
1.000E+06	2.250E+03	1.098E-02	6.033E+06	6.080E-05
1.000E+06	2.275E+03	1.097E-02	6.144E+06	6.128E-05
1.000E+06	2.300E+03	1.096E-02	6.257E+06	6.176E-05
1.000E+06	2.325E+03	1.096E-02	6.373E+06	6.224E-05
1.000E+06	2.350E+03	1.095E-02	6.491E+06	6.272E-05
1.000E+06	2.375E+03	1.094E-02	6.612E+06	6.320E-05
1.000E+06	2.400E+03	1.093E-02	6.736E+06	6.368E-05
1.000E+06	2.425E+03	1.092E-02	6.863E+06	6.416E-05
1.000E+06	2.450E+03	1.091E-02	6.994E+06	6.464E-05
1.000E+06	2.475E+03	1.090E-02	7.128E+06	6.512E-05
1.000E+06	2.500E+03	1.089E-02	7.267E+06	6.560E-05
1.000E+06	2.525E+03	1.088E-02	7.410E+06	6.609E-05
1.000E+06	2.550E+03	1.086E-02	7.558E+06	6.657E-05
1.000E+06	2.575E+03	1.085E-02	7.711E+06	6.705E-05
1.000E+06	2.600E+03	1.083E-02	7.870E+06	6.754E-05
1.000E+06	2.625E+03	1.081E-02	8.034E+06	6.803E-05
1.000E+06	2.650E+03	1.080E-02	8.204E+06	6.852E-05
1.000E+06	2.675E+03	1.077E-02	8.382E+06	6.901E-05
1.000E+06	2.700E+03	1.075E-02	8.566E+06	6.951E-05
1.000E+06	2.725E+03	1.073E-02	8.757E+06	7.000E-05
1.000E+06	2.750E+03	1.070E-02	8.957E+06	7.050E-05
1.000E+06	2.775E+03	1.067E-02	9.165E+06	7.100E-05
1.000E+06	2.800E+03	1.064E-02	9.382E+06	7.151E-05
1.000E+06	2.825E+03	1.061E-02	9.608E+06	7.201E-05
1.000E+06	2.850E+03	1.058E-02	9.844E+06	7.252E-05
1.000E+06	2.875E+03	1.054E-02	1.009E+07	7.304E-05
1.000E+06	2.900E+03	1.050E-02	1.035E+07	7.356E-05
1.000E+06	2.925E+03	1.046E-02	1.062E+07	7.408E-05
1.000E+06	2.950E+03	1.042E-02	1.090E+07	7.461E-05
1.000E+06	2.975E+03	1.037E-02	1.119E+07	7.514E-05
1.000E+06	3.000E+03	1.033E-02	1.150E+07	7.567E-05
1.000E+06	3.025E+03	1.027E-02	1.182E+07	7.621E-05
1.000E+06	3.050E+03	1.022E-02	1.216E+07	7.676E-05
1.000E+06	3.075E+03	1.016E-02	1.251E+07	7.731E-05
1.000E+06	3.100E+03	1.011E-02	1.288E+07	7.787E-05
1.000E+06	3.125E+03	1.004E-02	1.326E+07	7.843E-05
1.000E+06	3.150E+03	9.978E-03	1.366E+07	7.900E-05
1.000E+06	3.175E+03	9.910E-03	1.408E+07	7.957E-05
1.000E+06	3.200E+03	9.839E-03	1.452E+07	8.015E-05
1.000E+06	3.225E+03	9.766E-03	1.498E+07	8.074E-05
1.000E+06	3.250E+03	9.689E-03	1.546E+07	8.133E-05
1.000E+06	3.275E+03	9.610E-03	1.596E+07	8.193E-05
1.000E+06	3.300E+03	9.529E-03	1.648E+07	8.253E-05
1.000E+06	3.325E+03	9.444E-03	1.702E+07	8.313E-05
1.000E+06	3.350E+03	9.357E-03	1.758E+07	8.374E-05
1.000E+06	3.375E+03	9.268E-03	1.817E+07	8.436E-05
1.000E+06	3.400E+03	9.177E-03	1.877E+07	8.497E-05
1.000E+06	3.425E+03	9.085E-03	1.940E+07	8.558E-05
1.000E+06	3.450E+03	8.990E-03	2.005E+07	8.620E-05
1.000E+06	3.475E+03	8.894E-03	2.072E+07	8.680E-05
1.000E+06	3.500E+03	8.797E-03	2.140E+07	8.741E-05
1.000E+06	3.525E+03	8.699E-03	2.211E+07	8.801E-05
1.000E+06	3.550E+03	8.601E-03	2.283E+07	8.859E-05
1.000E+06	3.575E+03	8.503E-03	2.357E+07	8.917E-05
1.000E+06	3.600E+03	8.405E-03	2.432E+07	8.974E-05
1.000E+06	3.625E+03	8.307E-03	2.509E+07	9.029E-05
1.000E+06	3.650E+03	8.210E-03	2.587E+07	9.082E-05
1.000E+06	3.675E+03	8.113E-03	2.665E+07	9.133E-05
1.000E+06	3.700E+03	8.018E-03	2.745E+07	9.183E-05
1.000E+06	3.725E+03	7.925E-03	2.825E+07	9.230E-05
1.000E+06	3.750E+03	7.833E-03	2.906E+07	9.276E-05
1.000E+06	3.775E+03	7.743E-03	2.987E+07	9.319E-05
1.000E+06	3.800E+03	7.655E-03	3.068E+07	9.360E-05
1.000E+06	3.825E+03	7.569E-03	3.149E+07	9.398E-05
1.000E+06	3.850E+03	7.485E-03	3.230E+07	9.435E-05
1.000E+06	3.875E+03	7.404E-03	3.311E+07	9.469E-05
1.000E+06	3.900E+03	7.325E-03	3.391E+07	9.502E-05
1.000E+06	3.925E+03	7.248E-03	3.471E+07	9.532E-05
1.000E+06	3.950E+03	7.174E-03	3.550E+07	9.561E-05
1.000E+06	3.975E+03	7.103E-03	3.628E+07	9.587E-05
				
1.000E+04	2.000E+02	2.200E-02	-7.247E+06	8.688E-06
1.000E+04	2.250E+02	2.200E-02	-7.208E+06	9.666E-06
1.000E+04	2.500E+02	2.200E-02	-7.170E+06	1.065E-05
1.000E+04	2.750E+02	2.200E-02	-7.130E+06	1.162E-05
1.000E+04	3.000E+02	2.200E-02	-7.090E+06	1.257E-05
1.000E+04	3.250E+02	2.200E-02	-7.049E+06	1.351E-05
1.000E+04	3.500E+02	2.200E-02	-7.006E+06	1.444E-05
1.000E+04	3.750E+02	2.199E-02	-6.963E+06	1.534E-05
1.000E+04	4.000E+02	2.199E-02	-6.917E+06	1.623E-05
1.000E+04	4.250E+02	2.199E-02	-6.870E+06	1.710E-05
1.000E+04	4.500E+02	2.198E-02	-6.821E+06	1.796E-05
1.000E+04	4.750E+02	2.197E-02	-6.770E+06	1.879E-05
1.000E+04	5.000E+02	2.195E-02	-6.715E+06	1.962E-05
1.000E+04	5.250E+02	2.192E-02	-6.657E+06	2.042E-05
1.000E+04	5.500E+02	2.187E-02	-6.595E+06	2.122E-05
1.000E+04	5.750E+02	2.180E-02	-6.527E+06	2.201E-05
1.000E+04	6.000E+02	2.171E-02	-6.451E+06	2.279E-05
1.000E+04	6.250E+02	2.159E-02	-6.365E+06	2.356E-05
1.000E+04	6.500E+02	2.142E-02	-6.266E+06	2.432E-05
1.000E+04	6.750E+02	2.119E-02	-6.148E+06	2.509E-05
1.000E+04	7.000E+02	2.089E-02	-6.005E+06	2.586E-05
1.000E+04	7.250E+02	2.050E-02	-5.827E+06	2.664E-05
1.000E+04	7.500E+02	1.999E-02	-5.608E+06	2.744E-05
1.000E+04	7.750E+02	1.937E-02	-5.338E+06	2.826E-05
1.000E+04	8.000E+02	1.864E-02	-5.014E+06	2.909E-05
1.000E+04	8.250E+02	1.784E-02	-4.638E+06	2.993E-05
1.000E+04	8.500E+02	1.700E-02	-4.219E+06	3.076E-05
1.000E+04	8.750E+02	1.619E-02	-3.775E+06	3.157E-05
1.000E+04	9.000E+02	1.546E-02	-3.335E+06	3.235E-05
1.000E+04	9.250E+02	1.486E-02	-2.936E+06	3.309E-05
1.000E+04	9.500E+02	1.441E-02	-2.605E+06	3.378E-05
1.000E+04	9.750E+02	1.412E-02	-2.353E+06	3.444E-05
1.000E+04	1.000E+03	1.395E-02	-2.170E+06	3.506E-05
1.000E+04	1.025E+03	1.385E-02	-2.034E+06	3.566E-05
1.000E+04	1.050E+03	1.380E-02	-1.925E+06	3.625E-05
1.000E+04	1.075E+03	1.378E-02	-1.830E+06	3.683E-05
1.000E+04	1.100E+03	1.376E-02	-1.741E+06	3.740E-05
1.000E+04	1.125E+03	1.375E-02	-1.653E+06	3.797E-05
1.000E+04	1.150E+03	1.374E-02	-1.561E+06	3.854E-05
1.000E+04	1.175E+03	1.371E-02	-1.454E+06	3.913E-05
1.000E+04	1.200E+03	1.364E-02	-1.316E+06	3.979E-05
1.000E+04	1.225E+03	1.353E-02	-1.144E+06	4.053E-05
1.000E+04	1.250E+03	1.340E-02	-9.480E+05	4.131E-05
1.000E+04	1.275E+03	1.326E-02	-7.397E+05	4.212E-05
1.000E+04	1.300E+03	1.311E-02	-5.255E+05	4.292E-05
1.000E+04	1.325E+03	1.297E-02	-3.087E+05	4.371E-05
1.000E+04	1.350E+03	1.284E-02	-9.028E+04	4.448E-05
1.000E+04	1.375E+03	1.271E-02	1.299E+05	4.521E-05
1.000E+04	1.400E+03	1.258E-02	3.533E+05	4.589E-05
1.000E+04	1.425E+03	1.246E-02	5.820E+05	4.651E-05
1.000E+04	1.450E+03	1.234E-02	8.187E+05	4.708E-05
1.000E+04	1.475E+03	1.222E-02	1.067E+06	4.757E-05
1.000E+04	1.500E+03	1.210E-02	1.329E+06	4.799E-05
1.000E+04	1.525E+03	1.198E-02	1.608E+06	4.832E-05
1.000E+04	1.550E+03	1.186E-02	1.905E+06	4.859E-05
1.000E+04	1.575E+03	1.173E-02	2.214E+06	4.880E-05
1.000E+04	1.600E+03	1.161E-02	2.527E+06	4.899E-05
1.000E+04	1.625E+03	1.150E-02	2.827E+06	4.920E-05
1.000E+04	1.650E+03	1.140E-02	3.098E+06	4.946E-05
1.000E+04	1.675E+03	1.132E-02	3.331E+06	4.981E-05
1.000E+04	1.700E+03	1.126E-02	3.529E+06	5.021E-05
1.000E+04	1.725E+03	1.121E-02	3.701E+06	5.066E-05
1.000E+04	1.750E+03	1.117E-02	3.853E+06	5.112E-05
1.000E+04	1.775E+03	1.114E-02	3.991E+06	5.160E-05
1.000E+04	1.800E+03	1.112E-02	4.119E+06	5.209E-05
1.000E+04	1.825E+03	1.110E-02	4.241E+06	5.258E-05
1.000E+04	1.850E+03	1.108E-02	4.356E+06	5.306E-05
1.000E+04	1.875E+03	1.107E-02	4.468E+06	5.355E-05
1.000E+04	1.900E+03	1.106E-02	4.576E+06	5.404E-05
1.000E+04	1.925E+03	1.105E-02	4.682E+06	5.453E-05
1.000E+04	1.950E+03	1.104E-02	4.786E+06	5.502E-05
1.000E+04	1.975E+03	1.103E-02	4.889E+06	5.550E-05
1.000E+04	2.000E+03	1.102E-02	4.991E+06	5.599E-05
1.000E+04	2.025E+03	1.102E-02	5.093E+06	5.647E-05
1.000E+04	2.050E+03	1.101E-02	5.195E+06	5.696E-05
1.000E+04	2.075E+03	1.101E-02	5.297E+06	5.744E-05
1.000E+04	2.100E+03	1.100E-02	5.399E+06	5.792E-05
1.000E+04	2.125E+03	1.100E-02	5.502E+06	5.840E-05
1.000E+04	2.150E+03	1.100E-02	5.605E+06	5.888E-05
1.000E+04	2.175E+03	1.099E-02	5.710E+06	5.936E-05
1.000E+04	2.200E+03	1.099E-02	5.816E+06	5.984E-05
1.000E+04	2.225E+03	1.098E-02	5.924E+06	6.032E-05
1.000E+04	2.250E+03	1.098E-02	6.033E+06	6.080E-05
1.000E+04	2.275E+03	1.097E-02	6.144E+06	6.128E-05
1.000E+04	2.300E+03	1.096E-02	6.257E+06	6.176E-05
1.000E+04	2.325E+03	1.096E-02	6.373E+06	6.224E-05
1.000E+04	2.350E+03	1.095E-02	6.491E+06	6.272E-05
1.000E+04	2.375E+03	1.094E-02	6.612E+06	6.320E-05
1.000E+04	2.400E+03	1.093E-02	6.736E+06	6.368E-05
1.000E+04	2.425E+03	1.092E-02	6.863E+06	6.416E-05
1.000E+04	2.450E+03	1.091E-02	6.994E+06	6.464E-05
1.000E+04	2.475E+03	1.090E-02	7.128E+06	6.512E-05
1.000E+04	2.500E+03	1.089E-02	7.267E+06	6.560E-05
1.000E+04	2.525E+03	1.088E-02	7.410E+06	6.609E-05
1.000E+04	2.550E+03	1.086E-02	7.558E+06	6.657E-05
1.000E+04	2.575E+03	1.085E-02	7.711E+06	6.705E-05
1.000E+04	2.600E+03	1.083E-02	7.870E+06	6.754E-05
1.000E+04	2.625E+03	1.081E-02	8.034E+06	6.803E-05
1.000E+04	2.650E+03	1.080E-02	8.204E+06	6.852E-05
1.000E+04	2.675E+03	1.077E-02	8.382E+06	6.901E-05
1.000E+04	2.700E+03	1.075E-02	8.566E+06	6.951E-05
1.000E+04	2.725E+03	1.073E-02	8.757E+06	7.000E-05
1.000E+04	2.750E+03	1.070E-02	8.957E+06	7.050E-05
1.000E+04	2.775E+03	1.067E-02	9.165E+06	7.100E-05
1.000E+04	2.800E+03	1.064E-02	9.382E+06	7.151E-05
1.000E+04	2.825E+03	1.061E-02	9.608E+06	7.201E-05
1.000E+04	2.850E+03	1.058E-02	9.844E+06	7.252E-05
1.000E+04	2.875E+03	1.054E-02	1.009E+07	7.304E-05
1.000E+04	2.900E+03	1.050E-02	1.035E+07	7.356E-05
1.000E+04	2.925E+03	1.046E-02	1.062E+07	7.408E-05
1.000E+04	2.950E+03	1.042E-02	1.090E+07	7.461E-05
1.000E+04	2.975E+03	1.037E-02	1.119E+07	7.514E-05
1.000E+04	3.000E+03	1.033E-02	1.150E+07	7.567E-05
1.000E+04	3.025E+03	1.027E-02	1.182E+07	7.621E-05
1.000E+04	3.050E+03	1.022E-02	1.216E+07	7.676E-05
1.000E+04	3.075E+03	1.016E-02	1.251E+07	7.731E-05
1.000E+04	3.100E+03	1.011E-02	1.288E+07	7.787E-05
1.000E+04	3.125E+03	1.004E-02	1.326E+07	7.843E-05
1.000E+04	3.150E+03	9.978E-03	1.366E+07	7.900E-05
1.000E+04	3.175E+03	9.910E-03	1.408E+07	7.957E-05
1.000E+04	3.200E+03	9.839E-03	1.452E+07	8.015E-05
1.000E+04	3.225E+03	9.766E-03	1.498E+07	8.074E-05
1.000E+04	3.250E+03	9.689E-03	1.546E+07	8.133E-05
1.000E+04	3.275E+03	9.610E-03	1.596E+07	8.193E-05
1.000E+04	3.300E+03	9.529E-03	1.648E+07	8.253E-05
1.000E+04	3.325E+03	9.444E-03	1.702E+07	8.313E-05
1.000E+04	3.350E+03	9.357E-03	1.758E+07	8.374E-05
1.000E+04	3.375E+03	9.268E-03	1.817E+07	8.436E-05
1.000E+04	3.400E+03	9.177E-03	1.877E+07	8.497E-05
1.000E+04	3.425E+03	9.085E-03	1.940E+07	8.558E-05
1.000E+04	3.450E+03	8.990E-03	2.005E+07	8.620E-05
1.000E+04	3.475E+03	8.894E-03	2.072E+07	8.680E-05
1.000E+04	3.500E+03	8.797E-03	2.140E+07	8.741E-05
1.000E+04	3.525E+03	8.699E-03	2.211E+07	8.801E-05
1.000E+04	3.550E+03	8.601E-03	2.283E+07	8.859E-05
1.000E+04	3.575E+03	8.503E-03	2.357E+07	8.917E-05
1.000E+04	3.600E+03	8.405E-03	2.432E+07	8.974E-05
1.000E+04	3.625E+03	8.307E-03	2.509E+07	9.029E-05
1.000E+04	3.650E+03	8.210E-03	2.587E+07	9.082E-05
1.000E+04	3.675E+03	8.113E-03	2.665E+07	9.133E-05
1.000E+04	3.700E+03	8.018E-03	2.745E+07	9.183E-05
1.000E+04	3.725E+03	7.925E-03	2.825E+07	9.230E-05
1.000E+04	3.750E+03	7.833E-03	2.906E+07	9.276E-05
1.000E+04	3.775E+03	7.743E-03	2.987E+07	9.319E-05
1.000E+04	3.800E+03	7.655E-03	3.068E+07	9.360E-05
1.000E+04	3.825E+03	7.569E-03	3.149E+07	9.398E-05
1.000E+04	3.850E+03	7.485E-03	3.230E+07	9.435E-05
1.000E+04	3.875E+03	7.404E-03	3.311E+07	9.469E-05
1.000E+04	3.900E+03	7.325E-03	3.391E+07	9.502E-05
1.000E+04	3.925E+03	7.248E-03	3.471E+07	9.532E-05
1.000E+04	3.950E+03	7.174E-03	3.550E+07	9.561E-05
1.000E+04	3.975E+03	7.103E-03	3.628E+07	9.587E-05
