// t(s) y_H2(-) y_CH4(-) y_CO(-) y_CO2(-)	y_Phenol(-)	y_H2O(-) y_1-Propanol(-) y_2-Propanol(-) y_Xylene(-) y_Cresol(-) y_Dimethyl_Phenol(-) y_Trimethyl_Phenol(-) y_Benzene(-) y_Toluene(-)
24.1774 0 0 0.137663 0.206758 0 0.377603 0.169381 0.108595 0 0 0 0 0 0 
27.1452 0 0 0.150789 0.234034 0 0.390299 0.142019 0.0828584 0 0 0 0 0 0 
30.1129 0 0 0.158381 0.240993 0 0.386019 0.13591 0.0786977 0 0 0 0 0 0 
33.2097 0 0 0.171234 0.244588 0 0.390472 0.123563 0.070142 0 0 0 0 0 0 
36.4677 0 0 0.197905 0.24432 0 0.363677 0.130402 0.0636955 0 0 0 0 0 0 
39.7903 0 0 0.194913 0.245002 0 0.376089 0.128232 0.0557625 0 0 0 0 0 0 
43.4032 0 0 0.213567 0.236867 0 0.371681 0.123974 0.0539108 0 0 0 0 0 0 
46.9516 0 0 0.227465 0.225725 0 0.384998 0.110438 0.051375 0 0 0 0 0 0 
50.5645 0 0 0.240704 0.216114 0 0.398094 0.0983588 0.0467282 0 0 0 0 0 0 
54.2742 0 0 0.255469 0.191974 0 0.421493 0.0905489 0.0405155 0 0 0 0 0 0 
58.1129 0 0 0.265466 0.183527 0 0.430266 0.0797307 0.0410112 0 0 0 0 0 0 
62.0161 0 0 0.318353 0.183408 0 0.498239 0 0 0 0 0 0 0 0 
66.0161 0 0 0.326932 0.160526 0 0.512542 0 0 0 0 0 0 0 0 
70.2742 0.000444397 0.0288838 0.295675 0.12844 0.040906 0.458646 0 0 0 0.0470042 0 0 0 0 
74.3387 0.000369215 0.02448 0.28499 0.111946 0.0454826 0.43075 0 0 0 0.0522632 0.0497199 0 0 0 
78.5 0.000514107 0.0214747 0.26786 0.102879 0.0559984 0.421129 0 0 0 0.0574524 0.0726931 0 0 0 
82.8871 0.000650015 0.0195377 0.240832 0.0867171 0.0691163 0.387242 0 0 0 0.0697348 0.0744035 0.0390336 0.0127324 0 
86.9516 0.000918935 0.0181605 0.218284 0.0776542 0.0857946 0.370853 0 0 0 0.0842742 0.0880202 0.0320413 0.0104515 0.0135482 
90.8226 0.00122775 0.0187227 0.209673 0.0725891 0.0931338 0.365711 0 0 0 0.09467 0.0945498 0.0276474 0.00921651 0.0128593 
94.9839 0.0016644 0.014714 0.188426 0.0628004 0.105514 0.348881 0 0 0.00984658 0.108018 0.114558 0.0277633 0.00748372 0.0103306 
99.371 0.0020803 0.0179309 0.197506 0.0605515 0.105204 0.340814 0 0 0.00894624 0.111589 0.115558 0.0222518 0.00806012 0.00950787 
103.5 0.00288192 0.0241364 0.193883 0.0562909 0.113291 0.325305 0 0 0.0119809 0.122044 0.110299 0.0225434 0.00763991 0.00970542 
107.565 0.00388562 0.0298849 0.19795 0.0480672 0.120925 0.312503 0 0 0.0156869 0.125057 0.109883 0.0192499 0.00802926 0.00887949 
111.79 0.00516962 0.0356471 0.207497 0.0476497 0.123344 0.297711 0 0 0.0163335 0.117083 0.104424 0.0186262 0.0102374 0.0162767 
115.694 0.00667845 0.0455452 0.220927 0.0416551 0.118766 0.284189 0 0 0.0200959 0.119413 0.0963585 0.0157553 0.0102681 0.020349 
119.435 0.00918278 0.0573492 0.246937 0.0366438 0.115233 0.273529 0 0 0.0233977 0.105929 0.0837688 0.0153422 0.011477 0.0212103 
123.048 0.011455 0.0721525 0.265257 0.0354261 0.111404 0.264439 0 0 0.0246309 0.0921685 0.0694159 0.0148323 0.0122052 0.0266135 
126.5 0.0158646 0.0890994 0.28525 0.0325957 0.104553 0.258519 0 0 0.0280108 0.085099 0.0622065 0 0.0119319 0.0268706 
130.081 0.0198941 0.0979858 0.315893 0.0310212 0.0972913 0.245502 0 0 0.0269383 0.0711426 0.0522409 0 0.0139478 0.0281434 
133.306 0.025814 0.114103 0.332089 0.02922 0.0847989 0.239221 0 0 0.0226555 0.0615416 0.0498257 0 0.0140764 0.026655 
136.468 0.0318748 0.118878 0.359827 0.0282685 0.0743984 0.231431 0 0 0.0209811 0.0534311 0.0398387 0 0.0146655 0.0264049 
139.565 0.0373721 0.123894 0.375008 0.0271949 0.0678451 0.222642 0 0 0.0196797 0.0473325 0.0390032 0 0.0148821 0.0251466 
142.532 0.0452973 0.131854 0.368402 0.0265303 0.0618892 0.227074 0 0 0.0191988 0.0456326 0.0354836 0 0.0154102 0.0232276 
145.435 0.0528203 0.130747 0.391401 0.0281866 0.0602735 0.209782 0 0 0.0191611 0.0415555 0.0312971 0 0.0154626 0.019313 
148.371 0.0618084 0.130469 0.40309 0.0258845 0.0553509 0.202896 0 0 0.0172701 0.0385675 0.0305756 0 0.0156393 0.0184484 
151.5 0.0693647 0.127359 0.407737 0.0241698 0.0541751 0.202644 0 0 0.016156 0.0372078 0.0274838 0 0.0160219 0.0176803 
154.403 0.0785841 0.125049 0.416883 0.0243292 0.052025 0.19152 0 0 0.0142954 0.0367883 0.0268409 0 0.0160541 0.0176317 
157.339 0.0870211 0.122401 0.410216 0.0240855 0.0522293 0.194408 0 0 0.0139109 0.0358427 0.0263668 0 0.0150519 0.0184658 
160.435 0.094135 0.120887 0.41302 0.0248763 0.0516531 0.191854 0 0 0.0121752 0.0345491 0.0240188 0 0.014717 0.0181153 
163.274 0.100559 0.116503 0.416694 0.0246483 0.0494131 0.189181 0 0 0.010219 0.0331215 0.0245888 0 0.0157213 0.0193515 
165.887 0.106786 0.113789 0.423905 0.0253932 0.0516297 0.170403 0 0 0.0120497 0.0347777 0.0265777 0 0.0155153 0.0191737 
168.565 0.113229 0.110109 0.407865 0.0270071 0.0548149 0.178008 0 0 0.0121459 0.0359924 0.0254132 0 0.0162484 0.019167 
171.306 0.116791 0.107219 0.405671 0.0264766 0.0576654 0.174613 0 0 0.0130098 0.0385526 0.0258598 0 0.0156638 0.0184773 
173.758 0.118178 0.105309 0.426905 0.0273465 0.0518571 0.166856 0 0 0 0.0405706 0.0272134 0 0.0173994 0.0183642 
176.177 0.12166 0.104863 0.422582 0.0276655 0.0544265 0.165341 0 0 0 0.0380681 0.0291826 0 0.0176765 0.0185347 
178.694 0.125543 0.102058 0.417111 0.0280024 0.0535095 0.17072 0 0 0 0.0380632 0.0281157 0 0.0169189 0.0199579 
181.048 0.12376 0.100706 0.429875 0.0276313 0.053834 0.163377 0 0 0 0.0362105 0.0289761 0 0.0163469 0.0192831 
183.371 0.126702 0.100808 0.419137 0.028318 0.0563298 0.161746 0 0 0 0.0388365 0.0310775 0 0.0163635 0.0206815 
185.629 0.127887 0.0992698 0.424709 0.0285992 0.0553315 0.161667 0 0 0 0.040156 0.0283529 0 0.0169195 0.0171073 
187.919 0.131716 0.0995581 0.439211 0.0280353 0.0568756 0.164785 0 0 0 0.0423922 0 0 0.0178617 0.019565 
190.306 0.135115 0.0992326 0.438028 0.029496 0.0566046 0.160987 0 0 0 0.0427427 0 0 0.0187924 0.019001 
192.5 0.133248 0.097421 0.435313 0.0306609 0.0588401 0.164127 0 0 0 0.042499 0 0 0.0181392 0.0197514 
194.694 0.136649 0.0969692 0.441293 0.0306373 0.0568939 0.155115 0 0 0 0.0435838 0 0 0.0186023 0.0202556 
196.952 0.137696 0.0973828 0.441082 0.0308945 0.0607075 0.150391 0 0 0 0.0430857 0 0 0.0177834 0.0209777 
199.242 0.139863 0.0985618 0.449719 0.0305325 0.0615591 0.157122 0 0 0 0.040727 0 0 0 0.0219166 
201.532 0.140804 0.0955541 0.454556 0.0307381 0.0579968 0.155431 0 0 0 0.0422072 0 0 0 0.0227131 
203.823 0.148179 0.100559 0.472308 0.032348 0.0610344 0.159677 0 0 0 0 0 0 0 0.0258946 
206.21 0.150162 0.0977513 0.474164 0.0327808 0.0616011 0.158584 0 0 0 0 0 0 0 0.0249565 
208.5 0.156045 0.097819 0.492742 0.0330329 0.0640146 0.156346 0 0 0 0 0 0 0 0 
210.855 0.157564 0.101857 0.485721 0.0343967 0.0620604 0.158401 0 0 0 0 0 0 0 0 
213.306 0.155582 0.099828 0.495084 0.0339642 0.0585711 0.15697 0 0 0 0 0 0 0 0 
215.597 0.157681 0.0971275 0.494695 0.0344223 0.0569867 0.159087 0 0 0 0 0 0 0 0 
217.887 0.157697 0.0961932 0.496631 0.0355734 0.0588924 0.155013 0 0 0 0 0 0 0 0 
220.177 0.156356 0.0943741 0.501896 0.0353101 0.0578881 0.154176 0 0 0 0 0 0 0 0 
222.435 0.157427 0.0907017 0.505336 0.035552 0.0557507 0.155233 0 0 0 0 0 0 0 0 
224.823 0.169924 0.0946382 0.535137 0.0383315 0 0.16197 0 0 0 0 0 0 0 0 
227.048 0.175793 0.0964599 0.539021 0.0370529 0 0.151674 0 0 0 0 0 0 0 0 
229.306 0.173177 0.0984185 0.541372 0.0378052 0 0.149227 0 0 0 0 0 0 0 0 
231.532 0.169625 0.0949717 0.541179 0.0370298 0 0.157194 0 0 0 0 0 0 0 0 
233.726 0.173079 0.0969057 0.543293 0.0377839 0 0.148938 0 0 0 0 0 0 0 0 
235.952 0.168849 0.0930061 0.550399 0.0368603 0 0.150886 0 0 0 0 0 0 0 0 
238.21 0.174212 0.092406 0.546847 0.0366225 0 0.149912 0 0 0 0 0 0 0 0 
240.694 0.173456 0.0920051 0.544475 0.0350612 0 0.155003 0 0 0 0 0 0 0 0 
243.145 0.174212 0.092406 0.546847 0.0366225 0 0.149912 0 0 0 0 0 0 0 0 
245.758 0.176607 0.0903308 0.552093 0.0344231 0 0.146546 0 0 0 0 0 0 0 0 
248.435 0.181205 0.0894865 0.555615 0.0341014 0 0.139592 0 0 0 0 0 0 0 0 
251.274 0.183795 0.0926149 0.553285 0.033436 0 0.136869 0 0 0 0 0 0 0 0 
254.177 0.183129 0.0874224 0.559761 0.0333148 0 0.136372 0 0 0 0 0 0 0 0 
257.048 0.181349 0.0865728 0.56272 0.0343107 0 0.135047 0 0 0 0 0 0 0 0 
260.145 0.182334 0.087043 0.565776 0.034497 0 0.130349 0 0 0 0 0 0 0 0 
263.081 0.18302 0.0825162 0.559427 0.0332949 0 0.141743 0 0 0 0 0 0 0 0 
265.952 0.18085 0.0863343 0.56117 0.0315841 0 0.140062 0 0 0 0 0 0 0 0 
268.952 0.18282 0.0872746 0.567282 0.0319281 0 0.130696 0 0 0 0 0 0 0 0 
271.79 0.18371 0.0828276 0.570045 0.0320837 0 0.131333 0 0 0 0 0 0 0 0 
274.565 0.18371 0.0828276 0.570045 0.0320837 0 0.131333 0 0 0 0 0 0 0 0 
277.339 0.17947 0.0837062 0.567494 0.031073 0 0.138256 0 0 0 0 0 0 0 0 
280.113 0.180468 0.0841717 0.57065 0.0312458 0 0.133464 0 0 0 0 0 0 0 0 
283.081 0.176214 0.0801156 0.577099 0.0315989 0 0.134972 0 0 0 0 0 0 0 0 
285.855 0.184459 0.0809722 0.583268 0.0319367 0 0.119364 0 0 0 0 0 0 0 0 
288.661 0.179033 0.081397 0.577445 0.0307084 0 0.131417 0 0 0 0 0 0 0 0 
291.468 0.184635 0.0839441 0.586353 0.0331089 0 0.111959 0 0 0 0 0 0 0 0 
294.21 0.180221 0.0796612 0.584258 0.0306 0 0.12526 0 0 0 0 0 0 0 0 
296.984 0.179627 0.0793984 0.591574 0.0304991 0 0.118901 0 0 0 0 0 0 0 0 
299.758 0.175911 0.0753635 0.592219 0.02954 0 0.126966 0 0 0 0 0 0 0 0 
302.629 0.175651 0.0752524 0.591346 0.0309712 0 0.126779 0 0 0 0 0 0 0 0 
305.339 0.170089 0.0811974 0.604978 0.0282196 0 0.115516 0 0 0 0 0 0 0 0 
308.048 0.168203 0.0780665 0.613459 0.0275395 0 0.112732 0 0 0 0 0 0 0 0 
310.726 0.167156 0.0775806 0.609641 0.0273681 0 0.118254 0 0 0 0 0 0 0 0 
313.339 0.16311 0.078994 0.620748 0.0294148 0 0.107734 0 0 0 0 0 0 0 0 
316.016 0.165677 0.0745061 0.62051 0.0298778 0 0.109429 0 0 0 0 0 0 0 0 
318.661 0.159623 0.0750466 0.625012 0.0300946 0 0.110223 0 0 0 0 0 0 0 0 
321.435 0.162574 0.0764338 0.626297 0.0290377 0 0.105657 0 0 0 0 0 0 0 0 
323.984 0.158925 0.0722549 0.630879 0.0297376 0 0.108204 0 0 0 0 0 0 0 0 
326.532 0.160882 0.0731448 0.628005 0.0284314 0 0.109537 0 0 0 0 0 0 0 0 
329.339 0.160614 0.0730227 0.626957 0.0300536 0 0.109354 0 0 0 0 0 0 0 0 
331.952 0.152303 0.0727063 0.62424 0.028261 0 0.12249 0 0 0 0 0 0 0 0 
334.5 0.155477 0.0742216 0.63725 0.0288499 0 0.104202 0 0 0 0 0 0 0 0 
336.952 0.151236 0.0696641 0.630376 0.0278025 0 0.120921 0 0 0 0 0 0 0 0 
339.339 0.151236 0.0696641 0.630376 0.0278025 0 0.120921 0 0 0 0 0 0 0 0 
341.855 0.152807 0.0703876 0.648098 0.0280912 0 0.100616 0 0 0 0 0 0 0 0 
344.371 0.152807 0.0703876 0.648098 0.0280912 0 0.100616 0 0 0 0 0 0 0 0 
346.855 0.153076 0.0705114 0.649238 0.0263818 0 0.100793 0 0 0 0 0 0 0 0 
349.339 0.152807 0.0703876 0.648098 0.0280912 0 0.100616 0 0 0 0 0 0 0 0 
351.855 0.15426 0.0710569 0.642979 0.0301307 0 0.101573 0 0 0 0 0 0 0 0 
354.371 0.15426 0.0710569 0.642979 0.0301307 0 0.101573 0 0 0 0 0 0 0 0 
356.887 0.146886 0.0649264 0.657594 0.0285028 0 0.102091 0 0 0 0 0 0 0 0 
359.468 0.151816 0.0635736 0.654994 0.0296533 0 0.0999635 0 0 0 0 0 0 0 0 
361.952 0.150739 0.0631229 0.65035 0.029443 0 0.106344 0 0 0 0 0 0 0 0 
364.339 0.151263 0.0633423 0.652611 0.0260695 0 0.106714 0 0 0 0 0 0 0 0 
366.661 0.146081 0.0645706 0.65399 0.026575 0 0.108783 0 0 0 0 0 0 0 0 
368.952 0.148012 0.0654242 0.651211 0.0251312 0 0.110221 0 0 0 0 0 0 0 0 
371.177 0.148012 0.0654242 0.651211 0.0251312 0 0.110221 0 0 0 0 0 0 0 0 
373.242 0.148012 0.0654242 0.651211 0.0251312 0 0.110221 0 0 0 0 0 0 0 0 
375.274 0.1442 0.0674884 0.659972 0.0222207 0 0.106119 0 0 0 0 0 0 0 0 
