// t(s) RR_H2(1/s) RR_CH4(1/s) RR_CO(1/s) RR_CO2(1/s)	RR_Phenol(1/s)	RR_H2O(1/s) RR_11/sPropanol(1/s) RR_21/sPropanol(1/s) RR_Xylene(1/s) RR_Cresol(1/s) RR_Dimethyl_Phenol(1/s) RR_Trimethyl_Phenol(1/s) RR_Benzene(1/s) RR_Toluene(1/s)
24.1774 0 0 1.89571e-05 2.84718e-05 0 5.19983e-05 2.33247e-05 1.49542e-05 0 0 0 0 0 0 
27.1452 0 0 2.18237e-05 3.38717e-05 0 5.64879e-05 2.05544e-05 1.19921e-05 0 0 0 0 0 0 
30.1129 0 0 2.50928e-05 3.81814e-05 0 6.11585e-05 2.15327e-05 1.24684e-05 0 0 0 0 0 0 
33.2097 0 0 2.94789e-05 4.21072e-05 0 6.72219e-05 2.1272e-05 1.20753e-05 0 0 0 0 0 0 
36.4677 0 0 3.71335e-05 4.58425e-05 0 6.82379e-05 2.44678e-05 1.19514e-05 0 0 0 0 0 0 
39.7903 0 0 3.93944e-05 4.95179e-05 0 7.60122e-05 2.59173e-05 1.12703e-05 0 0 0 0 0 0 
43.4032 0 0 4.52901e-05 5.02312e-05 0 7.88207e-05 2.62906e-05 1.14326e-05 0 0 0 0 0 0 
46.9516 0 0 5.04021e-05 5.00166e-05 0 8.53086e-05 2.4471e-05 1.13838e-05 0 0 0 0 0 0 
50.5645 0 0 5.55974e-05 4.99177e-05 0 9.1951e-05 2.27187e-05 1.07932e-05 0 0 0 0 0 0 
54.2742 0 0 6.12898e-05 4.60565e-05 0 0.000101121 2.17237e-05 9.7201e-06 0 0 0 0 0 0 
58.1129 0 0 6.56345e-05 4.53757e-05 0 0.00010638 1.97129e-05 1.01397e-05 0 0 0 0 0 0 
62.0161 0 0 8.03835e-05 4.63102e-05 0 0.000125805 0 0 0 0 0 0 0 0 
66.0161 0 0 8.79865e-05 4.32021e-05 0 0.000137939 0 0 0 0 0 0 0 0 
70.2742 1.37761e-07 8.95386e-06 9.16579e-05 3.98159e-05 1.26807e-05 0.000142178 0 0 0 1.45711e-05 0 0 0 0 
74.3387 1.3824e-07 9.16569e-06 0.000106705 4.19142e-05 1.70294e-05 0.000161279 0 0 0 1.95681e-05 1.86159e-05 0 0 0 
78.5 2.30997e-07 9.64894e-06 0.000120354 4.62252e-05 2.5161e-05 0.000189221 0 0 0 2.58144e-05 3.26623e-05 0 0 0 
82.8871 3.47846e-07 1.04553e-05 0.000128878 4.64053e-05 3.69865e-05 0.000207227 0 0 0 3.73175e-05 3.98159e-05 2.08882e-05 6.81352e-06 0 
86.9516 5.87926e-07 1.16189e-05 0.000139656 4.96825e-05 5.48906e-05 0.000237268 0 0 0 5.39179e-05 5.63146e-05 2.04998e-05 6.68681e-06 8.668e-06 
90.8226 9.44699e-07 1.44064e-05 0.000161334 5.58543e-05 7.16625e-05 0.000281399 0 0 0 7.28446e-05 7.27521e-05 2.12735e-05 7.09172e-06 9.8947e-06 
94.9839 1.54672e-06 1.36736e-05 0.000175102 5.83599e-05 9.80536e-05 0.000324212 0 0 9.15034e-06 0.00010038 0.000106458 2.58002e-05 6.95456e-06 9.6001e-06 
99.371 2.27927e-06 1.96459e-05 0.000216396 6.63429e-05 0.000115266 0.000373411 0 0 9.8019e-06 0.000122262 0.000126611 2.43801e-05 8.83103e-06 1.04172e-05 
103.5 3.66889e-06 3.07274e-05 0.000246827 7.16624e-05 0.000144227 0.000414136 0 0 1.52526e-05 0.000155371 0.000140419 2.86993e-05 9.72615e-06 1.23557e-05 
107.565 5.71128e-06 4.39262e-05 0.000290956 7.06515e-05 0.000177741 0.000459331 0 0 2.30574e-05 0.000183815 0.000161511 2.82945e-05 1.18018e-05 1.30515e-05 
111.79 8.51576e-06 5.87204e-05 0.000341804 7.8492e-05 0.000203181 0.00049041 0 0 2.69057e-05 0.000192868 0.000172015 3.06824e-05 1.68638e-05 2.68121e-05 
115.694 1.20133e-05 8.19273e-05 0.000397406 7.49297e-05 0.000213637 0.000511202 0 0 3.61488e-05 0.000214801 0.000173331 2.83407e-05 1.84704e-05 3.66039e-05 
119.435 1.76043e-05 0.000109944 0.000473403 7.025e-05 0.000220913 0.000524383 0 0 4.48559e-05 0.000203078 0.000160593 2.94125e-05 2.20026e-05 4.06623e-05 
123.048 2.2855e-05 0.000143958 0.000529239 7.06821e-05 0.000222272 0.000527608 0 0 4.91435e-05 0.000183894 0.000138498 2.95934e-05 2.43517e-05 5.30991e-05 
126.5 3.21704e-05 0.000180677 0.000578433 6.6098e-05 0.000212014 0.000524227 0 0 5.68006e-05 0.000172565 0.000126143 0 2.41957e-05 5.44886e-05 
130.081 4.01855e-05 0.000197928 0.000638093 6.26618e-05 0.000196525 0.000495905 0 0 5.44145e-05 0.000143706 0.000105525 0 2.81741e-05 5.68488e-05 
133.306 5.11807e-05 0.000226229 0.000658423 5.79337e-05 0.000168129 0.000474298 0 0 4.49185e-05 0.000122017 9.8788e-05 0 2.79089e-05 5.28482e-05 
136.468 6.11579e-05 0.000228091 0.000690397 5.42384e-05 0.000142747 0.000444045 0 0 4.02562e-05 0.000102518 7.64381e-05 0 2.81386e-05 5.06627e-05 
139.565 6.84894e-05 0.000227052 0.000687254 4.98383e-05 0.000124335 0.000408021 0 0 3.60657e-05 8.67433e-05 7.14786e-05 0 2.72734e-05 4.60845e-05 
142.532 7.84491e-05 0.000228354 0.000638025 4.5947e-05 0.000107184 0.000393262 0 0 3.32497e-05 7.90297e-05 6.1453e-05 0 2.66884e-05 4.02272e-05 
145.435 8.5789e-05 0.000212354 0.000635701 4.57796e-05 9.78942e-05 0.000340721 0 0 3.11208e-05 6.7493e-05 5.08317e-05 0 2.51139e-05 3.13674e-05 
148.371 9.39738e-05 0.000198366 0.00061286 3.93549e-05 8.41557e-05 0.000308485 0 0 2.62576e-05 5.86383e-05 4.64873e-05 0 2.37781e-05 2.80491e-05 
151.5 9.9221e-05 0.000182178 0.000583237 3.45732e-05 7.74934e-05 0.000289867 0 0 2.31099e-05 5.3223e-05 3.93136e-05 0 2.29181e-05 2.52904e-05 
154.403 0.000104788 0.000166745 0.00055589 3.24416e-05 6.93724e-05 0.000255381 0 0 1.90621e-05 4.90551e-05 3.57908e-05 0 2.14073e-05 2.35109e-05 
157.339 0.000107625 0.000151382 0.000507342 2.97882e-05 6.45955e-05 0.000240438 0 0 1.72046e-05 4.43291e-05 3.26097e-05 0 1.86158e-05 2.28379e-05 
160.435 0.000108997 0.000139972 0.000478227 2.88037e-05 5.98079e-05 0.000222143 0 0 1.40973e-05 4.00036e-05 2.78108e-05 0 1.70405e-05 2.09753e-05 
163.274 0.000108859 0.000126119 0.000451087 2.66827e-05 5.34916e-05 0.000204796 0 0 1.10625e-05 3.58553e-05 2.66183e-05 0 1.7019e-05 2.09488e-05 
165.887 0.000106652 0.000113646 0.000423372 2.53612e-05 5.15647e-05 0.000170188 0 0 1.20346e-05 3.4734e-05 2.65443e-05 0 1.54958e-05 1.91496e-05 
168.565 0.000103952 0.000101087 0.000374446 2.47943e-05 5.03237e-05 0.000163423 0 0 1.11507e-05 3.30434e-05 2.3331e-05 0 1.49171e-05 1.75965e-05 
171.306 0.000100025 9.18274e-05 0.000347434 2.26757e-05 4.93873e-05 0.000149547 0 0 1.11422e-05 3.30182e-05 2.21475e-05 0 1.34152e-05 1.58248e-05 
173.758 9.51638e-05 8.48015e-05 0.00034377 2.20211e-05 4.17585e-05 0.000134363 0 0 0 3.26699e-05 2.19139e-05 0 1.40111e-05 1.4788e-05 
176.177 9.16455e-05 7.89928e-05 0.000318327 2.08402e-05 4.0999e-05 0.00012455 0 0 0 2.86764e-05 2.1983e-05 0 1.33155e-05 1.3962e-05 
178.694 8.89776e-05 7.23327e-05 0.000295623 1.98464e-05 3.79243e-05 0.000120996 0 0 0 2.69769e-05 1.99267e-05 0 1.19911e-05 1.41449e-05 
181.048 8.3282e-05 6.7768e-05 0.000289277 1.8594e-05 3.62266e-05 0.000109942 0 0 0 2.43672e-05 1.94989e-05 0 1.10003e-05 1.29762e-05 
183.371 8.10505e-05 6.44866e-05 0.00026812 1.81149e-05 3.60339e-05 0.000103468 0 0 0 2.48435e-05 1.98801e-05 0 1.04677e-05 1.32299e-05 
185.629 7.79355e-05 6.04958e-05 0.000258821 1.74286e-05 3.37194e-05 9.85212e-05 0 0 0 2.44714e-05 1.72785e-05 0 1.03109e-05 1.04253e-05 
187.919 7.64812e-05 5.78085e-05 0.000255028 1.62787e-05 3.30249e-05 9.56826e-05 0 0 0 2.46151e-05 0 0 1.03714e-05 1.13604e-05 
190.306 7.48286e-05 5.49565e-05 0.000242587 1.63353e-05 3.13485e-05 8.91573e-05 0 0 0 2.36715e-05 0 0 1.04075e-05 1.05231e-05 
192.5 7.09326e-05 5.18605e-05 0.000231732 1.63219e-05 3.13226e-05 8.73705e-05 0 0 0 2.26237e-05 0 0 9.65614e-06 1.05144e-05 
194.694 7.05021e-05 5.00297e-05 0.000227678 1.58068e-05 2.93535e-05 8.00292e-05 0 0 0 2.24863e-05 0 0 9.59754e-06 1.04506e-05 
196.952 6.86313e-05 4.85382e-05 0.000219847 1.53986e-05 3.02583e-05 7.49588e-05 0 0 0 2.14751e-05 0 0 8.86374e-06 1.04558e-05 
199.242 6.70163e-05 4.72267e-05 0.000215486 1.46299e-05 2.94966e-05 7.52862e-05 0 0 0 1.95147e-05 0 0 0 1.05015e-05 
201.532 6.47263e-05 4.39252e-05 0.000208954 1.413e-05 2.66605e-05 7.14499e-05 0 0 0 1.94022e-05 0 0 0 1.0441e-05 
203.823 6.50773e-05 4.41634e-05 0.000207428 1.42066e-05 2.68051e-05 7.01269e-05 0 0 0 0 0 0 0 1.13724e-05 
206.21 6.31614e-05 4.11164e-05 0.000199444 1.37884e-05 2.59108e-05 6.67042e-05 0 0 0 0 0 0 0 1.04973e-05 
208.5 6.30095e-05 3.94984e-05 0.000198965 1.33384e-05 2.58485e-05 6.31312e-05 0 0 0 0 0 0 0 0 
210.855 6.14473e-05 3.97228e-05 0.000189424 1.34142e-05 2.42026e-05 6.1774e-05 0 0 0 0 0 0 0 0 
213.306 5.93186e-05 3.80613e-05 0.00018876 1.29495e-05 2.23313e-05 5.98478e-05 0 0 0 0 0 0 0 0 
215.597 5.89345e-05 3.63022e-05 0.000184897 1.28656e-05 2.12993e-05 5.94602e-05 0 0 0 0 0 0 0 0 
217.887 5.74241e-05 3.50279e-05 0.000180844 1.29537e-05 2.14452e-05 5.64465e-05 0 0 0 0 0 0 0 0 
220.177 5.56582e-05 3.35945e-05 0.000178661 1.25694e-05 2.06065e-05 5.48822e-05 0 0 0 0 0 0 0 0 
222.435 5.48939e-05 3.16271e-05 0.000176207 1.23968e-05 1.94399e-05 5.41285e-05 0 0 0 0 0 0 0 0 
224.823 5.70402e-05 3.17682e-05 0.000179635 1.28672e-05 0 5.43701e-05 0 0 0 0 0 0 0 0 
227.048 5.60814e-05 3.07726e-05 0.000171958 1.18206e-05 0 4.8387e-05 0 0 0 0 0 0 0 0 
229.306 5.35509e-05 3.04335e-05 0.000167406 1.16903e-05 0 4.61448e-05 0 0 0 0 0 0 0 0 
231.532 5.15227e-05 2.88471e-05 0.00016438 1.12476e-05 0 4.77467e-05 0 0 0 0 0 0 0 0 
233.726 5.16663e-05 2.89275e-05 0.00016218 1.12789e-05 0 4.44598e-05 0 0 0 0 0 0 0 0 
235.952 4.99057e-05 2.74892e-05 0.000162678 1.08946e-05 0 4.45965e-05 0 0 0 0 0 0 0 0 
238.21 5.1553e-05 2.73449e-05 0.000161824 1.08374e-05 0 4.43623e-05 0 0 0 0 0 0 0 0 
240.694 5.14615e-05 2.72964e-05 0.000161537 1.04021e-05 0 4.59868e-05 0 0 0 0 0 0 0 0 
243.145 5.19334e-05 2.75467e-05 0.000163018 1.09173e-05 0 4.46896e-05 0 0 0 0 0 0 0 0 
245.758 5.33146e-05 2.72693e-05 0.000166668 1.03917e-05 0 4.42396e-05 0 0 0 0 0 0 0 0 
248.435 5.55516e-05 2.74337e-05 0.000170334 1.04544e-05 0 4.27946e-05 0 0 0 0 0 0 0 0 
251.274 5.708e-05 2.87628e-05 0.00017183 1.0384e-05 0 4.25063e-05 0 0 0 0 0 0 0 0 
254.177 5.73913e-05 2.73975e-05 0.000175425 1.04406e-05 0 4.27381e-05 0 0 0 0 0 0 0 0 
257.048 5.70895e-05 2.72534e-05 0.000177146 1.08011e-05 0 4.25133e-05 0 0 0 0 0 0 0 0 
260.145 5.73314e-05 2.73689e-05 0.000177897 1.08469e-05 0 4.09858e-05 0 0 0 0 0 0 0 0 
263.081 5.75282e-05 2.59371e-05 0.000175843 1.04655e-05 0 4.45536e-05 0 0 0 0 0 0 0 0 
265.952 5.69799e-05 2.72011e-05 0.000176806 9.95113e-06 0 4.4129e-05 0 0 0 0 0 0 0 0 
268.952 5.73965e-05 2.74e-05 0.000178099 1.00239e-05 0 4.10323e-05 0 0 0 0 0 0 0 0 
271.79 5.73743e-05 2.58678e-05 0.00017803 1.002e-05 0 4.10165e-05 0 0 0 0 0 0 0 0 
274.565 5.71534e-05 2.57682e-05 0.000177345 9.98143e-06 0 4.08585e-05 0 0 0 0 0 0 0 0 
277.339 5.54639e-05 2.58687e-05 0.00017538 9.60288e-06 0 4.27271e-05 0 0 0 0 0 0 0 0 
280.113 5.53081e-05 2.57961e-05 0.000174887 9.57589e-06 0 4.09027e-05 0 0 0 0 0 0 0 0 
283.081 5.3503e-05 2.43251e-05 0.000175221 9.5942e-06 0 4.09809e-05 0 0 0 0 0 0 0 0 
285.855 5.54681e-05 2.43489e-05 0.000175393 9.6036e-06 0 3.58935e-05 0 0 0 0 0 0 0 0 
288.661 5.31479e-05 2.41636e-05 0.000171421 9.11616e-06 0 3.90128e-05 0 0 0 0 0 0 0 0 
291.468 5.37469e-05 2.4436e-05 0.000170686 9.63794e-06 0 3.25911e-05 0 0 0 0 0 0 0 0 
294.21 5.17732e-05 2.28848e-05 0.000167844 8.79066e-06 0 3.59842e-05 0 0 0 0 0 0 0 0 
296.984 5.13156e-05 2.26825e-05 0.000169 8.71296e-06 0 3.39677e-05 0 0 0 0 0 0 0 0 
299.758 4.98891e-05 2.13734e-05 0.000167956 8.37767e-06 0 3.60083e-05 0 0 0 0 0 0 0 0 
302.629 4.95598e-05 2.12323e-05 0.000166847 8.73849e-06 0 3.57706e-05 0 0 0 0 0 0 0 0 
305.339 4.74885e-05 2.26701e-05 0.000168908 7.87885e-06 0 3.22517e-05 0 0 0 0 0 0 0 0 
308.048 4.62615e-05 2.14709e-05 0.000168722 7.5743e-06 0 3.1005e-05 0 0 0 0 0 0 0 0 
310.726 4.55682e-05 2.11491e-05 0.000166194 7.46078e-06 0 3.2237e-05 0 0 0 0 0 0 0 0 
313.339 4.39583e-05 2.1289e-05 0.000167292 7.92733e-06 0 2.90343e-05 0 0 0 0 0 0 0 0 
316.016 4.40281e-05 1.97998e-05 0.000164899 7.93994e-06 0 2.90805e-05 0 0 0 0 0 0 0 0 
318.661 4.1902e-05 1.97001e-05 0.000164069 7.89998e-06 0 2.89342e-05 0 0 0 0 0 0 0 0 
321.435 4.19884e-05 1.97408e-05 0.000161755 7.49963e-06 0 2.72883e-05 0 0 0 0 0 0 0 0 
323.984 4.02323e-05 1.82916e-05 0.000159709 7.52817e-06 0 2.73922e-05 0 0 0 0 0 0 0 0 
326.532 4.02478e-05 1.82986e-05 0.000157108 7.11266e-06 0 2.74027e-05 0 0 0 0 0 0 0 0 
329.339 4.01374e-05 1.82484e-05 0.000156677 7.5104e-06 0 2.73275e-05 0 0 0 0 0 0 0 0 
331.952 3.79681e-05 1.81252e-05 0.000155619 7.04528e-06 0 3.05359e-05 0 0 0 0 0 0 0 0 
334.5 3.81866e-05 1.82295e-05 0.000156515 7.08582e-06 0 2.55931e-05 0 0 0 0 0 0 0 0 
336.952 3.65123e-05 1.68187e-05 0.000152189 6.71223e-06 0 2.91934e-05 0 0 0 0 0 0 0 0 
339.339 3.61966e-05 1.66733e-05 0.000150873 6.6542e-06 0 2.8941e-05 0 0 0 0 0 0 0 0 
341.855 3.63866e-05 1.67608e-05 0.000154326 6.68912e-06 0 2.39589e-05 0 0 0 0 0 0 0 0 
344.371 3.62765e-05 1.67101e-05 0.000153859 6.66888e-06 0 2.38864e-05 0 0 0 0 0 0 0 0 
346.855 3.63243e-05 1.67321e-05 0.000154061 6.26031e-06 0 2.39178e-05 0 0 0 0 0 0 0 0 
349.339 3.61905e-05 1.66705e-05 0.000153494 6.65307e-06 0 2.38298e-05 0 0 0 0 0 0 0 0 
351.855 3.63786e-05 1.67571e-05 0.000151632 7.10563e-06 0 2.39536e-05 0 0 0 0 0 0 0 0 
354.371 3.62464e-05 1.66962e-05 0.00015108 7.07979e-06 0 2.38665e-05 0 0 0 0 0 0 0 0 
356.887 3.46107e-05 1.52986e-05 0.000154949 6.71613e-06 0 2.40556e-05 0 0 0 0 0 0 0 0 
359.468 3.61633e-05 1.51436e-05 0.000156023 7.06356e-06 0 2.38118e-05 0 0 0 0 0 0 0 0 
361.952 3.6196e-05 1.51572e-05 0.000156164 7.06995e-06 0 2.55357e-05 0 0 0 0 0 0 0 0 
364.339 3.61541e-05 1.51397e-05 0.000155984 6.23098e-06 0 2.55062e-05 0 0 0 0 0 0 0 0 
366.661 3.44387e-05 1.52226e-05 0.000154179 6.26508e-06 0 2.56458e-05 0 0 0 0 0 0 0 0 
368.952 3.44975e-05 1.52486e-05 0.000151779 5.85739e-06 0 2.56896e-05 0 0 0 0 0 0 0 0 
371.177 3.43822e-05 1.51976e-05 0.000151272 5.83782e-06 0 2.56037e-05 0 0 0 0 0 0 0 0 
373.242 3.41214e-05 1.50823e-05 0.000150125 5.79353e-06 0 2.54095e-05 0 0 0 0 0 0 0 0 
375.274 3.29844e-05 1.54374e-05 0.000150963 5.08278e-06 0 2.42738e-05 0 0 0 0 0 0 0 0 
