/*---------------------------------------------------------------------------*\                                 
boundaryConditions

Application
    Provides boundary-condition information at the surface, tabulated as a function of time.
\*---------------------------------------------------------------------------*/                                 
/*                                 
t(s)        p_total_w(Pa)        rhoUeCH(kg/m²/s)   h_r(J/kg)
*/                                 
0           1.51116105           0.00005           77926960
1           1.51116105           0.00005           77984280
2           1.51116105           0.00005           78040736
3           1.51116105           0.00005           78095240
4           1.51116105           0.00005           78146168
5           1.51116105           0.00005           78191960
6           3.022220775           0.00011           78231464
7           3.022220775           0.00011           78263928
8           4.533381825           0.00016           78288600
9           4.533381825           0.00016           78304896
10           6.04444155           0.00021           78312712
11           7.5556026           0.00027           78313424
12           9.066662325           0.00032           78308464
13           12.08908575           0.00042           78299512
14           16.62236625           0.00058           78288136
15           21.15564675           0.00074           78269528
16           27.199683           0.00095           78245832
17           34.75548825           0.00122           78219824
18           46.844574           0.00164           78189856
19           60.4444155           0.00211           78156920
20           53.191572           0.00275           78121576
21           71.19195825           0.00364           78091120
22           89.1558675           0.0047           78064576
23           118.8643575           0.00606           78036672
24           148.54245           0.0078           78003200
25           199.2150825           0.00995           77959840
26           249.3304275           0.01257           77907272
27           327.6951825           0.01576           77844248
28           404.97576           0.01955           77733200
29           522.614085           0.0241           77592344
30           639.19863           0.0295           77434424
31           809.1307875           0.03589           77258832
32           979.2048           0.04396           77100144
33           1217.1159           0.05366           76914176
34           1455.22965           0.05768           76695600
35           2044.637175           0.0617           76431952
36           2634.146025           0.06682           76099072
37           3223.654875           0.07194           75713336
38           3813.163725           0.07917           75265752
39           4402.57125           0.08641           74754360
40           4992.0801           0.09446           74189416
41           5581.58895           0.10251           73526936
42           6171.0978           0.11114           72754784
43           7596.74055           0.11976           71859952
44           9022.484625           0.12757           70830384
45           10448.634           0.13538           69361208
46           11874.27675           0.14367           68317688
47           13299.9195           0.15195           66516592
48           14725.56225           0.15923           65139768
49           16933.434           0.1665           63297544
50           19142.319           0.17378           61280148
51           21350.19075           0.18082           59093460
52           23558.0625           0.18786           56748968
53           25765.93425           0.19385           54266944
54           27974.81925           0.1988           51676628
55           30135.06825           0.20361           48994492
56           32295.31725           0.20669           46246772
57           34455.56625           0.2086           43464944
58           36615.81525           0.21051           40679956
59           37794.225           0.21416           37920332
60           38972.63475           0.21154           35210932
61           40151.0445           0.21382           32576506
62           41329.45425           0.21273           30040552
63           42507.864           0.20973           27619866
64           43687.287           0.20674           25326390
65           43370.13975           0.20375           23169220
66           43052.9925           0.19792           21153954
67           42735.84525           0.19209           19282284
68           42418.698           0.18627           17552294
69           42101.55075           0.18044           15958944
70           41784.4035           0.17461           14492873
71           40503.6555           0.17044           13149026
72           39223.92075           0.16626           11921329
73           37943.17275           0.16209           10802757
74           36663.438           0.15792           9786229
75           35382.69           0.15375           8864601
76           34102.95525           0.14575           8030480
77           32822.20725           0.13775           7276327
78           31541.45925           0.12976           6593630
79           30261.7245           0.12176           5974080
80           28980.9765           0.11377           5412934
81           27859.30875           0.11062           4906979
82           26737.641           0.10747           4451572
83           25615.97325           0.10432           4041514
84           24493.29225           0.10117           3672258
85           23371.6245           0.09802           3339807
86           22249.95675           0.09487           3040594
87           21128.289           0.09172           2770945
88           20006.62125           0.08857           2527849
89           18883.94025           0.08542           2307712
90           17762.2725           0.08228           2108659
91           16640.60475           0.07913           1928025
92           15518.937           0.07598           1764369
93           14397.26925           0.07283           1615864
94           13274.58825           0.06967           1481036
95           12152.9205           0.06652           1358598
96           11031.25275           0.06337           1247166
97           9909.281025           0.06023           1145728
98           8787.410625           0.05708           1053437
99           7665.540225           0.05393           969292
100           6543.669825           0.05202           892434
101           6312.243525           0.05018           822151
102           6090.4431           0.04842           757937
103           5874.924825           0.0467           699069
104           5666.803275           0.04505           645000
105           5466.990375           0.04346           595338
106           5275.18215           0.04194           549742
107           5089.656075           0.04046           507892
108           4910.00685           0.03903           469470
109           4736.842425           0.03766           434180
110           4570.466775           0.03633           401750
111           4409.86665           0.03506           371921
112           4254.23145           0.03382           344472
113           4103.966475           0.03263           319207
114           3959.274375           0.03148           295954
115           3819.74985           0.03037           274572
116           3684.78495           0.02929           254932
117           3554.177025           0.02826           236909
118           3427.01415           0.02724           220218
119           3306.741375           0.02629           205210
120           3189.3057           0.02535           191296
121           3076.227           0.02446           178496
122           2968.21455           0.0236           166690
123           2863.951125           0.02277           155850
124           2763.3354           0.02197           145892
125           2665.759425           0.02119           136743
126           2571.324525           0.02044           128329
127           2480.23335           0.01972           120581
128           2392.181925           0.01902           113440
129           2307.068925           0.01834           106857
130           2224.590375           0.01769           100787
131           2144.746275           0.01705           95178
132           2067.8406           0.01644           89990
133           2067.8406           0.01582           84957
