/*---------------------------------------------------------------------------*\
boundaryConditions

Application
    Provides boundary-condition information at the surface, tabulated as a function of time.
\*---------------------------------------------------------------------------*/
/*
t(se)	p_total_w(Pa)	T_w(K)	v_abl(m/s)
*/
0	101325		303	0
11	101325		303	0
12	101325		370	0
15	101325		417	0
22	101325		523	0
25	101325		559	0
28	101325		587	0
31	101325		609	0
35	101325		629	0
38	101325		644	0
41	101325		658	0
44	101325		670	0
47	101325		680	0
51	101325		687	0
54	101325		694	0
57	101325		700	0
60	101325		706	0
63	101325		711	0
67	101325		717	0
70	101325		722	0
73	101325		728	0
76	101325		734	0
79	101325		740	0
83	101325		746	0
86	101325		751	0
89	101325		756	0
92	101325		762	0
95	101325		767	0
99	101325		773	0
102	101325		778	0
105	101325		783	0
108	101325		789	0
111	101325		795	0
115	101325		800	0
118	101325		806	0
121	101325		811	0
124	101325		815	0
127	101325		820	0
131	101325		824	0
137	101325		831	0
140	101325		834	0
143	101325		837	0
147	101325		840	0
153	101325		844	0
159	101325		848	0
169	101325		853	0
182	101325		859	0
198	101325		866	0
214	101325		871	0
230	101325		878	0
246	101325		884	0
262	101325		890	0
281	101325		895	0
307	101325		900	0
396	101325		904	0
457	101325		908	0
527	101325		906	0
552	101325		906	0
