 293.4041642226886
 294.1962311514067
 294.9671001648407
 295.7173385781961
 296.4474985237446
 297.1581173571618
 297.84971805299
 298.5228095895174
 299.1778873233566
 299.8154333539989
 300.4359168786114
 301.0397945373393
 301.6275107493667
 302.1994980399837
 302.7561773588998
 303.2979583900387
 303.8252398530424
 304.3384097967055
 304.8378458845572
 305.3239156727992
 305.7969768808068
 306.257377654389
 306.7054568220042
 307.1415441441184
 307.5659605558897
 307.9790184033583
 308.3810216733151
 308.7722662170185
 309.1530399679238
 309.5236231535859
 309.8842885018904
 310.2353014417657
 310.5769202985234
 310.9093964839708
 311.2329746814357
 311.547893025839
 311.8543832789485
 312.152670999942
 312.4429757114061
 312.725511060892
 313.0004849781478
 313.268099828143
 313.5285525599974
 313.782034851924
 314.0287332522938
 314.2688293169237
 314.5024997426921
 314.7299164975772
 314.9512469472152
 315.1666539780725
 315.3762961173201
 315.5803276495006
 315.7788987300734
 315.9721554959194
 316.1602401728902
 316.3432911804776
 316.5214432336828
 316.6948274421583
 316.8635714066979
 317.0277993131429
 317.1876320237755
 317.3431871662675
 317.4945792202463
 317.6419196015462
 317.7853167442038
 317.9248761802587
 318.0607006174199
 318.1928900146518
 318.3215416557393
 318.4467502208819
 318.5686078563739
 318.6872042424181
 318.8026266591256
 318.9149600507488
 319.0242870881956
 319.1306882298701
 319.2342417808859
 319.3350239506935
 319.4331089091668
 319.5285688411872
 319.6214739997678
 319.7118927577557
 319.7998916581502
 319.8855354630749
 319.9688872014385
 320.050008215321
 320.1289582051174
 320.2057952734741
 320.2805759680489
 320.3533553231269
 320.4241869001228
 320.4931228269986
 320.5602138366269
 320.6255093041275
 320.6890572832048
 320.7509045415119
 320.8110965950698
 320.8696777417638
 320.9266910939448
 320.9821786101568
 321.0361811260169
 321.0887383842669
 321.1398890640227
 321.1896708092392
 321.2381202564143
 321.2852730615512
 321.3311639263994
 321.375826623993
 321.4192940235055
 321.4615981144401
 321.5027700301717
 321.5428400708595
 321.5818377257461
 321.6197916948601
 321.656729910137
 321.6926795559764
 321.7276670892477
 321.7617182587605
 321.7948581242149
 321.8271110746437
 321.858500846361
 321.8890505404315
 321.9187826396708
 321.9477190251919
 321.9758809925085
 322.0032892672066
 322.0299640201983
 322.0559248825659
 322.0811909600091
 322.105780846906
 322.1297126399975
 322.1530039517052
 322.1756719230933
 322.1977332364837
 322.2192041277324
 322.2401003981793
 322.2604374262759
 322.2802301789041
 322.29949322239
 322.3182407332244
 322.3364865084957
 322.354243976044
 322.3715262043427
 322.3883459121168
 322.4047154777028
 322.4206469481582
 322.436152048128
 322.4512421884729
 322.4659284746672
 322.480221714972
 322.494132428389
 322.5076708524024
 322.5208469505126
 322.5336704195692
 322.5461506969069
 322.5582969672913
 322.5701181696778
 322.5816230037909
 322.5928199365259
 322.6037172081805
 322.6143228385192
 322.6246446326753
 322.6346901868949
 322.6444668941274
 322.6539819494665
 322.6632423554448
 322.6722549271881
 322.6810262974301
 322.6895629213943
 322.6978710815443
 322.7059568922076
 322.7138263040753
 322.7214851085813
 322.7289389421648
 322.736193290418
 322.7432534921236
 322.7501247431836
 322.7568121004428
 322.7633204854113
 322.7696546878856
 322.7758193694741
 322.7818190670273
 322.7876581959773
 322.7933410535866
 322.7988718221112
 322.8042545718783
 322.8094932642819
 322.8145917546977
 322.8195537953213
 322.8243830379288
 322.8290830365646
 322.8336572501571
 322.8381090450641
 322.8424416975503
 322.8466583961986
 322.8507622442562
 322.854756261919
 322.8586433885541
 322.8624264848628
 322.8661083349862


