/*--------------------------------*- C++ -*----------------------------------*\
  =========                 |
  \\      /  F ield         | OpenFOAM: The Open Source CFD Toolbox
   \\    /   O peration     | Website:  https://openfoam.org
    \\  /    A nd           | Version:  7
     \\/     M anipulation  |
\*---------------------------------------------------------------------------*/
FoamFile {
  version     2.0;
  format      ascii;
  class       labelList;
  note        "nPoints:2697  nCells:1290  nFaces:5203  nInternalFaces:2507";
  location    "constant/porousMat/polyMesh";
  object      neighbour;
}
// * * * * * * * * * * * * * * * * * * * * * * * * * * * * * * * * * * * * * //


2507
(
    1
    43
    2
    44
    3
    45
    4
    46
    5
    47
    6
    48
    7
    49
    8
    50
    9
    51
    10
    52
    11
    53
    12
    54
    13
    55
    14
    56
    15
    57
    16
    58
    17
    59
    18
    60
    19
    61
    20
    62
    21
    63
    22
    64
    23
    65
    24
    66
    25
    67
    26
    68
    27
    69
    28
    70
    29
    71
    30
    72
    31
    73
    32
    74
    33
    75
    34
    76
    35
    77
    36
    78
    37
    79
    38
    80
    39
    81
    40
    82
    41
    83
    42
    84
    85
    44
    86
    45
    87
    46
    88
    47
    89
    48
    90
    49
    91
    50
    92
    51
    93
    52
    94
    53
    95
    54
    96
    55
    97
    56
    98
    57
    99
    58
    100
    59
    101
    60
    102
    61
    103
    62
    104
    63
    105
    64
    106
    65
    107
    66
    108
    67
    109
    68
    110
    69
    111
    70
    112
    71
    113
    72
    114
    73
    115
    74
    116
    75
    117
    76
    118
    77
    119
    78
    120
    79
    121
    80
    122
    81
    123
    82
    124
    83
    125
    84
    126
    85
    127
    128
    87
    129
    88
    130
    89
    131
    90
    132
    91
    133
    92
    134
    93
    135
    94
    136
    95
    137
    96
    138
    97
    139
    98
    140
    99
    141
    100
    142
    101
    143
    102
    144
    103
    145
    104
    146
    105
    147
    106
    148
    107
    149
    108
    150
    109
    151
    110
    152
    111
    153
    112
    154
    113
    155
    114
    156
    115
    157
    116
    158
    117
    159
    118
    160
    119
    161
    120
    162
    121
    163
    122
    164
    123
    165
    124
    166
    125
    167
    126
    168
    127
    169
    128
    170
    171
    130
    172
    131
    173
    132
    174
    133
    175
    134
    176
    135
    177
    136
    178
    137
    179
    138
    180
    139
    181
    140
    182
    141
    183
    142
    184
    143
    185
    144
    186
    145
    187
    146
    188
    147
    189
    148
    190
    149
    191
    150
    192
    151
    193
    152
    194
    153
    195
    154
    196
    155
    197
    156
    198
    157
    199
    158
    200
    159
    201
    160
    202
    161
    203
    162
    204
    163
    205
    164
    206
    165
    207
    166
    208
    167
    209
    168
    210
    169
    211
    170
    212
    171
    213
    214
    173
    215
    174
    216
    175
    217
    176
    218
    177
    219
    178
    220
    179
    221
    180
    222
    181
    223
    182
    224
    183
    225
    184
    226
    185
    227
    186
    228
    187
    229
    188
    230
    189
    231
    190
    232
    191
    233
    192
    234
    193
    235
    194
    236
    195
    237
    196
    238
    197
    239
    198
    240
    199
    241
    200
    242
    201
    243
    202
    244
    203
    245
    204
    246
    205
    247
    206
    248
    207
    249
    208
    250
    209
    251
    210
    252
    211
    253
    212
    254
    213
    255
    214
    256
    257
    216
    258
    217
    259
    218
    260
    219
    261
    220
    262
    221
    263
    222
    264
    223
    265
    224
    266
    225
    267
    226
    268
    227
    269
    228
    270
    229
    271
    230
    272
    231
    273
    232
    274
    233
    275
    234
    276
    235
    277
    236
    278
    237
    279
    238
    280
    239
    281
    240
    282
    241
    283
    242
    284
    243
    285
    244
    286
    245
    287
    246
    288
    247
    289
    248
    290
    249
    291
    250
    292
    251
    293
    252
    294
    253
    295
    254
    296
    255
    297
    256
    298
    257
    299
    300
    259
    301
    260
    302
    261
    303
    262
    304
    263
    305
    264
    306
    265
    307
    266
    308
    267
    309
    268
    310
    269
    311
    270
    312
    271
    313
    272
    314
    273
    315
    274
    316
    275
    317
    276
    318
    277
    319
    278
    320
    279
    321
    280
    322
    281
    323
    282
    324
    283
    325
    284
    326
    285
    327
    286
    328
    287
    329
    288
    330
    289
    331
    290
    332
    291
    333
    292
    334
    293
    335
    294
    336
    295
    337
    296
    338
    297
    339
    298
    340
    299
    341
    300
    342
    343
    302
    344
    303
    345
    304
    346
    305
    347
    306
    348
    307
    349
    308
    350
    309
    351
    310
    352
    311
    353
    312
    354
    313
    355
    314
    356
    315
    357
    316
    358
    317
    359
    318
    360
    319
    361
    320
    362
    321
    363
    322
    364
    323
    365
    324
    366
    325
    367
    326
    368
    327
    369
    328
    370
    329
    371
    330
    372
    331
    373
    332
    374
    333
    375
    334
    376
    335
    377
    336
    378
    337
    379
    338
    380
    339
    381
    340
    382
    341
    383
    342
    384
    343
    385
    386
    345
    387
    346
    388
    347
    389
    348
    390
    349
    391
    350
    392
    351
    393
    352
    394
    353
    395
    354
    396
    355
    397
    356
    398
    357
    399
    358
    400
    359
    401
    360
    402
    361
    403
    362
    404
    363
    405
    364
    406
    365
    407
    366
    408
    367
    409
    368
    410
    369
    411
    370
    412
    371
    413
    372
    414
    373
    415
    374
    416
    375
    417
    376
    418
    377
    419
    378
    420
    379
    421
    380
    422
    381
    423
    382
    424
    383
    425
    384
    426
    385
    427
    386
    428
    429
    388
    430
    389
    431
    390
    432
    391
    433
    392
    434
    393
    435
    394
    436
    395
    437
    396
    438
    397
    439
    398
    440
    399
    441
    400
    442
    401
    443
    402
    444
    403
    445
    404
    446
    405
    447
    406
    448
    407
    449
    408
    450
    409
    451
    410
    452
    411
    453
    412
    454
    413
    455
    414
    456
    415
    457
    416
    458
    417
    459
    418
    460
    419
    461
    420
    462
    421
    463
    422
    464
    423
    465
    424
    466
    425
    467
    426
    468
    427
    469
    428
    470
    429
    471
    472
    431
    473
    432
    474
    433
    475
    434
    476
    435
    477
    436
    478
    437
    479
    438
    480
    439
    481
    440
    482
    441
    483
    442
    484
    443
    485
    444
    486
    445
    487
    446
    488
    447
    489
    448
    490
    449
    491
    450
    492
    451
    493
    452
    494
    453
    495
    454
    496
    455
    497
    456
    498
    457
    499
    458
    500
    459
    501
    460
    502
    461
    503
    462
    504
    463
    505
    464
    506
    465
    507
    466
    508
    467
    509
    468
    510
    469
    511
    470
    512
    471
    513
    472
    514
    515
    474
    516
    475
    517
    476
    518
    477
    519
    478
    520
    479
    521
    480
    522
    481
    523
    482
    524
    483
    525
    484
    526
    485
    527
    486
    528
    487
    529
    488
    530
    489
    531
    490
    532
    491
    533
    492
    534
    493
    535
    494
    536
    495
    537
    496
    538
    497
    539
    498
    540
    499
    541
    500
    542
    501
    543
    502
    544
    503
    545
    504
    546
    505
    547
    506
    548
    507
    549
    508
    550
    509
    551
    510
    552
    511
    553
    512
    554
    513
    555
    514
    556
    515
    557
    558
    517
    559
    518
    560
    519
    561
    520
    562
    521
    563
    522
    564
    523
    565
    524
    566
    525
    567
    526
    568
    527
    569
    528
    570
    529
    571
    530
    572
    531
    573
    532
    574
    533
    575
    534
    576
    535
    577
    536
    578
    537
    579
    538
    580
    539
    581
    540
    582
    541
    583
    542
    584
    543
    585
    544
    586
    545
    587
    546
    588
    547
    589
    548
    590
    549
    591
    550
    592
    551
    593
    552
    594
    553
    595
    554
    596
    555
    597
    556
    598
    557
    599
    558
    600
    601
    560
    602
    561
    603
    562
    604
    563
    605
    564
    606
    565
    607
    566
    608
    567
    609
    568
    610
    569
    611
    570
    612
    571
    613
    572
    614
    573
    615
    574
    616
    575
    617
    576
    618
    577
    619
    578
    620
    579
    621
    580
    622
    581
    623
    582
    624
    583
    625
    584
    626
    585
    627
    586
    628
    587
    629
    588
    630
    589
    631
    590
    632
    591
    633
    592
    634
    593
    635
    594
    636
    595
    637
    596
    638
    597
    639
    598
    640
    599
    641
    600
    642
    601
    643
    644
    603
    645
    604
    646
    605
    647
    606
    648
    607
    649
    608
    650
    609
    651
    610
    652
    611
    653
    612
    654
    613
    655
    614
    656
    615
    657
    616
    658
    617
    659
    618
    660
    619
    661
    620
    662
    621
    663
    622
    664
    623
    665
    624
    666
    625
    667
    626
    668
    627
    669
    628
    670
    629
    671
    630
    672
    631
    673
    632
    674
    633
    675
    634
    676
    635
    677
    636
    678
    637
    679
    638
    680
    639
    681
    640
    682
    641
    683
    642
    684
    643
    685
    644
    686
    687
    646
    688
    647
    689
    648
    690
    649
    691
    650
    692
    651
    693
    652
    694
    653
    695
    654
    696
    655
    697
    656
    698
    657
    699
    658
    700
    659
    701
    660
    702
    661
    703
    662
    704
    663
    705
    664
    706
    665
    707
    666
    708
    667
    709
    668
    710
    669
    711
    670
    712
    671
    713
    672
    714
    673
    715
    674
    716
    675
    717
    676
    718
    677
    719
    678
    720
    679
    721
    680
    722
    681
    723
    682
    724
    683
    725
    684
    726
    685
    727
    686
    728
    687
    729
    730
    689
    731
    690
    732
    691
    733
    692
    734
    693
    735
    694
    736
    695
    737
    696
    738
    697
    739
    698
    740
    699
    741
    700
    742
    701
    743
    702
    744
    703
    745
    704
    746
    705
    747
    706
    748
    707
    749
    708
    750
    709
    751
    710
    752
    711
    753
    712
    754
    713
    755
    714
    756
    715
    757
    716
    758
    717
    759
    718
    760
    719
    761
    720
    762
    721
    763
    722
    764
    723
    765
    724
    766
    725
    767
    726
    768
    727
    769
    728
    770
    729
    771
    730
    772
    773
    732
    774
    733
    775
    734
    776
    735
    777
    736
    778
    737
    779
    738
    780
    739
    781
    740
    782
    741
    783
    742
    784
    743
    785
    744
    786
    745
    787
    746
    788
    747
    789
    748
    790
    749
    791
    750
    792
    751
    793
    752
    794
    753
    795
    754
    796
    755
    797
    756
    798
    757
    799
    758
    800
    759
    801
    760
    802
    761
    803
    762
    804
    763
    805
    764
    806
    765
    807
    766
    808
    767
    809
    768
    810
    769
    811
    770
    812
    771
    813
    772
    814
    773
    815
    816
    775
    817
    776
    818
    777
    819
    778
    820
    779
    821
    780
    822
    781
    823
    782
    824
    783
    825
    784
    826
    785
    827
    786
    828
    787
    829
    788
    830
    789
    831
    790
    832
    791
    833
    792
    834
    793
    835
    794
    836
    795
    837
    796
    838
    797
    839
    798
    840
    799
    841
    800
    842
    801
    843
    802
    844
    803
    845
    804
    846
    805
    847
    806
    848
    807
    849
    808
    850
    809
    851
    810
    852
    811
    853
    812
    854
    813
    855
    814
    856
    815
    857
    816
    858
    859
    818
    860
    819
    861
    820
    862
    821
    863
    822
    864
    823
    865
    824
    866
    825
    867
    826
    868
    827
    869
    828
    870
    829
    871
    830
    872
    831
    873
    832
    874
    833
    875
    834
    876
    835
    877
    836
    878
    837
    879
    838
    880
    839
    881
    840
    882
    841
    883
    842
    884
    843
    885
    844
    886
    845
    887
    846
    888
    847
    889
    848
    890
    849
    891
    850
    892
    851
    893
    852
    894
    853
    895
    854
    896
    855
    897
    856
    898
    857
    899
    858
    900
    859
    901
    902
    861
    903
    862
    904
    863
    905
    864
    906
    865
    907
    866
    908
    867
    909
    868
    910
    869
    911
    870
    912
    871
    913
    872
    914
    873
    915
    874
    916
    875
    917
    876
    918
    877
    919
    878
    920
    879
    921
    880
    922
    881
    923
    882
    924
    883
    925
    884
    926
    885
    927
    886
    928
    887
    929
    888
    930
    889
    931
    890
    932
    891
    933
    892
    934
    893
    935
    894
    936
    895
    937
    896
    938
    897
    939
    898
    940
    899
    941
    900
    942
    901
    943
    902
    944
    945
    904
    946
    905
    947
    906
    948
    907
    949
    908
    950
    909
    951
    910
    952
    911
    953
    912
    954
    913
    955
    914
    956
    915
    957
    916
    958
    917
    959
    918
    960
    919
    961
    920
    962
    921
    963
    922
    964
    923
    965
    924
    966
    925
    967
    926
    968
    927
    969
    928
    970
    929
    971
    930
    972
    931
    973
    932
    974
    933
    975
    934
    976
    935
    977
    936
    978
    937
    979
    938
    980
    939
    981
    940
    982
    941
    983
    942
    984
    943
    985
    944
    986
    945
    987
    988
    947
    989
    948
    990
    949
    991
    950
    992
    951
    993
    952
    994
    953
    995
    954
    996
    955
    997
    956
    998
    957
    999
    958
    1000
    959
    1001
    960
    1002
    961
    1003
    962
    1004
    963
    1005
    964
    1006
    965
    1007
    966
    1008
    967
    1009
    968
    1010
    969
    1011
    970
    1012
    971
    1013
    972
    1014
    973
    1015
    974
    1016
    975
    1017
    976
    1018
    977
    1019
    978
    1020
    979
    1021
    980
    1022
    981
    1023
    982
    1024
    983
    1025
    984
    1026
    985
    1027
    986
    1028
    987
    1029
    988
    1030
    1031
    990
    1032
    991
    1033
    992
    1034
    993
    1035
    994
    1036
    995
    1037
    996
    1038
    997
    1039
    998
    1040
    999
    1041
    1000
    1042
    1001
    1043
    1002
    1044
    1003
    1045
    1004
    1046
    1005
    1047
    1006
    1048
    1007
    1049
    1008
    1050
    1009
    1051
    1010
    1052
    1011
    1053
    1012
    1054
    1013
    1055
    1014
    1056
    1015
    1057
    1016
    1058
    1017
    1059
    1018
    1060
    1019
    1061
    1020
    1062
    1021
    1063
    1022
    1064
    1023
    1065
    1024
    1066
    1025
    1067
    1026
    1068
    1027
    1069
    1028
    1070
    1029
    1071
    1030
    1072
    1031
    1073
    1074
    1033
    1075
    1034
    1076
    1035
    1077
    1036
    1078
    1037
    1079
    1038
    1080
    1039
    1081
    1040
    1082
    1041
    1083
    1042
    1084
    1043
    1085
    1044
    1086
    1045
    1087
    1046
    1088
    1047
    1089
    1048
    1090
    1049
    1091
    1050
    1092
    1051
    1093
    1052
    1094
    1053
    1095
    1054
    1096
    1055
    1097
    1056
    1098
    1057
    1099
    1058
    1100
    1059
    1101
    1060
    1102
    1061
    1103
    1062
    1104
    1063
    1105
    1064
    1106
    1065
    1107
    1066
    1108
    1067
    1109
    1068
    1110
    1069
    1111
    1070
    1112
    1071
    1113
    1072
    1114
    1073
    1115
    1074
    1116
    1117
    1076
    1118
    1077
    1119
    1078
    1120
    1079
    1121
    1080
    1122
    1081
    1123
    1082
    1124
    1083
    1125
    1084
    1126
    1085
    1127
    1086
    1128
    1087
    1129
    1088
    1130
    1089
    1131
    1090
    1132
    1091
    1133
    1092
    1134
    1093
    1135
    1094
    1136
    1095
    1137
    1096
    1138
    1097
    1139
    1098
    1140
    1099
    1141
    1100
    1142
    1101
    1143
    1102
    1144
    1103
    1145
    1104
    1146
    1105
    1147
    1106
    1148
    1107
    1149
    1108
    1150
    1109
    1151
    1110
    1152
    1111
    1153
    1112
    1154
    1113
    1155
    1114
    1156
    1115
    1157
    1116
    1158
    1117
    1159
    1160
    1119
    1161
    1120
    1162
    1121
    1163
    1122
    1164
    1123
    1165
    1124
    1166
    1125
    1167
    1126
    1168
    1127
    1169
    1128
    1170
    1129
    1171
    1130
    1172
    1131
    1173
    1132
    1174
    1133
    1175
    1134
    1176
    1135
    1177
    1136
    1178
    1137
    1179
    1138
    1180
    1139
    1181
    1140
    1182
    1141
    1183
    1142
    1184
    1143
    1185
    1144
    1186
    1145
    1187
    1146
    1188
    1147
    1189
    1148
    1190
    1149
    1191
    1150
    1192
    1151
    1193
    1152
    1194
    1153
    1195
    1154
    1196
    1155
    1197
    1156
    1198
    1157
    1199
    1158
    1200
    1159
    1201
    1160
    1202
    1203
    1162
    1204
    1163
    1205
    1164
    1206
    1165
    1207
    1166
    1208
    1167
    1209
    1168
    1210
    1169
    1211
    1170
    1212
    1171
    1213
    1172
    1214
    1173
    1215
    1174
    1216
    1175
    1217
    1176
    1218
    1177
    1219
    1178
    1220
    1179
    1221
    1180
    1222
    1181
    1223
    1182
    1224
    1183
    1225
    1184
    1226
    1185
    1227
    1186
    1228
    1187
    1229
    1188
    1230
    1189
    1231
    1190
    1232
    1191
    1233
    1192
    1234
    1193
    1235
    1194
    1236
    1195
    1237
    1196
    1238
    1197
    1239
    1198
    1240
    1199
    1241
    1200
    1242
    1201
    1243
    1202
    1244
    1203
    1245
    1246
    1205
    1247
    1206
    1248
    1207
    1249
    1208
    1250
    1209
    1251
    1210
    1252
    1211
    1253
    1212
    1254
    1213
    1255
    1214
    1256
    1215
    1257
    1216
    1258
    1217
    1259
    1218
    1260
    1219
    1261
    1220
    1262
    1221
    1263
    1222
    1264
    1223
    1265
    1224
    1266
    1225
    1267
    1226
    1268
    1227
    1269
    1228
    1270
    1229
    1271
    1230
    1272
    1231
    1273
    1232
    1274
    1233
    1275
    1234
    1276
    1235
    1277
    1236
    1278
    1237
    1279
    1238
    1280
    1239
    1281
    1240
    1282
    1241
    1283
    1242
    1284
    1243
    1285
    1244
    1286
    1245
    1287
    1246
    1288
    1289
    1248
    1249
    1250
    1251
    1252
    1253
    1254
    1255
    1256
    1257
    1258
    1259
    1260
    1261
    1262
    1263
    1264
    1265
    1266
    1267
    1268
    1269
    1270
    1271
    1272
    1273
    1274
    1275
    1276
    1277
    1278
    1279
    1280
    1281
    1282
    1283
    1284
    1285
    1286
    1287
    1288
    1289
)


// ************************************************************************* //
