/*--------------------------------*- C++ -*----------------------------------*\
  =========                 |
  \\      /  F ield         | OpenFOAM: The Open Source CFD Toolbox
   \\    /   O peration     | Website:  https://openfoam.org
    \\  /    A nd           | Version:  7
     \\/     M anipulation  |
\*---------------------------------------------------------------------------*/
FoamFile {
  version     2.0;
  format      ascii;
  class       labelList;
  note        "nPoints:2697  nCells:1290  nFaces:5203  nInternalFaces:2507";
  location    "constant/porousMat/polyMesh";
  object      owner;
}
// * * * * * * * * * * * * * * * * * * * * * * * * * * * * * * * * * * * * * //


5203
(
    0
    0
    1
    1
    2
    2
    3
    3
    4
    4
    5
    5
    6
    6
    7
    7
    8
    8
    9
    9
    10
    10
    11
    11
    12
    12
    13
    13
    14
    14
    15
    15
    16
    16
    17
    17
    18
    18
    19
    19
    20
    20
    21
    21
    22
    22
    23
    23
    24
    24
    25
    25
    26
    26
    27
    27
    28
    28
    29
    29
    30
    30
    31
    31
    32
    32
    33
    33
    34
    34
    35
    35
    36
    36
    37
    37
    38
    38
    39
    39
    40
    40
    41
    41
    42
    43
    43
    44
    44
    45
    45
    46
    46
    47
    47
    48
    48
    49
    49
    50
    50
    51
    51
    52
    52
    53
    53
    54
    54
    55
    55
    56
    56
    57
    57
    58
    58
    59
    59
    60
    60
    61
    61
    62
    62
    63
    63
    64
    64
    65
    65
    66
    66
    67
    67
    68
    68
    69
    69
    70
    70
    71
    71
    72
    72
    73
    73
    74
    74
    75
    75
    76
    76
    77
    77
    78
    78
    79
    79
    80
    80
    81
    81
    82
    82
    83
    83
    84
    84
    85
    86
    86
    87
    87
    88
    88
    89
    89
    90
    90
    91
    91
    92
    92
    93
    93
    94
    94
    95
    95
    96
    96
    97
    97
    98
    98
    99
    99
    100
    100
    101
    101
    102
    102
    103
    103
    104
    104
    105
    105
    106
    106
    107
    107
    108
    108
    109
    109
    110
    110
    111
    111
    112
    112
    113
    113
    114
    114
    115
    115
    116
    116
    117
    117
    118
    118
    119
    119
    120
    120
    121
    121
    122
    122
    123
    123
    124
    124
    125
    125
    126
    126
    127
    127
    128
    129
    129
    130
    130
    131
    131
    132
    132
    133
    133
    134
    134
    135
    135
    136
    136
    137
    137
    138
    138
    139
    139
    140
    140
    141
    141
    142
    142
    143
    143
    144
    144
    145
    145
    146
    146
    147
    147
    148
    148
    149
    149
    150
    150
    151
    151
    152
    152
    153
    153
    154
    154
    155
    155
    156
    156
    157
    157
    158
    158
    159
    159
    160
    160
    161
    161
    162
    162
    163
    163
    164
    164
    165
    165
    166
    166
    167
    167
    168
    168
    169
    169
    170
    170
    171
    172
    172
    173
    173
    174
    174
    175
    175
    176
    176
    177
    177
    178
    178
    179
    179
    180
    180
    181
    181
    182
    182
    183
    183
    184
    184
    185
    185
    186
    186
    187
    187
    188
    188
    189
    189
    190
    190
    191
    191
    192
    192
    193
    193
    194
    194
    195
    195
    196
    196
    197
    197
    198
    198
    199
    199
    200
    200
    201
    201
    202
    202
    203
    203
    204
    204
    205
    205
    206
    206
    207
    207
    208
    208
    209
    209
    210
    210
    211
    211
    212
    212
    213
    213
    214
    215
    215
    216
    216
    217
    217
    218
    218
    219
    219
    220
    220
    221
    221
    222
    222
    223
    223
    224
    224
    225
    225
    226
    226
    227
    227
    228
    228
    229
    229
    230
    230
    231
    231
    232
    232
    233
    233
    234
    234
    235
    235
    236
    236
    237
    237
    238
    238
    239
    239
    240
    240
    241
    241
    242
    242
    243
    243
    244
    244
    245
    245
    246
    246
    247
    247
    248
    248
    249
    249
    250
    250
    251
    251
    252
    252
    253
    253
    254
    254
    255
    255
    256
    256
    257
    258
    258
    259
    259
    260
    260
    261
    261
    262
    262
    263
    263
    264
    264
    265
    265
    266
    266
    267
    267
    268
    268
    269
    269
    270
    270
    271
    271
    272
    272
    273
    273
    274
    274
    275
    275
    276
    276
    277
    277
    278
    278
    279
    279
    280
    280
    281
    281
    282
    282
    283
    283
    284
    284
    285
    285
    286
    286
    287
    287
    288
    288
    289
    289
    290
    290
    291
    291
    292
    292
    293
    293
    294
    294
    295
    295
    296
    296
    297
    297
    298
    298
    299
    299
    300
    301
    301
    302
    302
    303
    303
    304
    304
    305
    305
    306
    306
    307
    307
    308
    308
    309
    309
    310
    310
    311
    311
    312
    312
    313
    313
    314
    314
    315
    315
    316
    316
    317
    317
    318
    318
    319
    319
    320
    320
    321
    321
    322
    322
    323
    323
    324
    324
    325
    325
    326
    326
    327
    327
    328
    328
    329
    329
    330
    330
    331
    331
    332
    332
    333
    333
    334
    334
    335
    335
    336
    336
    337
    337
    338
    338
    339
    339
    340
    340
    341
    341
    342
    342
    343
    344
    344
    345
    345
    346
    346
    347
    347
    348
    348
    349
    349
    350
    350
    351
    351
    352
    352
    353
    353
    354
    354
    355
    355
    356
    356
    357
    357
    358
    358
    359
    359
    360
    360
    361
    361
    362
    362
    363
    363
    364
    364
    365
    365
    366
    366
    367
    367
    368
    368
    369
    369
    370
    370
    371
    371
    372
    372
    373
    373
    374
    374
    375
    375
    376
    376
    377
    377
    378
    378
    379
    379
    380
    380
    381
    381
    382
    382
    383
    383
    384
    384
    385
    385
    386
    387
    387
    388
    388
    389
    389
    390
    390
    391
    391
    392
    392
    393
    393
    394
    394
    395
    395
    396
    396
    397
    397
    398
    398
    399
    399
    400
    400
    401
    401
    402
    402
    403
    403
    404
    404
    405
    405
    406
    406
    407
    407
    408
    408
    409
    409
    410
    410
    411
    411
    412
    412
    413
    413
    414
    414
    415
    415
    416
    416
    417
    417
    418
    418
    419
    419
    420
    420
    421
    421
    422
    422
    423
    423
    424
    424
    425
    425
    426
    426
    427
    427
    428
    428
    429
    430
    430
    431
    431
    432
    432
    433
    433
    434
    434
    435
    435
    436
    436
    437
    437
    438
    438
    439
    439
    440
    440
    441
    441
    442
    442
    443
    443
    444
    444
    445
    445
    446
    446
    447
    447
    448
    448
    449
    449
    450
    450
    451
    451
    452
    452
    453
    453
    454
    454
    455
    455
    456
    456
    457
    457
    458
    458
    459
    459
    460
    460
    461
    461
    462
    462
    463
    463
    464
    464
    465
    465
    466
    466
    467
    467
    468
    468
    469
    469
    470
    470
    471
    471
    472
    473
    473
    474
    474
    475
    475
    476
    476
    477
    477
    478
    478
    479
    479
    480
    480
    481
    481
    482
    482
    483
    483
    484
    484
    485
    485
    486
    486
    487
    487
    488
    488
    489
    489
    490
    490
    491
    491
    492
    492
    493
    493
    494
    494
    495
    495
    496
    496
    497
    497
    498
    498
    499
    499
    500
    500
    501
    501
    502
    502
    503
    503
    504
    504
    505
    505
    506
    506
    507
    507
    508
    508
    509
    509
    510
    510
    511
    511
    512
    512
    513
    513
    514
    514
    515
    516
    516
    517
    517
    518
    518
    519
    519
    520
    520
    521
    521
    522
    522
    523
    523
    524
    524
    525
    525
    526
    526
    527
    527
    528
    528
    529
    529
    530
    530
    531
    531
    532
    532
    533
    533
    534
    534
    535
    535
    536
    536
    537
    537
    538
    538
    539
    539
    540
    540
    541
    541
    542
    542
    543
    543
    544
    544
    545
    545
    546
    546
    547
    547
    548
    548
    549
    549
    550
    550
    551
    551
    552
    552
    553
    553
    554
    554
    555
    555
    556
    556
    557
    557
    558
    559
    559
    560
    560
    561
    561
    562
    562
    563
    563
    564
    564
    565
    565
    566
    566
    567
    567
    568
    568
    569
    569
    570
    570
    571
    571
    572
    572
    573
    573
    574
    574
    575
    575
    576
    576
    577
    577
    578
    578
    579
    579
    580
    580
    581
    581
    582
    582
    583
    583
    584
    584
    585
    585
    586
    586
    587
    587
    588
    588
    589
    589
    590
    590
    591
    591
    592
    592
    593
    593
    594
    594
    595
    595
    596
    596
    597
    597
    598
    598
    599
    599
    600
    600
    601
    602
    602
    603
    603
    604
    604
    605
    605
    606
    606
    607
    607
    608
    608
    609
    609
    610
    610
    611
    611
    612
    612
    613
    613
    614
    614
    615
    615
    616
    616
    617
    617
    618
    618
    619
    619
    620
    620
    621
    621
    622
    622
    623
    623
    624
    624
    625
    625
    626
    626
    627
    627
    628
    628
    629
    629
    630
    630
    631
    631
    632
    632
    633
    633
    634
    634
    635
    635
    636
    636
    637
    637
    638
    638
    639
    639
    640
    640
    641
    641
    642
    642
    643
    643
    644
    645
    645
    646
    646
    647
    647
    648
    648
    649
    649
    650
    650
    651
    651
    652
    652
    653
    653
    654
    654
    655
    655
    656
    656
    657
    657
    658
    658
    659
    659
    660
    660
    661
    661
    662
    662
    663
    663
    664
    664
    665
    665
    666
    666
    667
    667
    668
    668
    669
    669
    670
    670
    671
    671
    672
    672
    673
    673
    674
    674
    675
    675
    676
    676
    677
    677
    678
    678
    679
    679
    680
    680
    681
    681
    682
    682
    683
    683
    684
    684
    685
    685
    686
    686
    687
    688
    688
    689
    689
    690
    690
    691
    691
    692
    692
    693
    693
    694
    694
    695
    695
    696
    696
    697
    697
    698
    698
    699
    699
    700
    700
    701
    701
    702
    702
    703
    703
    704
    704
    705
    705
    706
    706
    707
    707
    708
    708
    709
    709
    710
    710
    711
    711
    712
    712
    713
    713
    714
    714
    715
    715
    716
    716
    717
    717
    718
    718
    719
    719
    720
    720
    721
    721
    722
    722
    723
    723
    724
    724
    725
    725
    726
    726
    727
    727
    728
    728
    729
    729
    730
    731
    731
    732
    732
    733
    733
    734
    734
    735
    735
    736
    736
    737
    737
    738
    738
    739
    739
    740
    740
    741
    741
    742
    742
    743
    743
    744
    744
    745
    745
    746
    746
    747
    747
    748
    748
    749
    749
    750
    750
    751
    751
    752
    752
    753
    753
    754
    754
    755
    755
    756
    756
    757
    757
    758
    758
    759
    759
    760
    760
    761
    761
    762
    762
    763
    763
    764
    764
    765
    765
    766
    766
    767
    767
    768
    768
    769
    769
    770
    770
    771
    771
    772
    772
    773
    774
    774
    775
    775
    776
    776
    777
    777
    778
    778
    779
    779
    780
    780
    781
    781
    782
    782
    783
    783
    784
    784
    785
    785
    786
    786
    787
    787
    788
    788
    789
    789
    790
    790
    791
    791
    792
    792
    793
    793
    794
    794
    795
    795
    796
    796
    797
    797
    798
    798
    799
    799
    800
    800
    801
    801
    802
    802
    803
    803
    804
    804
    805
    805
    806
    806
    807
    807
    808
    808
    809
    809
    810
    810
    811
    811
    812
    812
    813
    813
    814
    814
    815
    815
    816
    817
    817
    818
    818
    819
    819
    820
    820
    821
    821
    822
    822
    823
    823
    824
    824
    825
    825
    826
    826
    827
    827
    828
    828
    829
    829
    830
    830
    831
    831
    832
    832
    833
    833
    834
    834
    835
    835
    836
    836
    837
    837
    838
    838
    839
    839
    840
    840
    841
    841
    842
    842
    843
    843
    844
    844
    845
    845
    846
    846
    847
    847
    848
    848
    849
    849
    850
    850
    851
    851
    852
    852
    853
    853
    854
    854
    855
    855
    856
    856
    857
    857
    858
    858
    859
    860
    860
    861
    861
    862
    862
    863
    863
    864
    864
    865
    865
    866
    866
    867
    867
    868
    868
    869
    869
    870
    870
    871
    871
    872
    872
    873
    873
    874
    874
    875
    875
    876
    876
    877
    877
    878
    878
    879
    879
    880
    880
    881
    881
    882
    882
    883
    883
    884
    884
    885
    885
    886
    886
    887
    887
    888
    888
    889
    889
    890
    890
    891
    891
    892
    892
    893
    893
    894
    894
    895
    895
    896
    896
    897
    897
    898
    898
    899
    899
    900
    900
    901
    901
    902
    903
    903
    904
    904
    905
    905
    906
    906
    907
    907
    908
    908
    909
    909
    910
    910
    911
    911
    912
    912
    913
    913
    914
    914
    915
    915
    916
    916
    917
    917
    918
    918
    919
    919
    920
    920
    921
    921
    922
    922
    923
    923
    924
    924
    925
    925
    926
    926
    927
    927
    928
    928
    929
    929
    930
    930
    931
    931
    932
    932
    933
    933
    934
    934
    935
    935
    936
    936
    937
    937
    938
    938
    939
    939
    940
    940
    941
    941
    942
    942
    943
    943
    944
    944
    945
    946
    946
    947
    947
    948
    948
    949
    949
    950
    950
    951
    951
    952
    952
    953
    953
    954
    954
    955
    955
    956
    956
    957
    957
    958
    958
    959
    959
    960
    960
    961
    961
    962
    962
    963
    963
    964
    964
    965
    965
    966
    966
    967
    967
    968
    968
    969
    969
    970
    970
    971
    971
    972
    972
    973
    973
    974
    974
    975
    975
    976
    976
    977
    977
    978
    978
    979
    979
    980
    980
    981
    981
    982
    982
    983
    983
    984
    984
    985
    985
    986
    986
    987
    987
    988
    989
    989
    990
    990
    991
    991
    992
    992
    993
    993
    994
    994
    995
    995
    996
    996
    997
    997
    998
    998
    999
    999
    1000
    1000
    1001
    1001
    1002
    1002
    1003
    1003
    1004
    1004
    1005
    1005
    1006
    1006
    1007
    1007
    1008
    1008
    1009
    1009
    1010
    1010
    1011
    1011
    1012
    1012
    1013
    1013
    1014
    1014
    1015
    1015
    1016
    1016
    1017
    1017
    1018
    1018
    1019
    1019
    1020
    1020
    1021
    1021
    1022
    1022
    1023
    1023
    1024
    1024
    1025
    1025
    1026
    1026
    1027
    1027
    1028
    1028
    1029
    1029
    1030
    1030
    1031
    1032
    1032
    1033
    1033
    1034
    1034
    1035
    1035
    1036
    1036
    1037
    1037
    1038
    1038
    1039
    1039
    1040
    1040
    1041
    1041
    1042
    1042
    1043
    1043
    1044
    1044
    1045
    1045
    1046
    1046
    1047
    1047
    1048
    1048
    1049
    1049
    1050
    1050
    1051
    1051
    1052
    1052
    1053
    1053
    1054
    1054
    1055
    1055
    1056
    1056
    1057
    1057
    1058
    1058
    1059
    1059
    1060
    1060
    1061
    1061
    1062
    1062
    1063
    1063
    1064
    1064
    1065
    1065
    1066
    1066
    1067
    1067
    1068
    1068
    1069
    1069
    1070
    1070
    1071
    1071
    1072
    1072
    1073
    1073
    1074
    1075
    1075
    1076
    1076
    1077
    1077
    1078
    1078
    1079
    1079
    1080
    1080
    1081
    1081
    1082
    1082
    1083
    1083
    1084
    1084
    1085
    1085
    1086
    1086
    1087
    1087
    1088
    1088
    1089
    1089
    1090
    1090
    1091
    1091
    1092
    1092
    1093
    1093
    1094
    1094
    1095
    1095
    1096
    1096
    1097
    1097
    1098
    1098
    1099
    1099
    1100
    1100
    1101
    1101
    1102
    1102
    1103
    1103
    1104
    1104
    1105
    1105
    1106
    1106
    1107
    1107
    1108
    1108
    1109
    1109
    1110
    1110
    1111
    1111
    1112
    1112
    1113
    1113
    1114
    1114
    1115
    1115
    1116
    1116
    1117
    1118
    1118
    1119
    1119
    1120
    1120
    1121
    1121
    1122
    1122
    1123
    1123
    1124
    1124
    1125
    1125
    1126
    1126
    1127
    1127
    1128
    1128
    1129
    1129
    1130
    1130
    1131
    1131
    1132
    1132
    1133
    1133
    1134
    1134
    1135
    1135
    1136
    1136
    1137
    1137
    1138
    1138
    1139
    1139
    1140
    1140
    1141
    1141
    1142
    1142
    1143
    1143
    1144
    1144
    1145
    1145
    1146
    1146
    1147
    1147
    1148
    1148
    1149
    1149
    1150
    1150
    1151
    1151
    1152
    1152
    1153
    1153
    1154
    1154
    1155
    1155
    1156
    1156
    1157
    1157
    1158
    1158
    1159
    1159
    1160
    1161
    1161
    1162
    1162
    1163
    1163
    1164
    1164
    1165
    1165
    1166
    1166
    1167
    1167
    1168
    1168
    1169
    1169
    1170
    1170
    1171
    1171
    1172
    1172
    1173
    1173
    1174
    1174
    1175
    1175
    1176
    1176
    1177
    1177
    1178
    1178
    1179
    1179
    1180
    1180
    1181
    1181
    1182
    1182
    1183
    1183
    1184
    1184
    1185
    1185
    1186
    1186
    1187
    1187
    1188
    1188
    1189
    1189
    1190
    1190
    1191
    1191
    1192
    1192
    1193
    1193
    1194
    1194
    1195
    1195
    1196
    1196
    1197
    1197
    1198
    1198
    1199
    1199
    1200
    1200
    1201
    1201
    1202
    1202
    1203
    1204
    1204
    1205
    1205
    1206
    1206
    1207
    1207
    1208
    1208
    1209
    1209
    1210
    1210
    1211
    1211
    1212
    1212
    1213
    1213
    1214
    1214
    1215
    1215
    1216
    1216
    1217
    1217
    1218
    1218
    1219
    1219
    1220
    1220
    1221
    1221
    1222
    1222
    1223
    1223
    1224
    1224
    1225
    1225
    1226
    1226
    1227
    1227
    1228
    1228
    1229
    1229
    1230
    1230
    1231
    1231
    1232
    1232
    1233
    1233
    1234
    1234
    1235
    1235
    1236
    1236
    1237
    1237
    1238
    1238
    1239
    1239
    1240
    1240
    1241
    1241
    1242
    1242
    1243
    1243
    1244
    1244
    1245
    1245
    1246
    1247
    1248
    1249
    1250
    1251
    1252
    1253
    1254
    1255
    1256
    1257
    1258
    1259
    1260
    1261
    1262
    1263
    1264
    1265
    1266
    1267
    1268
    1269
    1270
    1271
    1272
    1273
    1274
    1275
    1276
    1277
    1278
    1279
    1280
    1281
    1282
    1283
    1284
    1285
    1286
    1287
    1288
    1247
    1248
    1249
    1250
    1251
    1252
    1253
    1254
    1255
    1256
    1257
    1258
    1259
    1260
    1261
    1262
    1263
    1264
    1265
    1266
    1267
    1268
    1269
    1270
    1271
    1272
    1273
    1274
    1275
    1276
    1277
    1278
    1279
    1280
    1281
    1282
    1283
    1284
    1285
    1286
    1287
    1288
    1289
    0
    1
    2
    3
    4
    5
    6
    7
    8
    9
    10
    11
    12
    13
    14
    15
    16
    17
    18
    19
    20
    21
    22
    23
    24
    25
    26
    27
    28
    29
    30
    31
    32
    33
    34
    35
    36
    37
    38
    39
    40
    41
    42
    0
    43
    86
    129
    172
    215
    258
    301
    344
    387
    430
    473
    516
    559
    602
    645
    688
    731
    774
    817
    860
    903
    946
    989
    1032
    1075
    1118
    1161
    1204
    1247
    1
    44
    87
    130
    173
    216
    259
    302
    345
    388
    431
    474
    517
    560
    603
    646
    689
    732
    775
    818
    861
    904
    947
    990
    1033
    1076
    1119
    1162
    1205
    1248
    2
    45
    88
    131
    174
    217
    260
    303
    346
    389
    432
    475
    518
    561
    604
    647
    690
    733
    776
    819
    862
    905
    948
    991
    1034
    1077
    1120
    1163
    1206
    1249
    3
    46
    89
    132
    175
    218
    261
    304
    347
    390
    433
    476
    519
    562
    605
    648
    691
    734
    777
    820
    863
    906
    949
    992
    1035
    1078
    1121
    1164
    1207
    1250
    4
    47
    90
    133
    176
    219
    262
    305
    348
    391
    434
    477
    520
    563
    606
    649
    692
    735
    778
    821
    864
    907
    950
    993
    1036
    1079
    1122
    1165
    1208
    1251
    5
    48
    91
    134
    177
    220
    263
    306
    349
    392
    435
    478
    521
    564
    607
    650
    693
    736
    779
    822
    865
    908
    951
    994
    1037
    1080
    1123
    1166
    1209
    1252
    6
    49
    92
    135
    178
    221
    264
    307
    350
    393
    436
    479
    522
    565
    608
    651
    694
    737
    780
    823
    866
    909
    952
    995
    1038
    1081
    1124
    1167
    1210
    1253
    7
    50
    93
    136
    179
    222
    265
    308
    351
    394
    437
    480
    523
    566
    609
    652
    695
    738
    781
    824
    867
    910
    953
    996
    1039
    1082
    1125
    1168
    1211
    1254
    8
    51
    94
    137
    180
    223
    266
    309
    352
    395
    438
    481
    524
    567
    610
    653
    696
    739
    782
    825
    868
    911
    954
    997
    1040
    1083
    1126
    1169
    1212
    1255
    9
    52
    95
    138
    181
    224
    267
    310
    353
    396
    439
    482
    525
    568
    611
    654
    697
    740
    783
    826
    869
    912
    955
    998
    1041
    1084
    1127
    1170
    1213
    1256
    10
    53
    96
    139
    182
    225
    268
    311
    354
    397
    440
    483
    526
    569
    612
    655
    698
    741
    784
    827
    870
    913
    956
    999
    1042
    1085
    1128
    1171
    1214
    1257
    11
    54
    97
    140
    183
    226
    269
    312
    355
    398
    441
    484
    527
    570
    613
    656
    699
    742
    785
    828
    871
    914
    957
    1000
    1043
    1086
    1129
    1172
    1215
    1258
    12
    55
    98
    141
    184
    227
    270
    313
    356
    399
    442
    485
    528
    571
    614
    657
    700
    743
    786
    829
    872
    915
    958
    1001
    1044
    1087
    1130
    1173
    1216
    1259
    13
    56
    99
    142
    185
    228
    271
    314
    357
    400
    443
    486
    529
    572
    615
    658
    701
    744
    787
    830
    873
    916
    959
    1002
    1045
    1088
    1131
    1174
    1217
    1260
    14
    57
    100
    143
    186
    229
    272
    315
    358
    401
    444
    487
    530
    573
    616
    659
    702
    745
    788
    831
    874
    917
    960
    1003
    1046
    1089
    1132
    1175
    1218
    1261
    15
    58
    101
    144
    187
    230
    273
    316
    359
    402
    445
    488
    531
    574
    617
    660
    703
    746
    789
    832
    875
    918
    961
    1004
    1047
    1090
    1133
    1176
    1219
    1262
    16
    59
    102
    145
    188
    231
    274
    317
    360
    403
    446
    489
    532
    575
    618
    661
    704
    747
    790
    833
    876
    919
    962
    1005
    1048
    1091
    1134
    1177
    1220
    1263
    17
    60
    103
    146
    189
    232
    275
    318
    361
    404
    447
    490
    533
    576
    619
    662
    705
    748
    791
    834
    877
    920
    963
    1006
    1049
    1092
    1135
    1178
    1221
    1264
    18
    61
    104
    147
    190
    233
    276
    319
    362
    405
    448
    491
    534
    577
    620
    663
    706
    749
    792
    835
    878
    921
    964
    1007
    1050
    1093
    1136
    1179
    1222
    1265
    19
    62
    105
    148
    191
    234
    277
    320
    363
    406
    449
    492
    535
    578
    621
    664
    707
    750
    793
    836
    879
    922
    965
    1008
    1051
    1094
    1137
    1180
    1223
    1266
    20
    63
    106
    149
    192
    235
    278
    321
    364
    407
    450
    493
    536
    579
    622
    665
    708
    751
    794
    837
    880
    923
    966
    1009
    1052
    1095
    1138
    1181
    1224
    1267
    21
    64
    107
    150
    193
    236
    279
    322
    365
    408
    451
    494
    537
    580
    623
    666
    709
    752
    795
    838
    881
    924
    967
    1010
    1053
    1096
    1139
    1182
    1225
    1268
    22
    65
    108
    151
    194
    237
    280
    323
    366
    409
    452
    495
    538
    581
    624
    667
    710
    753
    796
    839
    882
    925
    968
    1011
    1054
    1097
    1140
    1183
    1226
    1269
    23
    66
    109
    152
    195
    238
    281
    324
    367
    410
    453
    496
    539
    582
    625
    668
    711
    754
    797
    840
    883
    926
    969
    1012
    1055
    1098
    1141
    1184
    1227
    1270
    24
    67
    110
    153
    196
    239
    282
    325
    368
    411
    454
    497
    540
    583
    626
    669
    712
    755
    798
    841
    884
    927
    970
    1013
    1056
    1099
    1142
    1185
    1228
    1271
    25
    68
    111
    154
    197
    240
    283
    326
    369
    412
    455
    498
    541
    584
    627
    670
    713
    756
    799
    842
    885
    928
    971
    1014
    1057
    1100
    1143
    1186
    1229
    1272
    26
    69
    112
    155
    198
    241
    284
    327
    370
    413
    456
    499
    542
    585
    628
    671
    714
    757
    800
    843
    886
    929
    972
    1015
    1058
    1101
    1144
    1187
    1230
    1273
    27
    70
    113
    156
    199
    242
    285
    328
    371
    414
    457
    500
    543
    586
    629
    672
    715
    758
    801
    844
    887
    930
    973
    1016
    1059
    1102
    1145
    1188
    1231
    1274
    28
    71
    114
    157
    200
    243
    286
    329
    372
    415
    458
    501
    544
    587
    630
    673
    716
    759
    802
    845
    888
    931
    974
    1017
    1060
    1103
    1146
    1189
    1232
    1275
    29
    72
    115
    158
    201
    244
    287
    330
    373
    416
    459
    502
    545
    588
    631
    674
    717
    760
    803
    846
    889
    932
    975
    1018
    1061
    1104
    1147
    1190
    1233
    1276
    30
    73
    116
    159
    202
    245
    288
    331
    374
    417
    460
    503
    546
    589
    632
    675
    718
    761
    804
    847
    890
    933
    976
    1019
    1062
    1105
    1148
    1191
    1234
    1277
    31
    74
    117
    160
    203
    246
    289
    332
    375
    418
    461
    504
    547
    590
    633
    676
    719
    762
    805
    848
    891
    934
    977
    1020
    1063
    1106
    1149
    1192
    1235
    1278
    32
    75
    118
    161
    204
    247
    290
    333
    376
    419
    462
    505
    548
    591
    634
    677
    720
    763
    806
    849
    892
    935
    978
    1021
    1064
    1107
    1150
    1193
    1236
    1279
    33
    76
    119
    162
    205
    248
    291
    334
    377
    420
    463
    506
    549
    592
    635
    678
    721
    764
    807
    850
    893
    936
    979
    1022
    1065
    1108
    1151
    1194
    1237
    1280
    34
    77
    120
    163
    206
    249
    292
    335
    378
    421
    464
    507
    550
    593
    636
    679
    722
    765
    808
    851
    894
    937
    980
    1023
    1066
    1109
    1152
    1195
    1238
    1281
    35
    78
    121
    164
    207
    250
    293
    336
    379
    422
    465
    508
    551
    594
    637
    680
    723
    766
    809
    852
    895
    938
    981
    1024
    1067
    1110
    1153
    1196
    1239
    1282
    36
    79
    122
    165
    208
    251
    294
    337
    380
    423
    466
    509
    552
    595
    638
    681
    724
    767
    810
    853
    896
    939
    982
    1025
    1068
    1111
    1154
    1197
    1240
    1283
    37
    80
    123
    166
    209
    252
    295
    338
    381
    424
    467
    510
    553
    596
    639
    682
    725
    768
    811
    854
    897
    940
    983
    1026
    1069
    1112
    1155
    1198
    1241
    1284
    38
    81
    124
    167
    210
    253
    296
    339
    382
    425
    468
    511
    554
    597
    640
    683
    726
    769
    812
    855
    898
    941
    984
    1027
    1070
    1113
    1156
    1199
    1242
    1285
    39
    82
    125
    168
    211
    254
    297
    340
    383
    426
    469
    512
    555
    598
    641
    684
    727
    770
    813
    856
    899
    942
    985
    1028
    1071
    1114
    1157
    1200
    1243
    1286
    40
    83
    126
    169
    212
    255
    298
    341
    384
    427
    470
    513
    556
    599
    642
    685
    728
    771
    814
    857
    900
    943
    986
    1029
    1072
    1115
    1158
    1201
    1244
    1287
    41
    84
    127
    170
    213
    256
    299
    342
    385
    428
    471
    514
    557
    600
    643
    686
    729
    772
    815
    858
    901
    944
    987
    1030
    1073
    1116
    1159
    1202
    1245
    1288
    42
    85
    128
    171
    214
    257
    300
    343
    386
    429
    472
    515
    558
    601
    644
    687
    730
    773
    816
    859
    902
    945
    988
    1031
    1074
    1117
    1160
    1203
    1246
    1289
    0
    43
    86
    129
    172
    215
    258
    301
    344
    387
    430
    473
    516
    559
    602
    645
    688
    731
    774
    817
    860
    903
    946
    989
    1032
    1075
    1118
    1161
    1204
    1247
    1
    44
    87
    130
    173
    216
    259
    302
    345
    388
    431
    474
    517
    560
    603
    646
    689
    732
    775
    818
    861
    904
    947
    990
    1033
    1076
    1119
    1162
    1205
    1248
    2
    45
    88
    131
    174
    217
    260
    303
    346
    389
    432
    475
    518
    561
    604
    647
    690
    733
    776
    819
    862
    905
    948
    991
    1034
    1077
    1120
    1163
    1206
    1249
    3
    46
    89
    132
    175
    218
    261
    304
    347
    390
    433
    476
    519
    562
    605
    648
    691
    734
    777
    820
    863
    906
    949
    992
    1035
    1078
    1121
    1164
    1207
    1250
    4
    47
    90
    133
    176
    219
    262
    305
    348
    391
    434
    477
    520
    563
    606
    649
    692
    735
    778
    821
    864
    907
    950
    993
    1036
    1079
    1122
    1165
    1208
    1251
    5
    48
    91
    134
    177
    220
    263
    306
    349
    392
    435
    478
    521
    564
    607
    650
    693
    736
    779
    822
    865
    908
    951
    994
    1037
    1080
    1123
    1166
    1209
    1252
    6
    49
    92
    135
    178
    221
    264
    307
    350
    393
    436
    479
    522
    565
    608
    651
    694
    737
    780
    823
    866
    909
    952
    995
    1038
    1081
    1124
    1167
    1210
    1253
    7
    50
    93
    136
    179
    222
    265
    308
    351
    394
    437
    480
    523
    566
    609
    652
    695
    738
    781
    824
    867
    910
    953
    996
    1039
    1082
    1125
    1168
    1211
    1254
    8
    51
    94
    137
    180
    223
    266
    309
    352
    395
    438
    481
    524
    567
    610
    653
    696
    739
    782
    825
    868
    911
    954
    997
    1040
    1083
    1126
    1169
    1212
    1255
    9
    52
    95
    138
    181
    224
    267
    310
    353
    396
    439
    482
    525
    568
    611
    654
    697
    740
    783
    826
    869
    912
    955
    998
    1041
    1084
    1127
    1170
    1213
    1256
    10
    53
    96
    139
    182
    225
    268
    311
    354
    397
    440
    483
    526
    569
    612
    655
    698
    741
    784
    827
    870
    913
    956
    999
    1042
    1085
    1128
    1171
    1214
    1257
    11
    54
    97
    140
    183
    226
    269
    312
    355
    398
    441
    484
    527
    570
    613
    656
    699
    742
    785
    828
    871
    914
    957
    1000
    1043
    1086
    1129
    1172
    1215
    1258
    12
    55
    98
    141
    184
    227
    270
    313
    356
    399
    442
    485
    528
    571
    614
    657
    700
    743
    786
    829
    872
    915
    958
    1001
    1044
    1087
    1130
    1173
    1216
    1259
    13
    56
    99
    142
    185
    228
    271
    314
    357
    400
    443
    486
    529
    572
    615
    658
    701
    744
    787
    830
    873
    916
    959
    1002
    1045
    1088
    1131
    1174
    1217
    1260
    14
    57
    100
    143
    186
    229
    272
    315
    358
    401
    444
    487
    530
    573
    616
    659
    702
    745
    788
    831
    874
    917
    960
    1003
    1046
    1089
    1132
    1175
    1218
    1261
    15
    58
    101
    144
    187
    230
    273
    316
    359
    402
    445
    488
    531
    574
    617
    660
    703
    746
    789
    832
    875
    918
    961
    1004
    1047
    1090
    1133
    1176
    1219
    1262
    16
    59
    102
    145
    188
    231
    274
    317
    360
    403
    446
    489
    532
    575
    618
    661
    704
    747
    790
    833
    876
    919
    962
    1005
    1048
    1091
    1134
    1177
    1220
    1263
    17
    60
    103
    146
    189
    232
    275
    318
    361
    404
    447
    490
    533
    576
    619
    662
    705
    748
    791
    834
    877
    920
    963
    1006
    1049
    1092
    1135
    1178
    1221
    1264
    18
    61
    104
    147
    190
    233
    276
    319
    362
    405
    448
    491
    534
    577
    620
    663
    706
    749
    792
    835
    878
    921
    964
    1007
    1050
    1093
    1136
    1179
    1222
    1265
    19
    62
    105
    148
    191
    234
    277
    320
    363
    406
    449
    492
    535
    578
    621
    664
    707
    750
    793
    836
    879
    922
    965
    1008
    1051
    1094
    1137
    1180
    1223
    1266
    20
    63
    106
    149
    192
    235
    278
    321
    364
    407
    450
    493
    536
    579
    622
    665
    708
    751
    794
    837
    880
    923
    966
    1009
    1052
    1095
    1138
    1181
    1224
    1267
    21
    64
    107
    150
    193
    236
    279
    322
    365
    408
    451
    494
    537
    580
    623
    666
    709
    752
    795
    838
    881
    924
    967
    1010
    1053
    1096
    1139
    1182
    1225
    1268
    22
    65
    108
    151
    194
    237
    280
    323
    366
    409
    452
    495
    538
    581
    624
    667
    710
    753
    796
    839
    882
    925
    968
    1011
    1054
    1097
    1140
    1183
    1226
    1269
    23
    66
    109
    152
    195
    238
    281
    324
    367
    410
    453
    496
    539
    582
    625
    668
    711
    754
    797
    840
    883
    926
    969
    1012
    1055
    1098
    1141
    1184
    1227
    1270
    24
    67
    110
    153
    196
    239
    282
    325
    368
    411
    454
    497
    540
    583
    626
    669
    712
    755
    798
    841
    884
    927
    970
    1013
    1056
    1099
    1142
    1185
    1228
    1271
    25
    68
    111
    154
    197
    240
    283
    326
    369
    412
    455
    498
    541
    584
    627
    670
    713
    756
    799
    842
    885
    928
    971
    1014
    1057
    1100
    1143
    1186
    1229
    1272
    26
    69
    112
    155
    198
    241
    284
    327
    370
    413
    456
    499
    542
    585
    628
    671
    714
    757
    800
    843
    886
    929
    972
    1015
    1058
    1101
    1144
    1187
    1230
    1273
    27
    70
    113
    156
    199
    242
    285
    328
    371
    414
    457
    500
    543
    586
    629
    672
    715
    758
    801
    844
    887
    930
    973
    1016
    1059
    1102
    1145
    1188
    1231
    1274
    28
    71
    114
    157
    200
    243
    286
    329
    372
    415
    458
    501
    544
    587
    630
    673
    716
    759
    802
    845
    888
    931
    974
    1017
    1060
    1103
    1146
    1189
    1232
    1275
    29
    72
    115
    158
    201
    244
    287
    330
    373
    416
    459
    502
    545
    588
    631
    674
    717
    760
    803
    846
    889
    932
    975
    1018
    1061
    1104
    1147
    1190
    1233
    1276
    30
    73
    116
    159
    202
    245
    288
    331
    374
    417
    460
    503
    546
    589
    632
    675
    718
    761
    804
    847
    890
    933
    976
    1019
    1062
    1105
    1148
    1191
    1234
    1277
    31
    74
    117
    160
    203
    246
    289
    332
    375
    418
    461
    504
    547
    590
    633
    676
    719
    762
    805
    848
    891
    934
    977
    1020
    1063
    1106
    1149
    1192
    1235
    1278
    32
    75
    118
    161
    204
    247
    290
    333
    376
    419
    462
    505
    548
    591
    634
    677
    720
    763
    806
    849
    892
    935
    978
    1021
    1064
    1107
    1150
    1193
    1236
    1279
    33
    76
    119
    162
    205
    248
    291
    334
    377
    420
    463
    506
    549
    592
    635
    678
    721
    764
    807
    850
    893
    936
    979
    1022
    1065
    1108
    1151
    1194
    1237
    1280
    34
    77
    120
    163
    206
    249
    292
    335
    378
    421
    464
    507
    550
    593
    636
    679
    722
    765
    808
    851
    894
    937
    980
    1023
    1066
    1109
    1152
    1195
    1238
    1281
    35
    78
    121
    164
    207
    250
    293
    336
    379
    422
    465
    508
    551
    594
    637
    680
    723
    766
    809
    852
    895
    938
    981
    1024
    1067
    1110
    1153
    1196
    1239
    1282
    36
    79
    122
    165
    208
    251
    294
    337
    380
    423
    466
    509
    552
    595
    638
    681
    724
    767
    810
    853
    896
    939
    982
    1025
    1068
    1111
    1154
    1197
    1240
    1283
    37
    80
    123
    166
    209
    252
    295
    338
    381
    424
    467
    510
    553
    596
    639
    682
    725
    768
    811
    854
    897
    940
    983
    1026
    1069
    1112
    1155
    1198
    1241
    1284
    38
    81
    124
    167
    210
    253
    296
    339
    382
    425
    468
    511
    554
    597
    640
    683
    726
    769
    812
    855
    898
    941
    984
    1027
    1070
    1113
    1156
    1199
    1242
    1285
    39
    82
    125
    168
    211
    254
    297
    340
    383
    426
    469
    512
    555
    598
    641
    684
    727
    770
    813
    856
    899
    942
    985
    1028
    1071
    1114
    1157
    1200
    1243
    1286
    40
    83
    126
    169
    212
    255
    298
    341
    384
    427
    470
    513
    556
    599
    642
    685
    728
    771
    814
    857
    900
    943
    986
    1029
    1072
    1115
    1158
    1201
    1244
    1287
    41
    84
    127
    170
    213
    256
    299
    342
    385
    428
    471
    514
    557
    600
    643
    686
    729
    772
    815
    858
    901
    944
    987
    1030
    1073
    1116
    1159
    1202
    1245
    1288
    42
    85
    128
    171
    214
    257
    300
    343
    386
    429
    472
    515
    558
    601
    644
    687
    730
    773
    816
    859
    902
    945
    988
    1031
    1074
    1117
    1160
    1203
    1246
    1289
    42
    85
    128
    171
    214
    257
    300
    343
    386
    429
    472
    515
    558
    601
    644
    687
    730
    773
    816
    859
    902
    945
    988
    1031
    1074
    1117
    1160
    1203
    1246
    1289
)


// ************************************************************************* //
