/*--------------------------------*- C++ -*----------------------------------*\
| =========                 |                                                 |
| \\      /  F ield         | OpenFOAM: The Open Source CFD Toolbox           |
|  \\    /   O peration     | Version:  2.3.1                                 |
|   \\  /    A nd           | Web:      www.OpenFOAM.org                      |
|    \\/     M anipulation  |                                                 |
\*---------------------------------------------------------------------------*/
FoamFile
{
    version     2.0;
    format      ascii;
    class       regIOobject;
    location    "constant/polyMesh";
    object      faceZones;
}
// * * * * * * * * * * * * * * * * * * * * * * * * * * * * * * * * * * * * * //

2
(
hotFlow
{
    type faceZone;
faceLabels      List<label> 
110
(
21952
21953
21958
21959
21961
21962
21964
21965
21966
21971
21973
21974
21975
21976
21977
21981
21983
21984
21993
21997
21999
22002
22003
22008
22009
22010
22011
22012
22013
22014
22015
22016
22017
22018
22019
22020
22021
22022
22023
22024
22025
22035
22039
22047
22048
22052
22053
22058
22064
22065
22067
22069
22070
22071
22076
22077
22079
22080
22081
22082
22083
22084
22085
22086
22087
22090
22091
22092
22093
22109
22114
22115
22116
22117
22118
22123
22124
22136
22137
22138
22139
22141
22145
22146
22147
22148
22149
22154
22155
22156
22157
22158
22159
22160
22161
22162
22163
22164
22165
22166
22167
22168
22169
22170
22181
22182
22183
22193
22201
22203
)
;
flipMap         List<bool> 110{1};
}

porousMat
{
    type faceZone;
faceLabels      List<label> 
146
(
21949
21950
21951
21954
21955
21956
21957
21960
21963
21967
21968
21969
21970
21972
21978
21979
21980
21982
21985
21986
21987
21988
21989
21990
21991
21992
21994
21995
21996
21998
22000
22001
22004
22005
22006
22007
22026
22027
22028
22029
22030
22031
22032
22033
22034
22036
22037
22038
22040
22041
22042
22043
22044
22045
22046
22049
22050
22051
22054
22055
22056
22057
22059
22060
22061
22062
22063
22066
22068
22072
22073
22074
22075
22078
22088
22089
22094
22095
22096
22097
22098
22099
22100
22101
22102
22103
22104
22105
22106
22107
22108
22110
22111
22112
22113
22119
22120
22121
22122
22125
22126
22127
22128
22129
22130
22131
22132
22133
22134
22135
22140
22142
22143
22144
22150
22151
22152
22153
22171
22172
22173
22174
22175
22176
22177
22178
22179
22180
22184
22185
22186
22187
22188
22189
22190
22191
22192
22194
22195
22196
22197
22198
22199
22200
22202
22204
)
;
flipMap         List<bool> 146{1};
}
)

// ************************************************************************* //
