/*--------------------------------*- C++ -*----------------------------------*\
| =========                 |                                                 |
| \\      /  F ield         | OpenFOAM: The Open Source CFD Toolbox           |
|  \\    /   O peration     | Version:  2.3.1                                 |
|   \\  /    A nd           | Web:      www.OpenFOAM.org                      |
|    \\/     M anipulation  |                                                 |
\*---------------------------------------------------------------------------*/
FoamFile {
  version     2.0;
  format      ascii;
  class       labelList;
  note        "nPoints:11664  nCells:5458  nFaces:22205  nInternalFaces:10836";
  location    "constant/polyMesh";
  object      neighbour;
}
// * * * * * * * * * * * * * * * * * * * * * * * * * * * * * * * * * * * * * //


10836
(
    1
    40
    2
    41
    3
    42
    4
    43
    5
    44
    6
    45
    7
    46
    8
    47
    9
    48
    10
    49
    11
    50
    12
    51
    13
    52
    14
    53
    15
    54
    16
    55
    17
    56
    18
    57
    19
    58
    20
    59
    21
    60
    22
    61
    23
    62
    24
    63
    25
    64
    26
    65
    27
    66
    28
    67
    29
    68
    30
    69
    31
    70
    32
    71
    33
    72
    34
    73
    35
    74
    36
    75
    37
    76
    38
    77
    39
    78
    79
    41
    80
    42
    81
    43
    82
    44
    83
    45
    84
    46
    85
    47
    86
    48
    87
    49
    88
    50
    89
    51
    90
    52
    91
    53
    92
    54
    93
    55
    94
    56
    95
    57
    96
    58
    97
    59
    98
    60
    99
    61
    100
    62
    101
    63
    102
    64
    103
    65
    104
    66
    105
    67
    106
    68
    107
    69
    108
    70
    109
    71
    110
    72
    111
    73
    112
    74
    113
    75
    114
    76
    115
    77
    116
    78
    117
    79
    118
    119
    81
    120
    82
    121
    83
    122
    84
    123
    85
    124
    86
    125
    87
    126
    88
    127
    89
    128
    90
    129
    91
    130
    92
    131
    93
    132
    94
    133
    95
    134
    96
    135
    97
    136
    98
    137
    99
    138
    100
    139
    101
    140
    102
    141
    103
    142
    104
    143
    105
    144
    106
    145
    107
    146
    108
    147
    109
    148
    110
    149
    111
    150
    112
    151
    113
    152
    114
    153
    115
    154
    116
    155
    117
    156
    118
    157
    119
    158
    159
    121
    160
    122
    161
    123
    162
    124
    163
    125
    164
    126
    165
    127
    166
    128
    167
    129
    168
    130
    169
    131
    170
    132
    171
    133
    172
    134
    173
    135
    174
    136
    175
    137
    176
    138
    177
    139
    178
    140
    179
    141
    180
    142
    181
    143
    182
    144
    183
    145
    184
    146
    185
    147
    186
    148
    187
    149
    188
    150
    189
    151
    190
    152
    191
    153
    192
    154
    193
    155
    194
    156
    195
    157
    196
    158
    197
    159
    198
    199
    161
    200
    162
    201
    163
    202
    164
    203
    165
    204
    166
    205
    167
    206
    168
    207
    169
    208
    170
    209
    171
    210
    172
    211
    173
    212
    174
    213
    175
    214
    176
    215
    177
    216
    178
    217
    179
    218
    180
    219
    181
    220
    182
    221
    183
    222
    184
    223
    185
    224
    186
    225
    187
    226
    188
    227
    189
    228
    190
    229
    191
    230
    192
    231
    193
    232
    194
    233
    195
    234
    196
    235
    197
    236
    198
    237
    199
    238
    239
    201
    240
    202
    241
    203
    242
    204
    243
    205
    244
    206
    245
    207
    246
    208
    247
    209
    248
    210
    249
    211
    250
    212
    251
    213
    252
    214
    253
    215
    254
    216
    255
    217
    256
    218
    257
    219
    258
    220
    259
    221
    260
    222
    261
    223
    262
    224
    263
    225
    264
    226
    265
    227
    266
    228
    267
    229
    268
    230
    269
    231
    270
    232
    271
    233
    272
    234
    273
    235
    274
    236
    275
    237
    276
    238
    277
    239
    278
    279
    241
    280
    242
    281
    243
    282
    244
    283
    245
    284
    246
    285
    247
    286
    248
    287
    249
    288
    250
    289
    251
    290
    252
    291
    253
    292
    254
    293
    255
    294
    256
    295
    257
    296
    258
    297
    259
    298
    260
    299
    261
    300
    262
    301
    263
    302
    264
    303
    265
    304
    266
    305
    267
    306
    268
    307
    269
    308
    270
    309
    271
    310
    272
    311
    273
    312
    274
    313
    275
    314
    276
    315
    277
    316
    278
    317
    279
    318
    319
    281
    320
    282
    321
    283
    322
    284
    323
    285
    324
    286
    325
    287
    326
    288
    327
    289
    328
    290
    329
    291
    330
    292
    331
    293
    332
    294
    333
    295
    334
    296
    335
    297
    336
    298
    337
    299
    338
    300
    339
    301
    340
    302
    341
    303
    342
    304
    343
    305
    344
    306
    345
    307
    346
    308
    347
    309
    348
    310
    349
    311
    350
    312
    351
    313
    352
    314
    353
    315
    354
    316
    355
    317
    356
    318
    357
    319
    358
    359
    321
    360
    322
    361
    323
    362
    324
    363
    325
    364
    326
    365
    327
    366
    328
    367
    329
    368
    330
    369
    331
    370
    332
    371
    333
    372
    334
    373
    335
    374
    336
    375
    337
    376
    338
    377
    339
    378
    340
    379
    341
    380
    342
    381
    343
    382
    344
    383
    345
    384
    346
    385
    347
    386
    348
    387
    349
    388
    350
    389
    351
    390
    352
    391
    353
    392
    354
    393
    355
    394
    356
    395
    357
    396
    358
    397
    359
    398
    399
    361
    400
    362
    401
    363
    402
    364
    403
    365
    404
    366
    405
    367
    406
    368
    407
    369
    408
    370
    409
    371
    410
    372
    411
    373
    412
    374
    413
    375
    414
    376
    415
    377
    416
    378
    417
    379
    418
    380
    419
    381
    420
    382
    421
    383
    422
    384
    423
    385
    424
    386
    425
    387
    426
    388
    427
    389
    428
    390
    429
    391
    430
    392
    431
    393
    432
    394
    433
    395
    434
    396
    435
    397
    436
    398
    437
    399
    438
    439
    401
    440
    402
    441
    403
    442
    404
    443
    405
    444
    406
    445
    407
    446
    408
    447
    409
    448
    410
    449
    411
    450
    412
    451
    413
    452
    414
    453
    415
    454
    416
    455
    417
    456
    418
    457
    419
    458
    420
    459
    421
    460
    422
    461
    423
    462
    424
    463
    425
    464
    426
    465
    427
    466
    428
    467
    429
    468
    430
    469
    431
    470
    432
    471
    433
    472
    434
    473
    435
    474
    436
    475
    437
    476
    438
    477
    439
    478
    479
    441
    480
    442
    481
    443
    482
    444
    483
    445
    484
    446
    485
    447
    486
    448
    487
    449
    488
    450
    489
    451
    490
    452
    491
    453
    492
    454
    493
    455
    494
    456
    495
    457
    496
    458
    497
    459
    498
    460
    499
    461
    500
    462
    501
    463
    502
    464
    503
    465
    504
    466
    505
    467
    506
    468
    507
    469
    508
    470
    509
    471
    510
    472
    511
    473
    512
    474
    513
    475
    514
    476
    515
    477
    516
    478
    517
    479
    518
    519
    481
    520
    482
    521
    483
    522
    484
    523
    485
    524
    486
    525
    487
    526
    488
    527
    489
    528
    490
    529
    491
    530
    492
    531
    493
    532
    494
    533
    495
    534
    496
    535
    497
    536
    498
    537
    499
    538
    500
    539
    501
    540
    502
    541
    503
    542
    504
    543
    505
    544
    506
    545
    507
    546
    508
    547
    509
    548
    510
    549
    511
    550
    512
    551
    513
    552
    514
    553
    515
    554
    516
    555
    517
    556
    518
    557
    519
    558
    559
    521
    560
    522
    561
    523
    562
    524
    563
    525
    564
    526
    565
    527
    566
    528
    567
    529
    568
    530
    569
    531
    570
    532
    571
    533
    572
    534
    573
    535
    574
    536
    575
    537
    576
    538
    577
    539
    578
    540
    579
    541
    580
    542
    581
    543
    582
    544
    583
    545
    584
    546
    585
    547
    586
    548
    587
    549
    588
    550
    589
    551
    590
    552
    591
    553
    592
    554
    593
    555
    594
    556
    595
    557
    596
    558
    597
    559
    598
    599
    561
    600
    562
    601
    563
    602
    564
    603
    565
    604
    566
    605
    567
    606
    568
    607
    569
    608
    570
    609
    571
    610
    572
    611
    573
    612
    574
    613
    575
    614
    576
    615
    577
    616
    578
    617
    579
    618
    580
    619
    581
    620
    582
    621
    583
    622
    584
    623
    585
    624
    586
    625
    587
    626
    588
    627
    589
    628
    590
    629
    591
    630
    592
    631
    593
    632
    594
    633
    595
    634
    596
    635
    597
    636
    598
    637
    599
    638
    639
    601
    640
    602
    641
    603
    642
    604
    643
    605
    644
    606
    645
    607
    646
    608
    647
    609
    648
    610
    649
    611
    650
    612
    651
    613
    652
    614
    653
    615
    654
    616
    655
    617
    656
    618
    657
    619
    658
    620
    659
    621
    660
    622
    661
    623
    662
    624
    663
    625
    664
    626
    665
    627
    666
    628
    667
    629
    668
    630
    669
    631
    670
    632
    671
    633
    672
    634
    673
    635
    674
    636
    675
    637
    676
    638
    677
    639
    678
    679
    641
    680
    642
    681
    643
    682
    644
    683
    645
    684
    646
    685
    647
    686
    648
    687
    649
    688
    650
    689
    651
    690
    652
    691
    653
    692
    654
    693
    655
    694
    656
    695
    657
    696
    658
    697
    659
    698
    660
    699
    661
    700
    662
    701
    663
    702
    664
    703
    665
    704
    666
    705
    667
    706
    668
    707
    669
    708
    670
    709
    671
    710
    672
    711
    673
    712
    674
    713
    675
    714
    676
    715
    677
    716
    678
    717
    679
    718
    719
    681
    720
    682
    721
    683
    722
    684
    723
    685
    724
    686
    725
    687
    726
    688
    727
    689
    728
    690
    729
    691
    730
    692
    731
    693
    732
    694
    733
    695
    734
    696
    735
    697
    736
    698
    737
    699
    738
    700
    739
    701
    740
    702
    741
    703
    742
    704
    743
    705
    744
    706
    745
    707
    746
    708
    747
    709
    748
    710
    749
    711
    750
    712
    751
    713
    752
    714
    753
    715
    754
    716
    755
    717
    756
    718
    757
    719
    758
    759
    721
    760
    722
    761
    723
    762
    724
    763
    725
    764
    726
    765
    727
    766
    728
    767
    729
    768
    730
    769
    731
    770
    732
    771
    733
    772
    734
    773
    735
    774
    736
    775
    737
    776
    738
    777
    739
    778
    740
    779
    741
    780
    742
    781
    743
    782
    744
    783
    745
    784
    746
    785
    747
    786
    748
    787
    749
    788
    750
    789
    751
    790
    752
    791
    753
    792
    754
    793
    755
    794
    756
    795
    757
    796
    758
    797
    759
    798
    799
    761
    800
    762
    801
    763
    802
    764
    803
    765
    804
    766
    805
    767
    806
    768
    807
    769
    808
    770
    809
    771
    810
    772
    811
    773
    812
    774
    813
    775
    814
    776
    815
    777
    816
    778
    817
    779
    818
    780
    819
    781
    820
    782
    821
    783
    822
    784
    823
    785
    824
    786
    825
    787
    826
    788
    827
    789
    828
    790
    829
    791
    830
    792
    831
    793
    832
    794
    833
    795
    834
    796
    835
    797
    836
    798
    837
    799
    838
    839
    801
    840
    802
    841
    803
    842
    804
    843
    805
    844
    806
    845
    807
    846
    808
    847
    809
    848
    810
    849
    811
    850
    812
    851
    813
    852
    814
    853
    815
    854
    816
    855
    817
    856
    818
    857
    819
    858
    820
    859
    821
    860
    822
    861
    823
    862
    824
    863
    825
    864
    826
    865
    827
    866
    828
    867
    829
    868
    830
    869
    831
    870
    832
    871
    833
    872
    834
    873
    835
    874
    836
    875
    837
    876
    838
    877
    839
    878
    879
    841
    880
    842
    881
    843
    882
    844
    883
    845
    884
    846
    885
    847
    886
    848
    887
    849
    888
    850
    889
    851
    890
    852
    891
    853
    892
    854
    893
    855
    894
    856
    895
    857
    896
    858
    897
    859
    898
    860
    899
    861
    900
    862
    901
    863
    902
    864
    903
    865
    904
    866
    905
    867
    906
    868
    907
    869
    908
    870
    909
    871
    910
    872
    911
    873
    912
    874
    913
    875
    914
    876
    915
    877
    916
    878
    917
    879
    918
    919
    881
    920
    882
    921
    883
    922
    884
    923
    885
    924
    886
    925
    887
    926
    888
    927
    889
    928
    890
    929
    891
    930
    892
    931
    893
    932
    894
    933
    895
    934
    896
    935
    897
    936
    898
    937
    899
    938
    900
    939
    901
    940
    902
    941
    903
    942
    904
    943
    905
    944
    906
    945
    907
    946
    908
    947
    909
    948
    910
    949
    911
    950
    912
    951
    913
    952
    914
    953
    915
    954
    916
    955
    917
    956
    918
    957
    919
    958
    959
    921
    960
    4290
    922
    961
    4293
    923
    962
    4296
    924
    963
    4299
    925
    964
    4302
    926
    965
    927
    966
    928
    967
    929
    968
    930
    969
    931
    970
    932
    971
    933
    972
    934
    973
    935
    974
    936
    975
    937
    976
    938
    977
    939
    978
    940
    979
    941
    980
    942
    981
    943
    982
    944
    983
    945
    984
    946
    985
    947
    986
    948
    987
    949
    988
    950
    989
    951
    990
    952
    991
    953
    992
    954
    993
    955
    994
    956
    995
    957
    996
    958
    997
    959
    998
    999
    4288
    4290
    4290
    4291
    4293
    4293
    4294
    4296
    4296
    4297
    4299
    4299
    4300
    4302
    966
    1005
    4301
    4302
    4320
    967
    1006
    4323
    968
    1007
    969
    1008
    970
    1009
    971
    1010
    972
    1011
    973
    1012
    974
    1013
    975
    1014
    976
    1015
    977
    1016
    978
    1017
    979
    1018
    980
    1019
    981
    1020
    982
    1021
    983
    1022
    984
    1023
    985
    1024
    986
    1025
    987
    1026
    988
    1027
    989
    1028
    990
    1029
    991
    1030
    992
    1031
    993
    1032
    994
    1033
    995
    1034
    996
    1035
    997
    1036
    998
    1037
    999
    1038
    1039
    4288
    4303
    4305
    4291
    4305
    4306
    4308
    4294
    4308
    4309
    4311
    4297
    4311
    4312
    4314
    4300
    4314
    4315
    4317
    4317
    4318
    4320
    4320
    4321
    4323
    1008
    1047
    4322
    4323
    4347
    1009
    1048
    4653
    1010
    1049
    1011
    1050
    1012
    1051
    1013
    1052
    1014
    1053
    1015
    1054
    1016
    1055
    1017
    1056
    1018
    1057
    1019
    1058
    1020
    1059
    1021
    1060
    1022
    1061
    1023
    1062
    1024
    1063
    1025
    1064
    1026
    1065
    1027
    1066
    1028
    1067
    1029
    1068
    1030
    1069
    1031
    1070
    1032
    1071
    1033
    1072
    1034
    1073
    1035
    1074
    1036
    1075
    1037
    1076
    1038
    1077
    1039
    1078
    1079
    4303
    4324
    4326
    4306
    4326
    4327
    4329
    4309
    4329
    4330
    4332
    4312
    4332
    4333
    4335
    4315
    4335
    4336
    4338
    4318
    4338
    4339
    4341
    4321
    4341
    4342
    4344
    4344
    4345
    4347
    4347
    4651
    4653
    1050
    1089
    4652
    4653
    4656
    1051
    1090
    4659
    1052
    1091
    1053
    1092
    1054
    1093
    1055
    1094
    1056
    1095
    1057
    1096
    1058
    1097
    1059
    1098
    1060
    1099
    1061
    1100
    1062
    1101
    1063
    1102
    1064
    1103
    1065
    1104
    1066
    1105
    1067
    1106
    1068
    1107
    1069
    1108
    1070
    1109
    1071
    1110
    1072
    1111
    1073
    1112
    1074
    1113
    1075
    1114
    1076
    1115
    1077
    1116
    1078
    1117
    1079
    1118
    1119
    2197
    2199
    4324
    2199
    2200
    2202
    4327
    2202
    2203
    2205
    4330
    2205
    2206
    2208
    4333
    2208
    2209
    2211
    4336
    2211
    4339
    4348
    4350
    4342
    4350
    4351
    4353
    4345
    4353
    4354
    4356
    4356
    4357
    4359
    4651
    4359
    4654
    4656
    4656
    4657
    4659
    1092
    1131
    4658
    4659
    1093
    1132
    1094
    1133
    1095
    1134
    1096
    1135
    1097
    1136
    1098
    1137
    1099
    1138
    1100
    1139
    1101
    1140
    1102
    1141
    1103
    1142
    1104
    1143
    1105
    1144
    1106
    1145
    1107
    1146
    1108
    1147
    1109
    1148
    1110
    1149
    1111
    1150
    1112
    1151
    1113
    1152
    1114
    1153
    1115
    1154
    1116
    1155
    1117
    1156
    1118
    1157
    1119
    1158
    1159
    2197
    3668
    3669
    3673
    3674
    2200
    2214
    3469
    3471
    2203
    2217
    2220
    3683
    3684
    2206
    2220
    2223
    3689
    3690
    2209
    2223
    2224
    2226
    2226
    2227
    2229
    4348
    2229
    2230
    2232
    4351
    2232
    4354
    4360
    4362
    4357
    4362
    4363
    4365
    4365
    4366
    4368
    4654
    4368
    4657
    4660
    4662
    1132
    1171
    4661
    4662
    4668
    1133
    1172
    4671
    1134
    1173
    1135
    1174
    1136
    1175
    1137
    1176
    1138
    1177
    1139
    1178
    1140
    1179
    1141
    1180
    1142
    1181
    1143
    1182
    1144
    1183
    1145
    1184
    1146
    1185
    1147
    1186
    1148
    1187
    1149
    1188
    1150
    1189
    1151
    1190
    1152
    1191
    1153
    1192
    1154
    1193
    1155
    1194
    1156
    1195
    1157
    1196
    1158
    1197
    1159
    1198
    1199
    2212
    3472
    3474
    2215
    2235
    3475
    3477
    2218
    2238
    3478
    3480
    2221
    2241
    3481
    3483
    2224
    2244
    3484
    3486
    2227
    2247
    2250
    4476
    4478
    4479
    2230
    2250
    2251
    2253
    2253
    2254
    2256
    4360
    2256
    4363
    4369
    4371
    4366
    4371
    4372
    4374
    4374
    4660
    4663
    4665
    4665
    4666
    4668
    4668
    4669
    4671
    1174
    1213
    4670
    4671
    1175
    1214
    1176
    1215
    1177
    1216
    1178
    1217
    1179
    1218
    1180
    1219
    1181
    1220
    1182
    1221
    1183
    1222
    1184
    1223
    1185
    1224
    1186
    1225
    1187
    1226
    1188
    1227
    1189
    1228
    1190
    1229
    1191
    1230
    1192
    1231
    1193
    1232
    1194
    1233
    1195
    1234
    1196
    1235
    1197
    1236
    1198
    1237
    1199
    1238
    1239
    2233
    3487
    3489
    2236
    2259
    3490
    3492
    2239
    2262
    3493
    3495
    2242
    2265
    3496
    3498
    2245
    2268
    3499
    3501
    2248
    2271
    3502
    3504
    2251
    2274
    4375
    4377
    2254
    2277
    2280
    4505
    4506
    2280
    2281
    2283
    4369
    2283
    4372
    4378
    4380
    4380
    4663
    4672
    4674
    4666
    4674
    4675
    4677
    4669
    4677
    4678
    4680
    1214
    1253
    4679
    4680
    4683
    1215
    1254
    1216
    1255
    1217
    1256
    1218
    1257
    1219
    1258
    1220
    1259
    1221
    1260
    1222
    1261
    1223
    1262
    1224
    1263
    1225
    1264
    1226
    1265
    1227
    1266
    1228
    1267
    1229
    1268
    1230
    1269
    1231
    1270
    1232
    1271
    1233
    1272
    1234
    1273
    1235
    1274
    1236
    1275
    1237
    1276
    1238
    1277
    1239
    1278
    1279
    2257
    3505
    3507
    1553
    2260
    3508
    3510
    1556
    2263
    3511
    3513
    1559
    2266
    3514
    3516
    1599
    2269
    3517
    3519
    2272
    2298
    3520
    3522
    2275
    2301
    3523
    3525
    2278
    2304
    4381
    4383
    2281
    2307
    2308
    2310
    2310
    2311
    2313
    4378
    2313
    4384
    4386
    4672
    4386
    4387
    4389
    4675
    4389
    4390
    4392
    4678
    4392
    4681
    4683
    1255
    1293
    4682
    4683
    1256
    1294
    1257
    1295
    1258
    1296
    1259
    1297
    1260
    1298
    1261
    1299
    1262
    1300
    1263
    1301
    1264
    1302
    1265
    1303
    1266
    1304
    1267
    1305
    1268
    1306
    1269
    1307
    1270
    1308
    1271
    1309
    1272
    1310
    1273
    1311
    1274
    1312
    1275
    1313
    1276
    1314
    1277
    1315
    1278
    1316
    1279
    1317
    1318
    1554
    1560
    1857
    4696
    1557
    1561
    2314
    2316
    1562
    1597
    2317
    2319
    1564
    2296
    3526
    3528
    1567
    2299
    2325
    3609
    3860
    3861
    1683
    2302
    3529
    3531
    2305
    2328
    3532
    3534
    2308
    2331
    2334
    3879
    3881
    3882
    2311
    2334
    2337
    4520
    4521
    2337
    2338
    2340
    4384
    2340
    4387
    4393
    4395
    4390
    4395
    4396
    4398
    4398
    4399
    4401
    4681
    1294
    1329
    4400
    4401
    4413
    1295
    1330
    1296
    1331
    1297
    1332
    1298
    1333
    1299
    1334
    1300
    1335
    1301
    1336
    1302
    1337
    1303
    1338
    1304
    1339
    1305
    1340
    1306
    1341
    1307
    1342
    1308
    1343
    1309
    1344
    1310
    1345
    1311
    1346
    1312
    1347
    1313
    1348
    1314
    1349
    1315
    1350
    1316
    1351
    1317
    1352
    1318
    1353
    1354
    1565
    1568
    1859
    4705
    1569
    1681
    2341
    2343
    1571
    2326
    3535
    3537
    1690
    2329
    3538
    3540
    2332
    2349
    3541
    3543
    2335
    2352
    4402
    4404
    2338
    2355
    2356
    2358
    2358
    2359
    2361
    4393
    2361
    4396
    4405
    4407
    4399
    4407
    4408
    4410
    4410
    4411
    4413
    1331
    1364
    4412
    4413
    1332
    1365
    1333
    1366
    1334
    1367
    1335
    1368
    1336
    1369
    1337
    1370
    1338
    1371
    1339
    1372
    1340
    1373
    1341
    1374
    1342
    1375
    1343
    1376
    1344
    1377
    1345
    1378
    1346
    1379
    1347
    1380
    1348
    1381
    1349
    1382
    1350
    1383
    1351
    1384
    1352
    1385
    1353
    1386
    1354
    1387
    1388
    1572
    1688
    2362
    2364
    3231
    1574
    2347
    3544
    3546
    1696
    2350
    3547
    3549
    2353
    2370
    3550
    3552
    2356
    2373
    4684
    4686
    2359
    2376
    2377
    2379
    2379
    4405
    4414
    4416
    4408
    4416
    4417
    4419
    4411
    4419
    4420
    4422
    1365
    1397
    4421
    4422
    4434
    1366
    1398
    1367
    1399
    1368
    1400
    1369
    1401
    1370
    1402
    1371
    1403
    1372
    1404
    1373
    1405
    1374
    1406
    1375
    1407
    1376
    1408
    1377
    1409
    1378
    1410
    1379
    1411
    1380
    1412
    1381
    1413
    1382
    1414
    1383
    1415
    1384
    1416
    1385
    1417
    1386
    1418
    1387
    1419
    1388
    1420
    1421
    1576
    1694
    2380
    2382
    1579
    2368
    4423
    4425
    2371
    2385
    3556
    3558
    2374
    2388
    3559
    3561
    2377
    2391
    2392
    2394
    4539
    2394
    2395
    2397
    4414
    2397
    4417
    4426
    4428
    4420
    4428
    4429
    4431
    4431
    4432
    4434
    1399
    1431
    4433
    4434
    1400
    1432
    1401
    1433
    1402
    1434
    1403
    1435
    1404
    1436
    1405
    1437
    1406
    1438
    1407
    1439
    1408
    1440
    1409
    1441
    1410
    1442
    1411
    1443
    1412
    1444
    1413
    1445
    1414
    1446
    1415
    1447
    1416
    1448
    1417
    1449
    1418
    1450
    1419
    1451
    1420
    1452
    1421
    1453
    1454
    1577
    1580
    1863
    1865
    1582
    2383
    3562
    3564
    1612
    2386
    3565
    3567
    2389
    2403
    3568
    3570
    2392
    2406
    2409
    3984
    3986
    3987
    2395
    2409
    2410
    2412
    2412
    4426
    4435
    4437
    4429
    4437
    4438
    4440
    4432
    4440
    4441
    4443
    1432
    1463
    4442
    4443
    1433
    1464
    1434
    1465
    1435
    1466
    1436
    1467
    1437
    1468
    1438
    1469
    1439
    1470
    1440
    1471
    1441
    1472
    1442
    1473
    1443
    1474
    1444
    1475
    1445
    1476
    1446
    1477
    1447
    1478
    1448
    1479
    1449
    1480
    1450
    1481
    1451
    1482
    1452
    1483
    1453
    1484
    1454
    1485
    1486
    1584
    1610
    2413
    2415
    1587
    2401
    3573
    3627
    4553
    4554
    2404
    2418
    3574
    3576
    2407
    2421
    3577
    3579
    2410
    2424
    2425
    2427
    2427
    4435
    4444
    4446
    4438
    4446
    4447
    4449
    4441
    4449
    4450
    4452
    1464
    1495
    4451
    4452
    1465
    1496
    1466
    1497
    1467
    1498
    1468
    1499
    1469
    1500
    1470
    1501
    1471
    1502
    1472
    1503
    1473
    1504
    1474
    1505
    1475
    1506
    1476
    1507
    1477
    1508
    1478
    1509
    1479
    1510
    1480
    1511
    1481
    1512
    1482
    1513
    1483
    1514
    1484
    1515
    1485
    1516
    1486
    1517
    1518
    1585
    1589
    3220
    3222
    1592
    2416
    4453
    4455
    2419
    2433
    3583
    3585
    2422
    2436
    3586
    3588
    2425
    2439
    2440
    2442
    2442
    4444
    4456
    4458
    4447
    4458
    4459
    4461
    4450
    4461
    4462
    4464
    1496
    1527
    4463
    4464
    1497
    1528
    1498
    1529
    1499
    1530
    1500
    1531
    1501
    1532
    1502
    1533
    1503
    1534
    1504
    1535
    1505
    1536
    1506
    1537
    1507
    1538
    1508
    1539
    1509
    1540
    1510
    1541
    1511
    1542
    1512
    1543
    1513
    1544
    1514
    1545
    1515
    1546
    1516
    1547
    1517
    1548
    1518
    1549
    1550
    1590
    1593
    1869
    1871
    1596
    2431
    4465
    4467
    2434
    2445
    3592
    3594
    2437
    2448
    3595
    3597
    2440
    2451
    2452
    2454
    4056
    2454
    4456
    4468
    4470
    4459
    4470
    4471
    4473
    1527
    4462
    4463
    4472
    4473
    1528
    1529
    1530
    1531
    1532
    1533
    1534
    1535
    1536
    1537
    1538
    1539
    1540
    1541
    1542
    1543
    1544
    1545
    1546
    1547
    1548
    1549
    1550
    1872
    1874
    4690
    1554
    1560
    1875
    1877
    2258
    3598
    3600
    2458
    2460
    1557
    1561
    3223
    3225
    2261
    3601
    3603
    3226
    3228
    1562
    1597
    2470
    2472
    2264
    3604
    3606
    1881
    4693
    2476
    2478
    2479
    3289
    3290
    1565
    1568
    1882
    1884
    1598
    2482
    2484
    2485
    2487
    1569
    1681
    2488
    2490
    2297
    3607
    3609
    4699
    4702
    2494
    2496
    1572
    1688
    2497
    2499
    3229
    1682
    3610
    3612
    3229
    3231
    1576
    1694
    2506
    2508
    1689
    3613
    3615
    1577
    1580
    1891
    4708
    2512
    2514
    2515
    2517
    1582
    2383
    3616
    3618
    1695
    3619
    3621
    4711
    4714
    1584
    1610
    2524
    3307
    3308
    2527
    2529
    1585
    1589
    2530
    2532
    2535
    3311
    3312
    3232
    3234
    1592
    2416
    3622
    3624
    1611
    3625
    3627
    1590
    1593
    1896
    4717
    2545
    2547
    2548
    2550
    1596
    2431
    3628
    3630
    3631
    3633
    1897
    4720
    1898
    1900
    4723
    2443
    3634
    3636
    3637
    3639
    3640
    3642
    2296
    3643
    3645
    2267
    2569
    4204
    4205
    1626
    1632
    1901
    1903
    1634
    1711
    2572
    2574
    1635
    1637
    2575
    2577
    1636
    1720
    3235
    3237
    1719
    2563
    2581
    2583
    1640
    1644
    2584
    2586
    1646
    1650
    1907
    1909
    1652
    1656
    2587
    2589
    1662
    1734
    2590
    2592
    1658
    1733
    3326
    3327
    3331
    3332
    3646
    3648
    2401
    3649
    3651
    2384
    2604
    4226
    4227
    1661
    1667
    1910
    4744
    1670
    1673
    2605
    2607
    1672
    2555
    2608
    2610
    1739
    2554
    2611
    2613
    1676
    1914
    1916
    4750
    1675
    2561
    2614
    3337
    3338
    1671
    2560
    2619
    3341
    3342
    1625
    1917
    1919
    4726
    1624
    2285
    2620
    3349
    3350
    2284
    2625
    3353
    3354
    1628
    2457
    2626
    3361
    3362
    2456
    2631
    3365
    3366
    1920
    1922
    4729
    1631
    2632
    2634
    1630
    2288
    2635
    2637
    2287
    2640
    3371
    3372
    1713
    2466
    2641
    2643
    2465
    2644
    2646
    1632
    2647
    2649
    1926
    1928
    1635
    1637
    1929
    4735
    1880
    2650
    2652
    1935
    1937
    1639
    2653
    2655
    1938
    1940
    1642
    1721
    3377
    3378
    3382
    3383
    1720
    2659
    2661
    1890
    3238
    3240
    1889
    2321
    2665
    2667
    2320
    2670
    3392
    3393
    1645
    1648
    2671
    2673
    1890
    2674
    2676
    1685
    2677
    2679
    1726
    2680
    2682
    1686
    1725
    3395
    3396
    3400
    3401
    1685
    2686
    2688
    1651
    1654
    1949
    1951
    1726
    2689
    2691
    1691
    2692
    2694
    1731
    2695
    2697
    1692
    1730
    3404
    3405
    3409
    3410
    1691
    2701
    2703
    1657
    1660
    2704
    2706
    1731
    2707
    2709
    1860
    2710
    2712
    2520
    2713
    3412
    3413
    1861
    2519
    2716
    2718
    1860
    3241
    3243
    1665
    1960
    1962
    1664
    2722
    2724
    1735
    2598
    2725
    2727
    1734
    3244
    3246
    1667
    2731
    2733
    1668
    1741
    2734
    2736
    1966
    1968
    1866
    2737
    2739
    1670
    1673
    1974
    1976
    1977
    1979
    2553
    2740
    3430
    3431
    2552
    2743
    2745
    2746
    2748
    2559
    2749
    3436
    3437
    2558
    2754
    3440
    3441
    1980
    1982
    4753
    1708
    1752
    1983
    1984
    1716
    1985
    1987
    4768
    1753
    1757
    1988
    1990
    1756
    2467
    2755
    2757
    3652
    3654
    2326
    3655
    3657
    2300
    2764
    2766
    1760
    1885
    1993
    1995
    3247
    3249
    2501
    2770
    2772
    2500
    2758
    2773
    2775
    3658
    3660
    2347
    3661
    3663
    2327
    2782
    2784
    3250
    3252
    2510
    2788
    2790
    2509
    2776
    2791
    2793
    3664
    3666
    2368
    2797
    3619
    4282
    4283
    2348
    2800
    2802
    1767
    2594
    2803
    2805
    1893
    2593
    2806
    2808
    1748
    1773
    1999
    2001
    1772
    2618
    2809
    2811
    1745
    2617
    2812
    2814
    1776
    2002
    2004
    4756
    1775
    2624
    2815
    2817
    2623
    2818
    2820
    1710
    2628
    2821
    2823
    1778
    2627
    2824
    2826
    1714
    1777
    2005
    2007
    1782
    2827
    2829
    1781
    2639
    2830
    2832
    2638
    2833
    2835
    1880
    2572
    2836
    2838
    1879
    2291
    2839
    2841
    2290
    2842
    2844
    1783
    2008
    4759
    1784
    2463
    2845
    2847
    2011
    2013
    4762
    1887
    2658
    2848
    2850
    1798
    2657
    2851
    2853
    2568
    2854
    2856
    3253
    3255
    2320
    2860
    2862
    1807
    1810
    2018
    2020
    1809
    2021
    4783
    4789
    2502
    2778
    2863
    2865
    2501
    2866
    2868
    3256
    3258
    1821
    2022
    4804
    4807
    1820
    1823
    2023
    2025
    2511
    2796
    2872
    2874
    2510
    2875
    2877
    3259
    3261
    1827
    1895
    2027
    2029
    2520
    2881
    2883
    3262
    3264
    2398
    2887
    2889
    1838
    2538
    2890
    2892
    1837
    1841
    2032
    2034
    1743
    2035
    2037
    4825
    2541
    2893
    2895
    1867
    2540
    2896
    2898
    1866
    2736
    2899
    2901
    1747
    1848
    2038
    2039
    2040
    2042
    4828
    1849
    2428
    2902
    2904
    2742
    2905
    2907
    1851
    2741
    2908
    2910
    1850
    2911
    2913
    1853
    2045
    4834
    2751
    2914
    2916
    1855
    2750
    2917
    2919
    1854
    2046
    2048
    4837
    1782
    2049
    2051
    1755
    2052
    4852
    1758
    1787
    2053
    2055
    1757
    2057
    4855
    2838
    2920
    2922
    2923
    2925
    1930
    2926
    2928
    1762
    1805
    2058
    2059
    2664
    2929
    2931
    2061
    2063
    4777
    4888
    1941
    2932
    2934
    1765
    1831
    4948
    4951
    1821
    2067
    4810
    4942
    1952
    2068
    4945
    1770
    1835
    2070
    4963
    1769
    2072
    2074
    2595
    2886
    2935
    2937
    2594
    2938
    2940
    1833
    2941
    2943
    1856
    2616
    2944
    2946
    2615
    2947
    2949
    1853
    2076
    2078
    1779
    2622
    2950
    2952
    2621
    2953
    2955
    2079
    2081
    4840
    1783
    2082
    2084
    2630
    2956
    2958
    2629
    2959
    2961
    1925
    2637
    2962
    2964
    2636
    2965
    2967
    2968
    2970
    4843
    4846
    1923
    2088
    2090
    1790
    2091
    4861
    4864
    1789
    1931
    2971
    2973
    1930
    2093
    2095
    1906
    2481
    2974
    2976
    2480
    2977
    2979
    2096
    2098
    4858
    1793
    1799
    4870
    4873
    1794
    2580
    2980
    2982
    1795
    2102
    2104
    1904
    2106
    2108
    1799
    2983
    2985
    1798
    2657
    2986
    2988
    2656
    2857
    2989
    2991
    2110
    2112
    2114
    4885
    1802
    1948
    2116
    4897
    1809
    2117
    4786
    4894
    1803
    4900
    4903
    1948
    2119
    2121
    1942
    1947
    2992
    2994
    1941
    2122
    2124
    2685
    2871
    2995
    2997
    2684
    2998
    3000
    2125
    2127
    4792
    4906
    2128
    2130
    2684
    3001
    3003
    2683
    2767
    3004
    3006
    2133
    2135
    4912
    4918
    1815
    2504
    3007
    3009
    2503
    2869
    3010
    3012
    1817
    2137
    2138
    2505
    2787
    3013
    3015
    2504
    3016
    3018
    2140
    2142
    4921
    4924
    2700
    2880
    3019
    3021
    2699
    3022
    3024
    2143
    2145
    2146
    2148
    4798
    4933
    2699
    3025
    3027
    2698
    2785
    3028
    3030
    1828
    1959
    3031
    3033
    2149
    2151
    4813
    4954
    2719
    3034
    3036
    1829
    2153
    2154
    1959
    2155
    2157
    1953
    1958
    3037
    3039
    1952
    2158
    2160
    1834
    1965
    2161
    2163
    1835
    2165
    2167
    2728
    3040
    3042
    4966
    4969
    1840
    1973
    3043
    3045
    1839
    3046
    3048
    2899
    3049
    3051
    1841
    2171
    4993
    1845
    2173
    2175
    2176
    4990
    1847
    2177
    2179
    4981
    1846
    2534
    3052
    3054
    1963
    2533
    3055
    3057
    1973
    2180
    2182
    1972
    3058
    3060
    2184
    4984
    4987
    1850
    2185
    2187
    1913
    2188
    2190
    3061
    3063
    2744
    3064
    3066
    1911
    2743
    3067
    3069
    4999
    5002
    2194
    2196
    5005
    2753
    3070
    3072
    2752
    3073
    3075
    1983
    2458
    5014
    1859
    1994
    5020
    5023
    1993
    2485
    2710
    3076
    3078
    3243
    2522
    3079
    3081
    2521
    2794
    3082
    3084
    1864
    1998
    5032
    1865
    1997
    2807
    2515
    2806
    2737
    3085
    3087
    2543
    3088
    3090
    2542
    2596
    3091
    3093
    1870
    1897
    2001
    1871
    2000
    2813
    2548
    2812
    1873
    2004
    5008
    1874
    2003
    2819
    2818
    1876
    2460
    2823
    1877
    2006
    2822
    1881
    2005
    2475
    2565
    3094
    3096
    2474
    3097
    3099
    2652
    3100
    3102
    2008
    5011
    1883
    2487
    2850
    1884
    2015
    2849
    2014
    5017
    2664
    3103
    3105
    2663
    2669
    3106
    3108
    2668
    3109
    3111
    2493
    2760
    3112
    3114
    2492
    3115
    3117
    2676
    3118
    3120
    3238
    1892
    2029
    2517
    2028
    5026
    5029
    2715
    3121
    3123
    2714
    2720
    3124
    3126
    2719
    3127
    3129
    2039
    2550
    5035
    2045
    5038
    1899
    2916
    1900
    2047
    2915
    2046
    5041
    1902
    2051
    2634
    1903
    2050
    5053
    1926
    5050
    2580
    3130
    3132
    2318
    2579
    3133
    3135
    2317
    3136
    3138
    1908
    2064
    2682
    1909
    5101
    5104
    2065
    2689
    1966
    5137
    5140
    2610
    3139
    3141
    2429
    2609
    3142
    3144
    2428
    3145
    3147
    1915
    1982
    2946
    1916
    2077
    2945
    2076
    5164
    1918
    1922
    2952
    1919
    2080
    2951
    2079
    5044
    1921
    2084
    5047
    1922
    2083
    2960
    2959
    2463
    3148
    3150
    2462
    2645
    3151
    3153
    2644
    3154
    3156
    1927
    5056
    1928
    2085
    2089
    2088
    2647
    1937
    5074
    5077
    3157
    3159
    2480
    3160
    3162
    2479
    3100
    3163
    3165
    1934
    2092
    2094
    5068
    2093
    4732
    5059
    1936
    2577
    2976
    1937
    2097
    2975
    2096
    1939
    5071
    5080
    1940
    2107
    5083
    2106
    2575
    3166
    3168
    2495
    3169
    3171
    2494
    3118
    3172
    3174
    1945
    2120
    2123
    5095
    2122
    4738
    5089
    2496
    2769
    3175
    3177
    2495
    3178
    3180
    3181
    3183
    1950
    2131
    2694
    1951
    5107
    5110
    2132
    2701
    3184
    3186
    2513
    3187
    3189
    2512
    2878
    3190
    3192
    1956
    2157
    4741
    5119
    2156
    2159
    5113
    2514
    3078
    3193
    3195
    2513
    3196
    3198
    3199
    3201
    1961
    2163
    2733
    1962
    2162
    5134
    5128
    5131
    2526
    3202
    3204
    2525
    2729
    3205
    3207
    2728
    3208
    3210
    1967
    2179
    1968
    2178
    3056
    2731
    3055
    1970
    2182
    4747
    5146
    2181
    2183
    5143
    2535
    3087
    3211
    3213
    2534
    3214
    3216
    3217
    3219
    1975
    1979
    5158
    1976
    2186
    5161
    2185
    2746
    1978
    2190
    2607
    1979
    2189
    2193
    5155
    1981
    2196
    5167
    1982
    2195
    3074
    3073
    2829
    5176
    2049
    5179
    5182
    1986
    1990
    5194
    1987
    1989
    2315
    2011
    2314
    1989
    2757
    2925
    1990
    2756
    2052
    1992
    1995
    2063
    4780
    1994
    5200
    5203
    1994
    3105
    1995
    2929
    1997
    2075
    2805
    4822
    1998
    2804
    4819
    5236
    2000
    2078
    2811
    2001
    2810
    2045
    2003
    2081
    2817
    2004
    2816
    5170
    2006
    2008
    2007
    2825
    2082
    2824
    5173
    2010
    2012
    2846
    5191
    2086
    2845
    4765
    2012
    2478
    2013
    2477
    5185
    5188
    2015
    4771
    5197
    2016
    2852
    2109
    2851
    4774
    2020
    2127
    4795
    5212
    2019
    2021
    3003
    2020
    5209
    5215
    2998
    2128
    5206
    2025
    2145
    5224
    2024
    2026
    3027
    2025
    5221
    5227
    3022
    2146
    4801
    5218
    2028
    2031
    3036
    2029
    2030
    3127
    2031
    5230
    5233
    2149
    4816
    2033
    2037
    2176
    2034
    2036
    2891
    2890
    3046
    2036
    2042
    2532
    2037
    2531
    5239
    2187
    5254
    5257
    2911
    5251
    2041
    5242
    5245
    2042
    2044
    2546
    2545
    2044
    2192
    2904
    4831
    2903
    5248
    5260
    2047
    5263
    2048
    2918
    2194
    2917
    2050
    5272
    2051
    5275
    2968
    5287
    5290
    2054
    2057
    2928
    2055
    2056
    5065
    2093
    5062
    2057
    5293
    5296
    2923
    2060
    2934
    5329
    2122
    5092
    5326
    2061
    4891
    5332
    2062
    2934
    2063
    2930
    2933
    2929
    2125
    4909
    5350
    2135
    4915
    5353
    2067
    2588
    5374
    5377
    2143
    2587
    2069
    2589
    3186
    2588
    5380
    5383
    2071
    2074
    2943
    2073
    5125
    5404
    2073
    2075
    2805
    2074
    5401
    2938
    4960
    5398
    2077
    5452
    2078
    2948
    2947
    2080
    5266
    2081
    2954
    2953
    2083
    2958
    2084
    2957
    5269
    2087
    5278
    5281
    2087
    2090
    4849
    2089
    5284
    2089
    3150
    2090
    2845
    2092
    2098
    2973
    2972
    5302
    2094
    2095
    2972
    2971
    3157
    2097
    5299
    2098
    2978
    2977
    2100
    2104
    4879
    5314
    2101
    2103
    2981
    2105
    2980
    4876
    2103
    2655
    2985
    2104
    2654
    5311
    2108
    4867
    5308
    2107
    3132
    2108
    5305
    2980
    2112
    4882
    5317
    2111
    2114
    2988
    2112
    2113
    5320
    2851
    2114
    5086
    5323
    2983
    2116
    2672
    5344
    5347
    2671
    3181
    2118
    2130
    2673
    2672
    5338
    5341
    2120
    2994
    3183
    2121
    2993
    5098
    5335
    2123
    2124
    2993
    2992
    3166
    2126
    2682
    2127
    2681
    2999
    2998
    2129
    3003
    2130
    2687
    3002
    2686
    2140
    4939
    5371
    2148
    4936
    5368
    2134
    2139
    3009
    2135
    2690
    3008
    2689
    2138
    2142
    4930
    5359
    2139
    3009
    5362
    3016
    5365
    4927
    5356
    2141
    2694
    2142
    2693
    3017
    3016
    2144
    2697
    2145
    2696
    3023
    3022
    2147
    3027
    2148
    2702
    3026
    2701
    2150
    3036
    2151
    3032
    3035
    2152
    3031
    2154
    4957
    5395
    2157
    5122
    5389
    3031
    5392
    2156
    3039
    3201
    2157
    3038
    2159
    5116
    5386
    2160
    3038
    3037
    3184
    2162
    2164
    3042
    2163
    5413
    3208
    2168
    4972
    5416
    2166
    2170
    5407
    2167
    2169
    2723
    2722
    2941
    2169
    3042
    4978
    2170
    3041
    4975
    5410
    2172
    2175
    3048
    2174
    5431
    5434
    2174
    2182
    5149
    2175
    5152
    3043
    5425
    5428
    2178
    2184
    3054
    2179
    3053
    5419
    2181
    3060
    3219
    2182
    3059
    2184
    3059
    5422
    3058
    2186
    3063
    2187
    5449
    5446
    2189
    2192
    2904
    2190
    2191
    3145
    2192
    2193
    5443
    4996
    5437
    5440
    2195
    3072
    2196
    3071
    5455
    2198
    2199
    2200
    2214
    3673
    4325
    2201
    3471
    2202
    2203
    2217
    4328
    2204
    2205
    2206
    2220
    4331
    2207
    2208
    2209
    2223
    4334
    2210
    2211
    2226
    4348
    4337
    3667
    3669
    2215
    2235
    3670
    3672
    3673
    3675
    3676
    3678
    2218
    2238
    3679
    3681
    3470
    3471
    3679
    3680
    3682
    3684
    2221
    2241
    3685
    3687
    3685
    3686
    3688
    3690
    2223
    2224
    2244
    3688
    3689
    3724
    2225
    3486
    2226
    2227
    2247
    4474
    2228
    2229
    2230
    2250
    4349
    2231
    2232
    2253
    4360
    4352
    3691
    3693
    2236
    2259
    3694
    3696
    3697
    3699
    3700
    3702
    2239
    2262
    3703
    3705
    3706
    3708
    3709
    3711
    2242
    2265
    3712
    3714
    3715
    3717
    3718
    3720
    2245
    2268
    3721
    3723
    3724
    3726
    3727
    3729
    2248
    2271
    3730
    3732
    4474
    4476
    4477
    4479
    2251
    2274
    4687
    4689
    4687
    4688
    2252
    4377
    4687
    2253
    2254
    2277
    2255
    2256
    2280
    4369
    4361
    4480
    4482
    2260
    4483
    4485
    3739
    3741
    4486
    4488
    2263
    4489
    4491
    3748
    3750
    4492
    4494
    2266
    3604
    3754
    4606
    4607
    3757
    3759
    3516
    3760
    3762
    2269
    3763
    3765
    3766
    3768
    3769
    3771
    2272
    2298
    3772
    3774
    3775
    3777
    3778
    3780
    2275
    2301
    3781
    3783
    4495
    4497
    4498
    4500
    2278
    2304
    4501
    4503
    4376
    4377
    4501
    4502
    4504
    4506
    2280
    2281
    2307
    4504
    4505
    2282
    2283
    2310
    4378
    4370
    3784
    3786
    2456
    3787
    3789
    2455
    3733
    3790
    3792
    2457
    3793
    3795
    2465
    3796
    3798
    2464
    3742
    3799
    3801
    2466
    3802
    3804
    2474
    3805
    3807
    2473
    3751
    3808
    3810
    2475
    2565
    3811
    3813
    2564
    2570
    3814
    3816
    2569
    3760
    3817
    3819
    4507
    4509
    2299
    4510
    4512
    3826
    3828
    3829
    3831
    4510
    2302
    3832
    3834
    3835
    3837
    3838
    3840
    2305
    2328
    3841
    3843
    3844
    3846
    3847
    3849
    2307
    2308
    2331
    3847
    3848
    3877
    4382
    4383
    2309
    2310
    2311
    2334
    2312
    2313
    2337
    4384
    4379
    2315
    2478
    2316
    2756
    2755
    3226
    2318
    2481
    3138
    3289
    2319
    2582
    3133
    2581
    3640
    3850
    3852
    2492
    3853
    3855
    2491
    3820
    3856
    3858
    2493
    2760
    3859
    3861
    2325
    2759
    2765
    3859
    3860
    4234
    2764
    3829
    4513
    4515
    2329
    3865
    3867
    3868
    3870
    3871
    3873
    2332
    2349
    3874
    3876
    3877
    3879
    3880
    3882
    2335
    2352
    4516
    4518
    4516
    4517
    4519
    4521
    2337
    2338
    2355
    4519
    4520
    2339
    2340
    2358
    4393
    4385
    2342
    2496
    2769
    3450
    2343
    2768
    2774
    2773
    3652
    2502
    2778
    3883
    3885
    2777
    2783
    3886
    3888
    2782
    3862
    3889
    3891
    3546
    3661
    3892
    3894
    2350
    3895
    3897
    3898
    3900
    3901
    3903
    2353
    2370
    3904
    3906
    3907
    3909
    4522
    4524
    2356
    2373
    4525
    4527
    4403
    4404
    4525
    4526
    2357
    4525
    4686
    2358
    2359
    2376
    2360
    2361
    2379
    4405
    4394
    2363
    2505
    2787
    3301
    3456
    2364
    2786
    2792
    2791
    3658
    2511
    2796
    3910
    3912
    2795
    2801
    3913
    3915
    2800
    3892
    3916
    3918
    3919
    3921
    4425
    2371
    2385
    3922
    3924
    3925
    3927
    3928
    3930
    2374
    2388
    3931
    3933
    4528
    4530
    4531
    4533
    2376
    2377
    2391
    4531
    4532
    4537
    4685
    4686
    2378
    2379
    2394
    4414
    2381
    2514
    3078
    2382
    3077
    3083
    3082
    3664
    4534
    4536
    2386
    3937
    3939
    3940
    3942
    3943
    3945
    2389
    2403
    3946
    3948
    3949
    3951
    3952
    3954
    2392
    2406
    3955
    3957
    4537
    4539
    2393
    3955
    2394
    2395
    2409
    2396
    2397
    2412
    4426
    4415
    2598
    3958
    3960
    2597
    2603
    3961
    3963
    2602
    3934
    3964
    3966
    3649
    3967
    3969
    2404
    2418
    3970
    3972
    3973
    3975
    3976
    3978
    2407
    2421
    3979
    3981
    3982
    3984
    3985
    3987
    2409
    2410
    2424
    3985
    3986
    2411
    2412
    2427
    4435
    2414
    2535
    3087
    2415
    3086
    3092
    3091
    3646
    4540
    4542
    2419
    2433
    3991
    3993
    3994
    3996
    3997
    3999
    2422
    2436
    4000
    4002
    4003
    4005
    4006
    4008
    2424
    2425
    2439
    4006
    4007
    3578
    3579
    2426
    2427
    2442
    4444
    3265
    3267
    2612
    3268
    3270
    2536
    2611
    3271
    3273
    4543
    4545
    2434
    2445
    4012
    4014
    4015
    4017
    4018
    4020
    2437
    2448
    4021
    4023
    4024
    4026
    4027
    4029
    2440
    2451
    4030
    4032
    3587
    3588
    4030
    4031
    2441
    4030
    2442
    2454
    4456
    4546
    4548
    2446
    4036
    4038
    4039
    4041
    4042
    4044
    2449
    4045
    4047
    4048
    4050
    4051
    4053
    2452
    4051
    4052
    4055
    4056
    4054
    4056
    2453
    2454
    4468
    3738
    4057
    4059
    4060
    4062
    4063
    4065
    2459
    2829
    2460
    2828
    2834
    2833
    2469
    2643
    3274
    3276
    2642
    3277
    3279
    3280
    3282
    3747
    4066
    4068
    4069
    4071
    4072
    4074
    2838
    3283
    3285
    2469
    2837
    2843
    3283
    3284
    2842
    3227
    3228
    3276
    2471
    3096
    3642
    2472
    3095
    3101
    2479
    3100
    3756
    4075
    4077
    4078
    4080
    4081
    4083
    2477
    2847
    3225
    2478
    2846
    3165
    3287
    3288
    3286
    3288
    3289
    3291
    2483
    2856
    3645
    2484
    2855
    2861
    2860
    3526
    2486
    3105
    2487
    3104
    3110
    3109
    2489
    3114
    3654
    2490
    3113
    3119
    2494
    3118
    3825
    4084
    4086
    4087
    4089
    4090
    4092
    3174
    3293
    3294
    3292
    3294
    3175
    3292
    3293
    2498
    2865
    3660
    2499
    2864
    2870
    2503
    2869
    3297
    3457
    2763
    4093
    4095
    4096
    4098
    4099
    4101
    3295
    3297
    3298
    3300
    3301
    3303
    2507
    2874
    3666
    2508
    2873
    2879
    2512
    2878
    3463
    2781
    4102
    4104
    4105
    4107
    4108
    4110
    3192
    3305
    3306
    3304
    3306
    3193
    3304
    3305
    2516
    3123
    2517
    3122
    3128
    3127
    2523
    3936
    4111
    4113
    2522
    4114
    4116
    4117
    4119
    2799
    4120
    4122
    4123
    4125
    3553
    4126
    4128
    2525
    2727
    3648
    2726
    3207
    3308
    3309
    2533
    3307
    3309
    2528
    2883
    3618
    2529
    2882
    2888
    2887
    3562
    2531
    2892
    3234
    2532
    2891
    2545
    3310
    3312
    3313
    3315
    3211
    3313
    3314
    2537
    2895
    3232
    3233
    3271
    2894
    2900
    3317
    3318
    2899
    3316
    3318
    2544
    3990
    4129
    4131
    2543
    4132
    4134
    2554
    4135
    4137
    2601
    4138
    4140
    4141
    4143
    3571
    4144
    4146
    2546
    2547
    2903
    2902
    3220
    2549
    2907
    2550
    2906
    2912
    2911
    2556
    4011
    4147
    4149
    2555
    4150
    4152
    2560
    4153
    4155
    4156
    4158
    4159
    4161
    3580
    4162
    4164
    2562
    4035
    4165
    4167
    2561
    4168
    4170
    4171
    4173
    4174
    4176
    4177
    4179
    3589
    4180
    4182
    2568
    4183
    4185
    2567
    4186
    4188
    4189
    4191
    2571
    3822
    4192
    4194
    2570
    4195
    4197
    4198
    4200
    3765
    3819
    4202
    4203
    4201
    4203
    3517
    4204
    4206
    2573
    2922
    2574
    2921
    2927
    2650
    2926
    2576
    3132
    2577
    3131
    3137
    3136
    2583
    2859
    3235
    3236
    3320
    3321
    2582
    3319
    3321
    3322
    3324
    2582
    4185
    2583
    3321
    2854
    2585
    2931
    3240
    2586
    2930
    2933
    2674
    2932
    2588
    2697
    2589
    2707
    2591
    2937
    3264
    2592
    2936
    2942
    2722
    2941
    2715
    3325
    3327
    3328
    3330
    2881
    3331
    3333
    2601
    4207
    4209
    2600
    4210
    4212
    4213
    4215
    2604
    3969
    4216
    4218
    2603
    4219
    4221
    4222
    4224
    3939
    4225
    4227
    4228
    4230
    3565
    4216
    4228
    4229
    2606
    2748
    3141
    2607
    3140
    3146
    3145
    2609
    2613
    4161
    2610
    2612
    3144
    2743
    3139
    2612
    2895
    3273
    2613
    3268
    4156
    2619
    3335
    3336
    4179
    2618
    3334
    3336
    2752
    3337
    3339
    2742
    3340
    3342
    3343
    3345
    3343
    3344
    4174
    2625
    3347
    3348
    3789
    2624
    3346
    3348
    2629
    3349
    3351
    3352
    3354
    3355
    3357
    3355
    3356
    3784
    2631
    3359
    3360
    4065
    2630
    3358
    3360
    2638
    3361
    3363
    3364
    3366
    3367
    3369
    3367
    3368
    4060
    2633
    2649
    2964
    2634
    2963
    2969
    2968
    2636
    2640
    3798
    2637
    2639
    2967
    3373
    2644
    2962
    3370
    3372
    3373
    3375
    3373
    3374
    3793
    2642
    2646
    4074
    2643
    2645
    3279
    2842
    3274
    2645
    3156
    2646
    3151
    4069
    2648
    3150
    2649
    3149
    3155
    3154
    2651
    3159
    2652
    3158
    3164
    3163
    2654
    2982
    3237
    2655
    2981
    2659
    2862
    3376
    3378
    3379
    3381
    2668
    3382
    3384
    2660
    2985
    2661
    2984
    2990
    2989
    3253
    2667
    3120
    3238
    3239
    3386
    3387
    2666
    3385
    3387
    3388
    3390
    2666
    2670
    3855
    2667
    2669
    3387
    3115
    3391
    3393
    2670
    3106
    3391
    3392
    3850
    2672
    2679
    2673
    2686
    2675
    3168
    2676
    3167
    3173
    3172
    2678
    3177
    3249
    2679
    3176
    3182
    3181
    2681
    2997
    3258
    2682
    2996
    2772
    3394
    3396
    3397
    3399
    2866
    3400
    3402
    2687
    2688
    3005
    3004
    3247
    2690
    2691
    3011
    3010
    3256
    2693
    3015
    3252
    2694
    3014
    2696
    3021
    3261
    2697
    3020
    2790
    3403
    3405
    3406
    3408
    2875
    3409
    3411
    2702
    2703
    3029
    3028
    3250
    2705
    2712
    3033
    2706
    3032
    3035
    3034
    3241
    2708
    3186
    2709
    3185
    3191
    3190
    3259
    2711
    3195
    2712
    3194
    3200
    3199
    2714
    2718
    4119
    2717
    3126
    3413
    3414
    3412
    3414
    2717
    2721
    3081
    2718
    2720
    3418
    4114
    3415
    3417
    3418
    3420
    3076
    3242
    3243
    3418
    3419
    2723
    2724
    3041
    3040
    3244
    2726
    2730
    2889
    2727
    2729
    3424
    4213
    3421
    3423
    3424
    3426
    2884
    3245
    3246
    3424
    3425
    2732
    3204
    2733
    3203
    3209
    3208
    2735
    2739
    3045
    2736
    3044
    3050
    3049
    2738
    3213
    2739
    3212
    3218
    3217
    2745
    3428
    3429
    4155
    2744
    3427
    3429
    3430
    3432
    2744
    3069
    2745
    3064
    3429
    4150
    2747
    3063
    2748
    3062
    3068
    3067
    2754
    3434
    3435
    4173
    2753
    3433
    3435
    3436
    3438
    3439
    3441
    3442
    3444
    3442
    3443
    4168
    2756
    3285
    2757
    2920
    2763
    4231
    4233
    2762
    4234
    4236
    4237
    4239
    2766
    3864
    4240
    4242
    2765
    4243
    4245
    4246
    4248
    2765
    3834
    2766
    4245
    3529
    4240
    2772
    3445
    3447
    2771
    3445
    3446
    3449
    3450
    3448
    3450
    2771
    2775
    4098
    2772
    2774
    3396
    3445
    2774
    4233
    2775
    4093
    2781
    4249
    4251
    2780
    4252
    4254
    4255
    4257
    2784
    3894
    4258
    4260
    2783
    4261
    4263
    4264
    4266
    3867
    3891
    4268
    4269
    4267
    4269
    3538
    4258
    4267
    4268
    2790
    3451
    3453
    2789
    3451
    3452
    3455
    3456
    3454
    3456
    2789
    2793
    4107
    2790
    2792
    3405
    3451
    2792
    4251
    2793
    4102
    2799
    4270
    4272
    2798
    4273
    4275
    4276
    4278
    2802
    3921
    4280
    4281
    2801
    4279
    4281
    4282
    4284
    3897
    3918
    4286
    4287
    4285
    4287
    3547
    4285
    4286
    2804
    2808
    3330
    2805
    2807
    2807
    3123
    2808
    3325
    2810
    2814
    3345
    2811
    2813
    2947
    2813
    2907
    2814
    3340
    2816
    2820
    3357
    2817
    2819
    2953
    2819
    2820
    3352
    2822
    2826
    3363
    2823
    2825
    2833
    2825
    2958
    2826
    3358
    2828
    2832
    2970
    2829
    2831
    2831
    2835
    3375
    2832
    2834
    2965
    2834
    2835
    3370
    2837
    2841
    3102
    2838
    2840
    2922
    3283
    2840
    2844
    3807
    2841
    2843
    3097
    2843
    2844
    3802
    2846
    2847
    3280
    2849
    2853
    3384
    2850
    2852
    3109
    2852
    2853
    3379
    2855
    2859
    2856
    2858
    4198
    2858
    2862
    2989
    3253
    3254
    2859
    2861
    3254
    3255
    2861
    3852
    2862
    3378
    2864
    2868
    4101
    2865
    2867
    4255
    2867
    2871
    3400
    3462
    2868
    2870
    4096
    3457
    3459
    3457
    3458
    3461
    3462
    3460
    3462
    2873
    2877
    4110
    2874
    2876
    4276
    2876
    2880
    3409
    3468
    2877
    2879
    4105
    3463
    3465
    3463
    3464
    3467
    3468
    3466
    3468
    2882
    2886
    3331
    2883
    2885
    4117
    2885
    2889
    3262
    3263
    2886
    2888
    2937
    3263
    3264
    2888
    3960
    2889
    2891
    3051
    2892
    3316
    2894
    2898
    4137
    2895
    2897
    2897
    2901
    3090
    2898
    2900
    4132
    2900
    3049
    3318
    2901
    3085
    2903
    3267
    2904
    2906
    2910
    3432
    2907
    2909
    2909
    2913
    3066
    2910
    2912
    3427
    2912
    2913
    3061
    2915
    2919
    3438
    2916
    2918
    2918
    3072
    2919
    3433
    2921
    2925
    2922
    2924
    2924
    2928
    2925
    2927
    2927
    3159
    2928
    2930
    2931
    3388
    2933
    3168
    2934
    2936
    2940
    3333
    2937
    2939
    2939
    2943
    2940
    2942
    3328
    2942
    2943
    2945
    2949
    3339
    2946
    2948
    3073
    2948
    2949
    3334
    2951
    2955
    3351
    2952
    2954
    2959
    2954
    2955
    3346
    2957
    2961
    3369
    2958
    2960
    2960
    2961
    3364
    2963
    2967
    2964
    2966
    3154
    2966
    2970
    2967
    2969
    2969
    2970
    2972
    3162
    2973
    2977
    2975
    2979
    3291
    2976
    2978
    3136
    2978
    2979
    3286
    2981
    2982
    3322
    2984
    2988
    2985
    2987
    2987
    2991
    3381
    2988
    2990
    2990
    2991
    3376
    2993
    3171
    2994
    3178
    2996
    3000
    3402
    2997
    2999
    3460
    2999
    3000
    3397
    3002
    3006
    3399
    3003
    3005
    3005
    3447
    3006
    3394
    3008
    3012
    3300
    3009
    3011
    3011
    3459
    3012
    3295
    3014
    3018
    3303
    3015
    3017
    3454
    3017
    3018
    3298
    3020
    3024
    3411
    3021
    3023
    3466
    3023
    3024
    3406
    3026
    3030
    3408
    3027
    3029
    3029
    3453
    3030
    3403
    3032
    3033
    3199
    3035
    3417
    3036
    3038
    3189
    3039
    3196
    3041
    3423
    3042
    3044
    3048
    3045
    3047
    3217
    3047
    3051
    3048
    3050
    3050
    3051
    3053
    3057
    3315
    3054
    3056
    3058
    3056
    3204
    3057
    3310
    3059
    3060
    3214
    3062
    3066
    3063
    3065
    3065
    3069
    3066
    3068
    3068
    3141
    3069
    3071
    3075
    3444
    3072
    3074
    3074
    3075
    3439
    3077
    3081
    3078
    3080
    3195
    3080
    3084
    4125
    3081
    3083
    3083
    4272
    3084
    4120
    3086
    3090
    3087
    3089
    3213
    3089
    3093
    4143
    3090
    3092
    3092
    4209
    3093
    4138
    3095
    3099
    4083
    3096
    3098
    4189
    3098
    3102
    3099
    3101
    4078
    3101
    3163
    3102
    3104
    3108
    3390
    3105
    3107
    3107
    3111
    3108
    3110
    3385
    3110
    3111
    3391
    3113
    3117
    4092
    3114
    3116
    4237
    3116
    3120
    3117
    3119
    4087
    3119
    3172
    3120
    3122
    3126
    3414
    3123
    3125
    3125
    3129
    3420
    3126
    3128
    3128
    3129
    3415
    3131
    3135
    3324
    3132
    3134
    3134
    3138
    3135
    3137
    3319
    3137
    3138
    3140
    3144
    3141
    3143
    3143
    3147
    3270
    3144
    3146
    3146
    3147
    3265
    3149
    3153
    3282
    3150
    3152
    3152
    3156
    3153
    3155
    3277
    3155
    3156
    3158
    3162
    3159
    3161
    3161
    3165
    3288
    3162
    3164
    3164
    3165
    3167
    3171
    3168
    3170
    3170
    3174
    3294
    3171
    3173
    3173
    3174
    3176
    3180
    3177
    3179
    3448
    3179
    3183
    3180
    3182
    3292
    3182
    3183
    3185
    3189
    3186
    3188
    3188
    3192
    3306
    3189
    3191
    3191
    3465
    3192
    3194
    3198
    3195
    3197
    3197
    3201
    3198
    3200
    3304
    3200
    3201
    3203
    3207
    3309
    3204
    3206
    3206
    3210
    3426
    3207
    3209
    3209
    3210
    3421
    3212
    3216
    3213
    3215
    3215
    3219
    3216
    3218
    3313
    3218
    3219
    3221
    3267
    3222
    3266
    3272
    3232
    3271
    3224
    3228
    3276
    3225
    3275
    3281
    3280
    3227
    3285
    3228
    3284
    3230
    3297
    3231
    3296
    3302
    3301
    3233
    3234
    3317
    3316
    3236
    3255
    3237
    3323
    3322
    3239
    3240
    3389
    3388
    3242
    3417
    3243
    3416
    3245
    3423
    3246
    3422
    3262
    3248
    3447
    3249
    3446
    3449
    3448
    3251
    3453
    3252
    3452
    3455
    3454
    3254
    3255
    3257
    3459
    3258
    3458
    3461
    3460
    3260
    3465
    3261
    3464
    3467
    3466
    3263
    3264
    3266
    3270
    3267
    3269
    3269
    3273
    3270
    3272
    3272
    3273
    3275
    3279
    3276
    3278
    3278
    3282
    3279
    3281
    3281
    3282
    3284
    3285
    3287
    3291
    3288
    3290
    3290
    3291
    3293
    3294
    3296
    3300
    3297
    3299
    3299
    3303
    3300
    3302
    3302
    3303
    3305
    3306
    3308
    3312
    3309
    3311
    3315
    3312
    3314
    3314
    3315
    3317
    3318
    3320
    3324
    3321
    3323
    3323
    3324
    3326
    3330
    3327
    3329
    3412
    3329
    3333
    3330
    3332
    3332
    3333
    3335
    3339
    3336
    3338
    3343
    3338
    3441
    3339
    3341
    3345
    3342
    3344
    3430
    3344
    3345
    3347
    3351
    3348
    3350
    3355
    3350
    3366
    3351
    3353
    3357
    3354
    3356
    3356
    3357
    3359
    3363
    3360
    3362
    3367
    3362
    3372
    3363
    3365
    3369
    3366
    3368
    3368
    3369
    3371
    3375
    3372
    3374
    3374
    3375
    3377
    3381
    3378
    3380
    3380
    3384
    3381
    3383
    3383
    3393
    3384
    3386
    3390
    3387
    3389
    3389
    3390
    3392
    3393
    3395
    3399
    3396
    3398
    3398
    3402
    3399
    3401
    3401
    3402
    3404
    3408
    3405
    3407
    3407
    3411
    3408
    3410
    3410
    3411
    3413
    3414
    3416
    3420
    3417
    3419
    3419
    3420
    3422
    3426
    3423
    3425
    3425
    3426
    3428
    3432
    3429
    3431
    3431
    3432
    3434
    3438
    3435
    3437
    3442
    3437
    3438
    3440
    3444
    3441
    3443
    3443
    3444
    3446
    3447
    3449
    3450
    3452
    3453
    3455
    3456
    3458
    3459
    3461
    3462
    3464
    3465
    3467
    3468
    3470
    3675
    3678
    3471
    3677
    3473
    3693
    3474
    3692
    3698
    3667
    3697
    3476
    3699
    3702
    3477
    3701
    3707
    3676
    3706
    3479
    3708
    3711
    3480
    3710
    3716
    3682
    3715
    3482
    3717
    3720
    3483
    3719
    3725
    3688
    3724
    3485
    3726
    3729
    3486
    3728
    4475
    4474
    3488
    3735
    4578
    3489
    3734
    3740
    4573
    3691
    3739
    3491
    3741
    3744
    4596
    3492
    3743
    3749
    4591
    3700
    3748
    3494
    3750
    3753
    3495
    3752
    3758
    3709
    3757
    3497
    3759
    3762
    3498
    3761
    3767
    3718
    3766
    3500
    3768
    3771
    3501
    3770
    3776
    3727
    3775
    3503
    3777
    3780
    3504
    3779
    4496
    4477
    4495
    3506
    3786
    3507
    3785
    3791
    3790
    4480
    3509
    3600
    3795
    3510
    3794
    3800
    3799
    4486
    3512
    3603
    3804
    3513
    3803
    3809
    3808
    4492
    3515
    3606
    3813
    3516
    3812
    3818
    3817
    3518
    3822
    4204
    4617
    3519
    3821
    3827
    4612
    3769
    3826
    3521
    3828
    3831
    3522
    3830
    3836
    3778
    3835
    3524
    3837
    3840
    3525
    3839
    3845
    3844
    4498
    3527
    3852
    3528
    3851
    3857
    3856
    4507
    3530
    3864
    3531
    3863
    3869
    3838
    3868
    3533
    3870
    3873
    3534
    3872
    3878
    3847
    3877
    3536
    3612
    3885
    3537
    3884
    3890
    3889
    4513
    3539
    3894
    3540
    3893
    3899
    3871
    3898
    3542
    3900
    3903
    3543
    3902
    3908
    3880
    3907
    3545
    3615
    3912
    3546
    3911
    3917
    3916
    3548
    3921
    3549
    3920
    3926
    3901
    3925
    3551
    3927
    3930
    3552
    3929
    4529
    4522
    4528
    3936
    4549
    4551
    3555
    3935
    3941
    4549
    4550
    4624
    3919
    3940
    4424
    4425
    3557
    3942
    3945
    3558
    3944
    3950
    3928
    3949
    3560
    3951
    3954
    3561
    3953
    4538
    4531
    4537
    3563
    3960
    3564
    3959
    3965
    3964
    4534
    3566
    3969
    3567
    3968
    3974
    3943
    3973
    3569
    3975
    3978
    3570
    3977
    3983
    3952
    3982
    3990
    4552
    4554
    3573
    3989
    3995
    4552
    4553
    3967
    3994
    3575
    3996
    3999
    3576
    3998
    4004
    3976
    4003
    3578
    4005
    4008
    3579
    4007
    3985
    4011
    4555
    4557
    4010
    4016
    4558
    4560
    3988
    4015
    4454
    4455
    4558
    4559
    3584
    4017
    4020
    3585
    4019
    4025
    3997
    4024
    3587
    4026
    4029
    3588
    4028
    4006
    4035
    4561
    4563
    4034
    4040
    4564
    4566
    4009
    4039
    4567
    4569
    3593
    4041
    4044
    3594
    4043
    4049
    4018
    4048
    3596
    4050
    4053
    3597
    4052
    4055
    4027
    4054
    3599
    4059
    4485
    3600
    4058
    4064
    4063
    3602
    4068
    4491
    3603
    4067
    4073
    4072
    3605
    4077
    3606
    4076
    4082
    4081
    3608
    4086
    4512
    3609
    4085
    4091
    4090
    3611
    3657
    4095
    3612
    4094
    4100
    4099
    3614
    3663
    4104
    3615
    4103
    4109
    4108
    3617
    4113
    4536
    3618
    4112
    4118
    4117
    3620
    4122
    3621
    4121
    4127
    4126
    4423
    3623
    4131
    4542
    3624
    4130
    4136
    3631
    4135
    3626
    3651
    4140
    3627
    4139
    4145
    4144
    3629
    4149
    4545
    3630
    4148
    4154
    3637
    4153
    3632
    4158
    3633
    4157
    4163
    4162
    4453
    3635
    4167
    4548
    3636
    4166
    4172
    4171
    3638
    4176
    3639
    4175
    4181
    4180
    4465
    3641
    4185
    3642
    4184
    4190
    4189
    3644
    4194
    4509
    3645
    4193
    4199
    4198
    3647
    4209
    3648
    4208
    4214
    4213
    3650
    4218
    3651
    4217
    4223
    4222
    3653
    4233
    3654
    4232
    4238
    4237
    3656
    4242
    4515
    3657
    4241
    4247
    4246
    3659
    4251
    3660
    4250
    4256
    4255
    3662
    4260
    3663
    4259
    4265
    4264
    3665
    4272
    3666
    4271
    4277
    4276
    3668
    3672
    3669
    3671
    3671
    3675
    3678
    3672
    3674
    3697
    3674
    3675
    3677
    3681
    3678
    3680
    3680
    3684
    3681
    3706
    3683
    3687
    3684
    3686
    3686
    3690
    3687
    3715
    3689
    3690
    3692
    3696
    3693
    3695
    3695
    3699
    3702
    3696
    3698
    3739
    3698
    3699
    3701
    3705
    3702
    3704
    3704
    3708
    3711
    3705
    3707
    3748
    3707
    3708
    3710
    3714
    3711
    3713
    3713
    3717
    3720
    3714
    3716
    3757
    3716
    3717
    3719
    3723
    3720
    3722
    3722
    3726
    3729
    3723
    3725
    3766
    3725
    3726
    3728
    3732
    3729
    3731
    3731
    4476
    4479
    3732
    4475
    3775
    3738
    4570
    4572
    3737
    4573
    4575
    4576
    4578
    3741
    3744
    4579
    4581
    3740
    4582
    4584
    4585
    4587
    3740
    3741
    4584
    4579
    3747
    4588
    4590
    3746
    4591
    4593
    4594
    4596
    3750
    3753
    4489
    4490
    4598
    4599
    3749
    4597
    4599
    4600
    4602
    3749
    3750
    4599
    3756
    4603
    4605
    3753
    3755
    4603
    4604
    4493
    4494
    3755
    3759
    3762
    3758
    4607
    4608
    4606
    4608
    3758
    3759
    3761
    3765
    3817
    3762
    3764
    3764
    3768
    3771
    3765
    3767
    3767
    3768
    3770
    3774
    3771
    3773
    3773
    3777
    3780
    3774
    3776
    3826
    3776
    3777
    3779
    3783
    3780
    3782
    3782
    4497
    4500
    3783
    4496
    3835
    3785
    3789
    3786
    3788
    3788
    3792
    4062
    3789
    3791
    3791
    4572
    3792
    4057
    3794
    3798
    3795
    3797
    4063
    3797
    3801
    4071
    3798
    3800
    3800
    4590
    3801
    4066
    3803
    3807
    3804
    3806
    4072
    3806
    3810
    4080
    3807
    3809
    3809
    4605
    3810
    4075
    3812
    3816
    4191
    3813
    3815
    4081
    3815
    3819
    4203
    3816
    3818
    4186
    3818
    3819
    3825
    4609
    4611
    3824
    4612
    4614
    4615
    4617
    3824
    3828
    3831
    4510
    4511
    3827
    4614
    4619
    4620
    4618
    4620
    3827
    3828
    3830
    3834
    3831
    3833
    3833
    3837
    3840
    3834
    3836
    3836
    3837
    3839
    3843
    3840
    3842
    3842
    3846
    3849
    3843
    3845
    3868
    3845
    4503
    3846
    4381
    3848
    3849
    4382
    4381
    3851
    3855
    3852
    3854
    3854
    3858
    4089
    3855
    3857
    3857
    4611
    3858
    4084
    3860
    4239
    3861
    4090
    3863
    3867
    3889
    4513
    4514
    3864
    3866
    4242
    4514
    4515
    3866
    3870
    3873
    3867
    3869
    3869
    3870
    3872
    3876
    3873
    3875
    3875
    3879
    3882
    3876
    3878
    3898
    3878
    3879
    3881
    4518
    3882
    4517
    3884
    3888
    4257
    3885
    3887
    4099
    3887
    3891
    4269
    3888
    3890
    4252
    3890
    3891
    3893
    3897
    3916
    3894
    3896
    4260
    3896
    3900
    3903
    3897
    3899
    3899
    3900
    3902
    3906
    3903
    3905
    3905
    3909
    4524
    3906
    3908
    3925
    3908
    4518
    3909
    4402
    3911
    3915
    4278
    3912
    3914
    4108
    3914
    3918
    4287
    3915
    3917
    4273
    3917
    3918
    3920
    3924
    3921
    3923
    3923
    3927
    3930
    3924
    3926
    3940
    3926
    3927
    3929
    3933
    3930
    3932
    3932
    4530
    4533
    3933
    4529
    3949
    3939
    4621
    4623
    3938
    4624
    4626
    4627
    4629
    3938
    3942
    3945
    3939
    3941
    4626
    4227
    4621
    3941
    3942
    3944
    3948
    3945
    3947
    3947
    3951
    3954
    3948
    3950
    3973
    3950
    3951
    3953
    3957
    3954
    3956
    3956
    4539
    3957
    4538
    3982
    3959
    3963
    4215
    3960
    3962
    3962
    3966
    4230
    3963
    3965
    4210
    3965
    4623
    3966
    4225
    3968
    3972
    3969
    3971
    4218
    3971
    3975
    3978
    3972
    3974
    3994
    3974
    3975
    3977
    3981
    3978
    3980
    3980
    3984
    3987
    3981
    3983
    4003
    3983
    3984
    3986
    3987
    3989
    3993
    4540
    4541
    3992
    4631
    4632
    4630
    4632
    3992
    3996
    3999
    3993
    3995
    4015
    3995
    3996
    3998
    4002
    3999
    4001
    4001
    4005
    4008
    4002
    4004
    4024
    4004
    4005
    4007
    4008
    4014
    4633
    4635
    4013
    4636
    4638
    4639
    4641
    4013
    4017
    4020
    4014
    4016
    4638
    4039
    4633
    4016
    4017
    4558
    4019
    4023
    4020
    4022
    4022
    4026
    4029
    4023
    4025
    4048
    4025
    4026
    4028
    4032
    4029
    4031
    4031
    4032
    4054
    4038
    4642
    4644
    4037
    4645
    4647
    4648
    4650
    4037
    4041
    4044
    4038
    4040
    4647
    4642
    4040
    4569
    4041
    4564
    4043
    4047
    4044
    4046
    4046
    4050
    4053
    4047
    4049
    4049
    4050
    4052
    4053
    4055
    4056
    4058
    4062
    4059
    4061
    4585
    4061
    4065
    4062
    4064
    4064
    4065
    4067
    4071
    4068
    4070
    4600
    4070
    4074
    4071
    4073
    4073
    4074
    4076
    4080
    4077
    4079
    4606
    4079
    4083
    4080
    4082
    4082
    4083
    4085
    4089
    4086
    4088
    4618
    4088
    4092
    4089
    4091
    4091
    4092
    4094
    4098
    4095
    4097
    4246
    4097
    4101
    4098
    4100
    4100
    4101
    4103
    4107
    4104
    4106
    4264
    4106
    4110
    4107
    4109
    4109
    4110
    4112
    4116
    4128
    4113
    4115
    4627
    4115
    4119
    4116
    4118
    4123
    4118
    4119
    4121
    4125
    4122
    4124
    4282
    4124
    4128
    4125
    4127
    4127
    4551
    4128
    4130
    4134
    4146
    4131
    4133
    4630
    4133
    4137
    4134
    4136
    4141
    4136
    4158
    4137
    4139
    4143
    4140
    4142
    4222
    4142
    4146
    4143
    4145
    4145
    4554
    4146
    4148
    4152
    4164
    4149
    4151
    4639
    4151
    4155
    4152
    4154
    4159
    4154
    4176
    4155
    4157
    4161
    4158
    4160
    4160
    4164
    4161
    4163
    4163
    4557
    4164
    4166
    4170
    4182
    4167
    4169
    4648
    4169
    4173
    4170
    4172
    4177
    4172
    4173
    4175
    4179
    4176
    4178
    4178
    4182
    4179
    4181
    4181
    4563
    4182
    4184
    4188
    4200
    4185
    4187
    4187
    4191
    4188
    4190
    4195
    4190
    4191
    4193
    4197
    4206
    4194
    4196
    4615
    4196
    4200
    4197
    4199
    4201
    4199
    4200
    4202
    4206
    4203
    4205
    4205
    4206
    4208
    4212
    4224
    4209
    4211
    4211
    4215
    4212
    4214
    4219
    4214
    4215
    4217
    4221
    4218
    4220
    4220
    4224
    4221
    4223
    4228
    4223
    4224
    4226
    4230
    4227
    4229
    4229
    4230
    4232
    4236
    4248
    4233
    4235
    4235
    4239
    4236
    4238
    4243
    4238
    4239
    4241
    4245
    4242
    4244
    4244
    4248
    4245
    4247
    4247
    4248
    4250
    4254
    4266
    4251
    4253
    4253
    4257
    4254
    4256
    4261
    4256
    4257
    4259
    4263
    4260
    4262
    4262
    4266
    4263
    4265
    4267
    4265
    4266
    4268
    4269
    4271
    4275
    4284
    4272
    4274
    4274
    4278
    4275
    4277
    4279
    4277
    4278
    4280
    4284
    4281
    4283
    4285
    4283
    4284
    4286
    4287
    4289
    4290
    4291
    4305
    4292
    4293
    4294
    4308
    4295
    4296
    4297
    4311
    4298
    4299
    4300
    4314
    4301
    4302
    4317
    4304
    4305
    4306
    4326
    4307
    4308
    4309
    4329
    4310
    4311
    4312
    4332
    4313
    4314
    4315
    4335
    4316
    4317
    4318
    4338
    4319
    4320
    4321
    4341
    4322
    4323
    4344
    4325
    4326
    4327
    4328
    4329
    4330
    4331
    4332
    4333
    4334
    4335
    4336
    4337
    4338
    4339
    4340
    4341
    4342
    4350
    4343
    4344
    4345
    4353
    4346
    4347
    4356
    4651
    4349
    4350
    4351
    4352
    4353
    4354
    4355
    4356
    4357
    4362
    4358
    4359
    4365
    4654
    4652
    4361
    4362
    4363
    4364
    4365
    4366
    4371
    4367
    4368
    4374
    4660
    4655
    4370
    4371
    4372
    4373
    4374
    4380
    4663
    4376
    4497
    4500
    4377
    4499
    4379
    4380
    4672
    4382
    4383
    4504
    4385
    4386
    4387
    4673
    4388
    4389
    4390
    4395
    4676
    4391
    4392
    4398
    4681
    4679
    4394
    4395
    4396
    4397
    4398
    4399
    4407
    4400
    4401
    4410
    4682
    4403
    4524
    4404
    4523
    4519
    4406
    4407
    4408
    4416
    4409
    4410
    4411
    4419
    4412
    4413
    4422
    4415
    4416
    4417
    4418
    4419
    4420
    4428
    4421
    4422
    4431
    4424
    4551
    4425
    4550
    4427
    4428
    4429
    4437
    4430
    4431
    4432
    4440
    4433
    4434
    4443
    4436
    4437
    4438
    4446
    4439
    4440
    4441
    4449
    4442
    4443
    4452
    4445
    4446
    4447
    4458
    4448
    4449
    4450
    4461
    4451
    4452
    4464
    4454
    4557
    4455
    4556
    4540
    4457
    4458
    4459
    4470
    4460
    4461
    4462
    4473
    4463
    4464
    4466
    4563
    4467
    4562
    4568
    4543
    4567
    4469
    4470
    4471
    4472
    4473
    4475
    4476
    4478
    4689
    4479
    4688
    4481
    4572
    4482
    4571
    4577
    4576
    4484
    4488
    4581
    4485
    4580
    4586
    4585
    4487
    4590
    4488
    4589
    4595
    4594
    4490
    4494
    4491
    4601
    4600
    4493
    4605
    4494
    4604
    4496
    4689
    4497
    4499
    4503
    4500
    4502
    4502
    4506
    4503
    4505
    4506
    4508
    4611
    4509
    4610
    4616
    4615
    4511
    4512
    4619
    4618
    4514
    4515
    4517
    4521
    4518
    4520
    4521
    4523
    4527
    4524
    4526
    4526
    4527
    4528
    4529
    4530
    4684
    4532
    4533
    4685
    4684
    4535
    4623
    4536
    4622
    4628
    4627
    4538
    4539
    4541
    4542
    4631
    4630
    4544
    4635
    4545
    4634
    4640
    4639
    4547
    4644
    4548
    4643
    4649
    4648
    4550
    4629
    4551
    4553
    4632
    4554
    4556
    4560
    4641
    4557
    4559
    4559
    4560
    4636
    4562
    4566
    4650
    4563
    4565
    4565
    4569
    4566
    4568
    4645
    4568
    4635
    4569
    4571
    4575
    4587
    4572
    4574
    4574
    4578
    4575
    4577
    4582
    4577
    4578
    4580
    4584
    4581
    4583
    4594
    4583
    4587
    4584
    4586
    4586
    4587
    4589
    4593
    4602
    4590
    4592
    4592
    4596
    4593
    4595
    4597
    4595
    4596
    4598
    4602
    4599
    4601
    4601
    4602
    4604
    4608
    4605
    4607
    4608
    4610
    4614
    4620
    4611
    4613
    4613
    4617
    4614
    4616
    4616
    4617
    4619
    4620
    4622
    4626
    4623
    4625
    4625
    4629
    4626
    4628
    4628
    4629
    4631
    4632
    4634
    4638
    4635
    4637
    4637
    4641
    4638
    4640
    4640
    4641
    4643
    4647
    4644
    4646
    4646
    4650
    4647
    4649
    4649
    4650
    4652
    4653
    4655
    4656
    4657
    4658
    4659
    4662
    4661
    4662
    4665
    4664
    4665
    4666
    4674
    4667
    4668
    4669
    4677
    4670
    4671
    4680
    4673
    4674
    4675
    4676
    4677
    4678
    4679
    4680
    4682
    4683
    4685
    4686
    4688
    4689
    4691
    5008
    4692
    5009
    5010
    4694
    4696
    5011
    4695
    4697
    5012
    4698
    5013
    4697
    5014
    4698
    5015
    5016
    4700
    4702
    5017
    4701
    4703
    5018
    4704
    5019
    4703
    4705
    4704
    4706
    4707
    4706
    5020
    4707
    5021
    5022
    4709
    4711
    5026
    4710
    4712
    5027
    4713
    5028
    4712
    4714
    4713
    4715
    4716
    4715
    5032
    4716
    5033
    5034
    4718
    4720
    5035
    4719
    4721
    5036
    4722
    5037
    4721
    5038
    4722
    5039
    5040
    4724
    5041
    4725
    5042
    5043
    4727
    4729
    5044
    4728
    4730
    5045
    4731
    5046
    4730
    5047
    4731
    5048
    5049
    4733
    5059
    5068
    4734
    5060
    5069
    5061
    5070
    4736
    5071
    5074
    4737
    5072
    5075
    5073
    5076
    4739
    5089
    5095
    4740
    5090
    5096
    5091
    5097
    4742
    5113
    5119
    4743
    5114
    5120
    5115
    5121
    4745
    5128
    5137
    4746
    5129
    5138
    5130
    5139
    4748
    5143
    5146
    4749
    5144
    5147
    5145
    5148
    4751
    4753
    5164
    4752
    4754
    5165
    4755
    5166
    4754
    5167
    4755
    5168
    5169
    4757
    4840
    5170
    4758
    4841
    5171
    4842
    5172
    4760
    4846
    5173
    4761
    4847
    5174
    4848
    5175
    4763
    4768
    5188
    4764
    4769
    5189
    4770
    5190
    4766
    4849
    5191
    4767
    4850
    5192
    4851
    5193
    4769
    5194
    4770
    5195
    5196
    4772
    4774
    5197
    4773
    4775
    5198
    4776
    5199
    4775
    4882
    4776
    4883
    4884
    4778
    4780
    4888
    4779
    4781
    4889
    4782
    4890
    4781
    5203
    4782
    5204
    5205
    4784
    4786
    4789
    4785
    4787
    4790
    4788
    4791
    4787
    4894
    4788
    4895
    4896
    4790
    5206
    4791
    5207
    5208
    4793
    4795
    4906
    4794
    4796
    4907
    4797
    4908
    4796
    5212
    4797
    5213
    5214
    4799
    4801
    4933
    4800
    4802
    4934
    4803
    4935
    4802
    5218
    4803
    5219
    5220
    4805
    4807
    4810
    4806
    4808
    4811
    4809
    4812
    4808
    5224
    4809
    5225
    5226
    4811
    4942
    4812
    4943
    4944
    4814
    4816
    4954
    4815
    4817
    4955
    4818
    4956
    4817
    5233
    4818
    5234
    5235
    4820
    4822
    5236
    4821
    4823
    5237
    4824
    5238
    4823
    4960
    4824
    4961
    4962
    4826
    4828
    5239
    4827
    4829
    5240
    4830
    5241
    4829
    5245
    4830
    5246
    5247
    4832
    4996
    5248
    4833
    4997
    5249
    4998
    5250
    4835
    5002
    5260
    4836
    5003
    5261
    5004
    5262
    4838
    5005
    5263
    4839
    5006
    5264
    5007
    5265
    4841
    5266
    4842
    5267
    5268
    4844
    4846
    5269
    4845
    4847
    5270
    4848
    5271
    4847
    4848
    4850
    5284
    4851
    5285
    5286
    4853
    4855
    5290
    4854
    4856
    5291
    4857
    5292
    4856
    5296
    4857
    5297
    5298
    4859
    4861
    5299
    4860
    4862
    5300
    4863
    5301
    4862
    4864
    4863
    4865
    4866
    4865
    5302
    4866
    5303
    5304
    4868
    4876
    5308
    4869
    4877
    5309
    4878
    5310
    4871
    4873
    4885
    4872
    4874
    4886
    4875
    4887
    4874
    5311
    4875
    5312
    5313
    4877
    4879
    4878
    4880
    4881
    4880
    5314
    4881
    5315
    5316
    4883
    5317
    4884
    5318
    5319
    4886
    5323
    4887
    5324
    5325
    4889
    4891
    4890
    4892
    4893
    4892
    5332
    4893
    5333
    5334
    4895
    5338
    4896
    5339
    5340
    4898
    4903
    5344
    4899
    4904
    5345
    4905
    5346
    4901
    4903
    5335
    4902
    4904
    5336
    4905
    5337
    4904
    4905
    4907
    4909
    4908
    4910
    4911
    4910
    5350
    4911
    5351
    5352
    4913
    4915
    4918
    4914
    4916
    4919
    4917
    4920
    4916
    5353
    4917
    5354
    5355
    4919
    4927
    4920
    4928
    4929
    4922
    4924
    4930
    4923
    4925
    4931
    4926
    4932
    4925
    4939
    4926
    4940
    4941
    4928
    5356
    4929
    5357
    5358
    4931
    5359
    4932
    5360
    5361
    4934
    4936
    4935
    4937
    4938
    4937
    5368
    4938
    5369
    5370
    4940
    5371
    4941
    5372
    5373
    4943
    5374
    4944
    5375
    5376
    4946
    4951
    5380
    4947
    4952
    5381
    4953
    5382
    4949
    4951
    5386
    4950
    4952
    5387
    4953
    5388
    4952
    4953
    4955
    4957
    4956
    4958
    4959
    4958
    5395
    4959
    5396
    5397
    4961
    5398
    4962
    5399
    5400
    4964
    4966
    5404
    4965
    4967
    5405
    4968
    5406
    4967
    4969
    4968
    4970
    4971
    4970
    5407
    4971
    5408
    5409
    4973
    4978
    5416
    4974
    4979
    5417
    4980
    5418
    4976
    4978
    5410
    4977
    4979
    5411
    4980
    5412
    4979
    4980
    4982
    4984
    5419
    4983
    4985
    5420
    4986
    5421
    4985
    4987
    4986
    4988
    4989
    4988
    5422
    4989
    5423
    5424
    4991
    4993
    5428
    4992
    4994
    5429
    4995
    5430
    4994
    5434
    4995
    5435
    5436
    4997
    5443
    4998
    5444
    5445
    5000
    5002
    5452
    5001
    5003
    5453
    5004
    5454
    5003
    5004
    5006
    5455
    5007
    5456
    5457
    5009
    5170
    5010
    5171
    5172
    5012
    5173
    5013
    5174
    5175
    5015
    5176
    5016
    5177
    5178
    5018
    5197
    5019
    5198
    5199
    5021
    5023
    5022
    5024
    5025
    5024
    5200
    5025
    5201
    5202
    5027
    5029
    5028
    5030
    5031
    5030
    5230
    5031
    5231
    5232
    5033
    5236
    5034
    5237
    5238
    5036
    5251
    5037
    5252
    5253
    5039
    5260
    5040
    5261
    5262
    5042
    5263
    5043
    5264
    5265
    5045
    5266
    5046
    5267
    5268
    5048
    5269
    5049
    5270
    5271
    5051
    5053
    5056
    5052
    5054
    5057
    5055
    5058
    5054
    5275
    5055
    5276
    5277
    5057
    5278
    5058
    5279
    5280
    5060
    5062
    5061
    5063
    5064
    5063
    5065
    5064
    5066
    5067
    5066
    5293
    5067
    5294
    5295
    5069
    5302
    5070
    5303
    5304
    5072
    5080
    5073
    5081
    5082
    5075
    5077
    5076
    5078
    5079
    5078
    5299
    5079
    5300
    5301
    5081
    5083
    5082
    5084
    5085
    5084
    5305
    5085
    5306
    5307
    5087
    5320
    5323
    5088
    5321
    5324
    5322
    5325
    5090
    5092
    5091
    5093
    5094
    5093
    5326
    5094
    5327
    5328
    5096
    5098
    5097
    5099
    5100
    5099
    5335
    5100
    5336
    5337
    5102
    5104
    5350
    5103
    5105
    5351
    5106
    5352
    5105
    5353
    5106
    5354
    5355
    5108
    5110
    5368
    5109
    5111
    5369
    5112
    5370
    5111
    5371
    5112
    5372
    5373
    5114
    5116
    5115
    5117
    5118
    5117
    5386
    5118
    5387
    5388
    5120
    5122
    5121
    5123
    5124
    5123
    5389
    5124
    5390
    5391
    5126
    5401
    5404
    5127
    5402
    5405
    5403
    5406
    5129
    5131
    5130
    5132
    5133
    5132
    5134
    5133
    5135
    5136
    5135
    5413
    5136
    5414
    5415
    5138
    5140
    5139
    5141
    5142
    5141
    5419
    5142
    5420
    5421
    5144
    5422
    5145
    5423
    5424
    5147
    5149
    5148
    5150
    5151
    5150
    5152
    5151
    5153
    5154
    5153
    5431
    5154
    5432
    5433
    5156
    5158
    5437
    5157
    5159
    5438
    5160
    5439
    5159
    5161
    5160
    5162
    5163
    5162
    5449
    5163
    5450
    5451
    5165
    5452
    5166
    5453
    5454
    5168
    5455
    5169
    5456
    5457
    5171
    5172
    5174
    5175
    5177
    5179
    5178
    5180
    5181
    5180
    5182
    5181
    5183
    5184
    5183
    5272
    5184
    5273
    5274
    5186
    5188
    5191
    5187
    5189
    5192
    5190
    5193
    5189
    5190
    5192
    5193
    5195
    5287
    5196
    5288
    5289
    5198
    5199
    5201
    5203
    5202
    5204
    5205
    5204
    5205
    5207
    5209
    5208
    5210
    5211
    5210
    5215
    5211
    5216
    5217
    5213
    5215
    5214
    5216
    5217
    5216
    5217
    5219
    5221
    5220
    5222
    5223
    5222
    5227
    5223
    5228
    5229
    5225
    5227
    5226
    5228
    5229
    5228
    5229
    5231
    5233
    5232
    5234
    5235
    5234
    5235
    5237
    5238
    5240
    5425
    5241
    5426
    5427
    5243
    5245
    5248
    5244
    5246
    5249
    5247
    5250
    5246
    5247
    5249
    5250
    5252
    5254
    5253
    5255
    5256
    5255
    5257
    5256
    5258
    5259
    5258
    5446
    5259
    5447
    5448
    5261
    5262
    5264
    5265
    5267
    5268
    5270
    5271
    5273
    5275
    5274
    5276
    5277
    5276
    5277
    5279
    5281
    5280
    5282
    5283
    5282
    5284
    5283
    5285
    5286
    5285
    5286
    5288
    5290
    5289
    5291
    5292
    5291
    5292
    5294
    5296
    5295
    5297
    5298
    5297
    5298
    5300
    5301
    5303
    5304
    5306
    5308
    5307
    5309
    5310
    5309
    5310
    5312
    5314
    5313
    5315
    5316
    5315
    5316
    5318
    5320
    5319
    5321
    5322
    5321
    5322
    5324
    5325
    5327
    5329
    5328
    5330
    5331
    5330
    5332
    5331
    5333
    5334
    5333
    5334
    5336
    5337
    5339
    5341
    5340
    5342
    5343
    5342
    5347
    5343
    5348
    5349
    5345
    5347
    5346
    5348
    5349
    5348
    5349
    5351
    5352
    5354
    5355
    5357
    5362
    5358
    5363
    5364
    5360
    5365
    5361
    5366
    5367
    5363
    5365
    5364
    5366
    5367
    5366
    5367
    5369
    5370
    5372
    5373
    5375
    5377
    5376
    5378
    5379
    5378
    5383
    5379
    5384
    5385
    5381
    5383
    5382
    5384
    5385
    5384
    5385
    5387
    5388
    5390
    5392
    5391
    5393
    5394
    5393
    5395
    5394
    5396
    5397
    5396
    5397
    5399
    5401
    5400
    5402
    5403
    5402
    5403
    5405
    5406
    5408
    5410
    5409
    5411
    5412
    5411
    5412
    5414
    5416
    5415
    5417
    5418
    5417
    5418
    5420
    5421
    5423
    5424
    5426
    5428
    5427
    5429
    5430
    5429
    5430
    5432
    5434
    5433
    5435
    5436
    5435
    5436
    5438
    5440
    5439
    5441
    5442
    5441
    5443
    5442
    5444
    5445
    5444
    5445
    5447
    5449
    5448
    5450
    5451
    5450
    5451
    5453
    5454
    5456
    5457
)


// ************************************************************************* //
