(
( 290 ((4000 1.90975e-05) (4500 1.90975e-05) (5000 1.90975e-05) (5500 1.90975e-05) (6000 1.90975e-05) (6500 1.90975e-05) (7000 1.90975e-05) (7500 1.90975e-05) (8000 1.90975e-05) ))
( 340 ((4000 2.1051e-05) (4500 2.1051e-05) (5000 2.1051e-05) (5500 2.1051e-05) (6000 2.1051e-05) (6500 2.1051e-05) (7000 2.1051e-05) (7500 2.1051e-05) (8000 2.1051e-05) ))
( 390 ((4000 2.30652e-05) (4500 2.30652e-05) (5000 2.30652e-05) (5500 2.30652e-05) (6000 2.30652e-05) (6500 2.30652e-05) (7000 2.30652e-05) (7500 2.30652e-05) (8000 2.30652e-05) ))
( 440 ((4000 2.5077e-05) (4500 2.5077e-05) (5000 2.5077e-05) (5500 2.5077e-05) (6000 2.5077e-05) (6500 2.5077e-05) (7000 2.5077e-05) (7500 2.5077e-05) (8000 2.5077e-05) ))
( 490 ((4000 2.71027e-05) (4500 2.71027e-05) (5000 2.71027e-05) (5500 2.71027e-05) (6000 2.71027e-05) (6500 2.71027e-05) (7000 2.71027e-05) (7500 2.71027e-05) (8000 2.71027e-05) ))
( 540 ((4000 2.91351e-05) (4500 2.91351e-05) (5000 2.91351e-05) (5500 2.91351e-05) (6000 2.91351e-05) (6500 2.91351e-05) (7000 2.91351e-05) (7500 2.91351e-05) (8000 2.91351e-05) ))
( 590 ((4000 3.1198e-05) (4500 3.1198e-05) (5000 3.1198e-05) (5500 3.1198e-05) (6000 3.1198e-05) (6500 3.1198e-05) (7000 3.1198e-05) (7500 3.1198e-05) (8000 3.1198e-05) ))
( 640 ((4000 3.29939e-05) (4500 3.29939e-05) (5000 3.29939e-05) (5500 3.29939e-05) (6000 3.29939e-05) (6500 3.29939e-05) (7000 3.29939e-05) (7500 3.29939e-05) (8000 3.29939e-05) ))
( 690 ((4000 3.47126e-05) (4500 3.47126e-05) (5000 3.47126e-05) (5500 3.47126e-05) (6000 3.47126e-05) (6500 3.47126e-05) (7000 3.47126e-05) (7500 3.47126e-05) (8000 3.47126e-05) ))
( 740 ((4000 3.6432e-05) (4500 3.6432e-05) (5000 3.6432e-05) (5500 3.6432e-05) (6000 3.6432e-05) (6500 3.6432e-05) (7000 3.6432e-05) (7500 3.6432e-05) (8000 3.6432e-05) ))
( 790 ((4000 3.81568e-05) (4500 3.81568e-05) (5000 3.81568e-05) (5500 3.81568e-05) (6000 3.81568e-05) (6500 3.81568e-05) (7000 3.81568e-05) (7500 3.81568e-05) (8000 3.81568e-05) ))
( 840 ((4000 3.98915e-05) (4500 3.98915e-05) (5000 3.98915e-05) (5500 3.98915e-05) (6000 3.98915e-05) (6500 3.98915e-05) (7000 3.98915e-05) (7500 3.98915e-05) (8000 3.98915e-05) ))
( 890 ((4000 4.164e-05) (4500 4.164e-05) (5000 4.164e-05) (5500 4.164e-05) (6000 4.164e-05) (6500 4.164e-05) (7000 4.164e-05) (7500 4.164e-05) (8000 4.164e-05) ))
( 940 ((4000 4.34062e-05) (4500 4.34062e-05) (5000 4.34062e-05) (5500 4.34062e-05) (6000 4.34062e-05) (6500 4.34062e-05) (7000 4.34062e-05) (7500 4.34062e-05) (8000 4.34062e-05) ))
( 990 ((4000 4.51937e-05) (4500 4.51937e-05) (5000 4.51937e-05) (5500 4.51937e-05) (6000 4.51937e-05) (6500 4.51937e-05) (7000 4.51937e-05) (7500 4.51937e-05) (8000 4.51937e-05) ))
( 1040 ((4000 4.66585e-05) (4500 4.66585e-05) (5000 4.66585e-05) (5500 4.66585e-05) (6000 4.66585e-05) (6500 4.66585e-05) (7000 4.66585e-05) (7500 4.66585e-05) (8000 4.66585e-05) ))
( 1090 ((4000 4.80281e-05) (4500 4.80281e-05) (5000 4.80281e-05) (5500 4.80281e-05) (6000 4.80281e-05) (6500 4.80281e-05) (7000 4.80281e-05) (7500 4.80281e-05) (8000 4.80281e-05) ))
( 1140 ((4000 4.93873e-05) (4500 4.93873e-05) (5000 4.93873e-05) (5500 4.93873e-05) (6000 4.93873e-05) (6500 4.93873e-05) (7000 4.93873e-05) (7500 4.93873e-05) (8000 4.93873e-05) ))
( 1190 ((4000 5.07375e-05) (4500 5.07375e-05) (5000 5.07375e-05) (5500 5.07375e-05) (6000 5.07375e-05) (6500 5.07375e-05) (7000 5.07375e-05) (7500 5.07375e-05) (8000 5.07375e-05) ))
( 1240 ((4000 5.208e-05) (4500 5.208e-05) (5000 5.208e-05) (5500 5.208e-05) (6000 5.208e-05) (6500 5.208e-05) (7000 5.208e-05) (7500 5.208e-05) (8000 5.208e-05) ))
( 1290 ((4000 5.34159e-05) (4500 5.34159e-05) (5000 5.34159e-05) (5500 5.34159e-05) (6000 5.34159e-05) (6500 5.34159e-05) (7000 5.34159e-05) (7500 5.34159e-05) (8000 5.34159e-05) ))
( 1340 ((4000 5.47463e-05) (4500 5.47463e-05) (5000 5.47463e-05) (5500 5.47463e-05) (6000 5.47463e-05) (6500 5.47463e-05) (7000 5.47463e-05) (7500 5.47463e-05) (8000 5.47463e-05) ))
( 1390 ((4000 5.60722e-05) (4500 5.60722e-05) (5000 5.60722e-05) (5500 5.60722e-05) (6000 5.60722e-05) (6500 5.60722e-05) (7000 5.60722e-05) (7500 5.60722e-05) (8000 5.60722e-05) ))
( 1440 ((4000 5.73944e-05) (4500 5.73944e-05) (5000 5.73944e-05) (5500 5.73944e-05) (6000 5.73944e-05) (6500 5.73944e-05) (7000 5.73944e-05) (7500 5.73944e-05) (8000 5.73944e-05) ))
( 1490 ((4000 5.87139e-05) (4500 5.87139e-05) (5000 5.87139e-05) (5500 5.87138e-05) (6000 5.87138e-05) (6500 5.87138e-05) (7000 5.87138e-05) (7500 5.87138e-05) (8000 5.87138e-05) ))
( 1540 ((4000 6.00312e-05) (4500 6.00312e-05) (5000 6.00312e-05) (5500 6.00312e-05) (6000 6.00312e-05) (6500 6.00312e-05) (7000 6.00312e-05) (7500 6.00312e-05) (8000 6.00312e-05) ))
( 1590 ((4000 6.13472e-05) (4500 6.13472e-05) (5000 6.13472e-05) (5500 6.13472e-05) (6000 6.13472e-05) (6500 6.13471e-05) (7000 6.13471e-05) (7500 6.13471e-05) (8000 6.13471e-05) ))
( 1640 ((4000 6.26626e-05) (4500 6.26625e-05) (5000 6.26625e-05) (5500 6.26625e-05) (6000 6.26625e-05) (6500 6.26624e-05) (7000 6.26624e-05) (7500 6.26624e-05) (8000 6.26624e-05) ))
( 1690 ((4000 6.39779e-05) (4500 6.39779e-05) (5000 6.39778e-05) (5500 6.39778e-05) (6000 6.39777e-05) (6500 6.39777e-05) (7000 6.39777e-05) (7500 6.39776e-05) (8000 6.39776e-05) ))
( 1740 ((4000 6.5294e-05) (4500 6.52939e-05) (5000 6.52938e-05) (5500 6.52937e-05) (6000 6.52936e-05) (6500 6.52936e-05) (7000 6.52935e-05) (7500 6.52935e-05) (8000 6.52934e-05) ))
( 1790 ((4000 6.66115e-05) (4500 6.66113e-05) (5000 6.66111e-05) (5500 6.6611e-05) (6000 6.66109e-05) (6500 6.66108e-05) (7000 6.66107e-05) (7500 6.66106e-05) (8000 6.66105e-05) ))
( 1840 ((4000 6.79311e-05) (4500 6.79308e-05) (5000 6.79306e-05) (5500 6.79303e-05) (6000 6.79301e-05) (6500 6.793e-05) (7000 6.79298e-05) (7500 6.79297e-05) (8000 6.79296e-05) ))
( 1890 ((4000 6.92538e-05) (4500 6.92533e-05) (5000 6.92529e-05) (5500 6.92525e-05) (6000 6.92522e-05) (6500 6.92519e-05) (7000 6.92517e-05) (7500 6.92515e-05) (8000 6.92513e-05) ))
( 1940 ((4000 7.05803e-05) (4500 7.05796e-05) (5000 7.05789e-05) (5500 7.05784e-05) (6000 7.05779e-05) (6500 7.05775e-05) (7000 7.05771e-05) (7500 7.05767e-05) (8000 7.05764e-05) ))
( 1990 ((4000 7.19119e-05) (4500 7.19107e-05) (5000 7.19098e-05) (5500 7.19089e-05) (6000 7.19082e-05) (6500 7.19076e-05) (7000 7.1907e-05) (7500 7.19065e-05) (8000 7.1906e-05) ))
( 2040 ((4000 7.30631e-05) (4500 7.30614e-05) (5000 7.306e-05) (5500 7.30587e-05) (6000 7.30576e-05) (6500 7.30567e-05) (7000 7.30558e-05) (7500 7.3055e-05) (8000 7.30543e-05) ))
( 2090 ((4000 7.41666e-05) (4500 7.41641e-05) (5000 7.4162e-05) (5500 7.41602e-05) (6000 7.41586e-05) (6500 7.41572e-05) (7000 7.41559e-05) (7500 7.41548e-05) (8000 7.41538e-05) ))
( 2140 ((4000 7.52695e-05) (4500 7.52659e-05) (5000 7.52629e-05) (5500 7.52603e-05) (6000 7.5258e-05) (6500 7.5256e-05) (7000 7.52543e-05) (7500 7.52527e-05) (8000 7.52512e-05) ))
( 2190 ((4000 7.63737e-05) (4500 7.63687e-05) (5000 7.63645e-05) (5500 7.63608e-05) (6000 7.63576e-05) (6500 7.63548e-05) (7000 7.63523e-05) (7500 7.63501e-05) (8000 7.6348e-05) ))
( 2240 ((4000 7.74813e-05) (4500 7.74744e-05) (5000 7.74686e-05) (5500 7.74635e-05) (6000 7.74591e-05) (6500 7.74552e-05) (7000 7.74518e-05) (7500 7.74487e-05) (8000 7.74458e-05) ))
( 2290 ((4000 7.85949e-05) (4500 7.85855e-05) (5000 7.85775e-05) (5500 7.85706e-05) (6000 7.85646e-05) (6500 7.85593e-05) (7000 7.85546e-05) (7500 7.85504e-05) (8000 7.85465e-05) ))
( 2340 ((4000 7.97171e-05) (4500 7.97045e-05) (5000 7.96938e-05) (5500 7.96846e-05) (6000 7.96765e-05) (6500 7.96694e-05) (7000 7.96631e-05) (7500 7.96574e-05) (8000 7.96522e-05) ))
( 2390 ((4000 8.0851e-05) (4500 8.08344e-05) (5000 8.08203e-05) (5500 8.08081e-05) (6000 8.07975e-05) (6500 8.07881e-05) (7000 8.07797e-05) (7500 8.07722e-05) (8000 8.07653e-05) ))
( 2440 ((4000 8.20001e-05) (4500 8.19785e-05) (5000 8.19601e-05) (5500 8.19443e-05) (6000 8.19304e-05) (6500 8.19182e-05) (7000 8.19072e-05) (7500 8.18974e-05) (8000 8.18885e-05) ))
( 2490 ((4000 8.31678e-05) (4500 8.31401e-05) (5000 8.31166e-05) (5500 8.30963e-05) (6000 8.30785e-05) (6500 8.30628e-05) (7000 8.30487e-05) (7500 8.3036e-05) (8000 8.30245e-05) ))
( 2540 ((4000 8.43579e-05) (4500 8.4323e-05) (5000 8.42933e-05) (5500 8.42676e-05) (6000 8.4245e-05) (6500 8.42251e-05) (7000 8.42072e-05) (7500 8.41911e-05) (8000 8.41765e-05) ))
( 2590 ((4000 8.55737e-05) (4500 8.55304e-05) (5000 8.54935e-05) (5500 8.54614e-05) (6000 8.54333e-05) (6500 8.54084e-05) (7000 8.53861e-05) (7500 8.53659e-05) (8000 8.53476e-05) ))
( 2640 ((4000 8.68187e-05) (4500 8.67657e-05) (5000 8.67204e-05) (5500 8.66811e-05) (6000 8.66466e-05) (6500 8.66159e-05) (7000 8.65884e-05) (7500 8.65635e-05) (8000 8.65409e-05) ))
( 2690 ((4000 8.80953e-05) (4500 8.80316e-05) (5000 8.7977e-05) (5500 8.79295e-05) (6000 8.78877e-05) (6500 8.78504e-05) (7000 8.7817e-05) (7500 8.77868e-05) (8000 8.77593e-05) ))
( 2740 ((4000 8.94052e-05) (4500 8.93299e-05) (5000 8.92652e-05) (5500 8.92088e-05) (6000 8.91589e-05) (6500 8.91145e-05) (7000 8.90746e-05) (7500 8.90384e-05) (8000 8.90054e-05) ))
( 2790 ((4000 9.07489e-05) (4500 9.06616e-05) (5000 9.05862e-05) (5500 9.05203e-05) (6000 9.04619e-05) (6500 9.04097e-05) (7000 9.03627e-05) (7500 9.032e-05) (8000 9.0281e-05) ))
( 2840 ((4000 9.21252e-05) (4500 9.20259e-05) (5000 9.19398e-05) (5500 9.18641e-05) (6000 9.17969e-05) (6500 9.17366e-05) (7000 9.16822e-05) (7500 9.16327e-05) (8000 9.15874e-05) ))
( 2890 ((4000 9.35314e-05) (4500 9.34206e-05) (5000 9.33241e-05) (5500 9.32389e-05) (6000 9.3163e-05) (6500 9.30947e-05) (7000 9.30328e-05) (7500 9.29764e-05) (8000 9.29246e-05) ))
( 2940 ((4000 9.49627e-05) (4500 9.48418e-05) (5000 9.47358e-05) (5500 9.46419e-05) (6000 9.45577e-05) (6500 9.44817e-05) (7000 9.44126e-05) (7500 9.43494e-05) (8000 9.42913e-05) ))
( 2990 ((4000 9.64129e-05) (4500 9.62838e-05) (5000 9.61699e-05) (5500 9.60684e-05) (6000 9.5977e-05) (6500 9.58941e-05) (7000 9.58185e-05) (7500 9.57491e-05) (8000 9.5685e-05) ))
( 3040 ((4000 9.78742e-05) (4500 9.77396e-05) (5000 9.76199e-05) (5500 9.75125e-05) (6000 9.74153e-05) (6500 9.73268e-05) (7000 9.72456e-05) (7500 9.71709e-05) (8000 9.71016e-05) ))
( 3090 ((4000 9.93384e-05) (4500 9.92012e-05) (5000 9.90782e-05) (5500 9.89672e-05) (6000 9.88661e-05) (6500 9.87734e-05) (7000 9.86881e-05) (7500 9.86092e-05) (8000 9.85358e-05) ))
( 3140 ((4000 0.000100797) (4500 0.000100661) (5000 0.000100537) (5500 0.000100425) (6000 0.000100322) (6500 0.000100227) (7000 0.000100139) (7500 0.000100058) (8000 9.99814e-05) ))
( 3190 ((4000 0.000102244) (4500 0.00010211) (5000 0.000101989) (5500 0.000101878) (6000 0.000101775) (6500 0.00010168) (7000 0.000101592) (7500 0.000101509) (8000 0.000101431) ))
( 3240 ((4000 0.000103671) (4500 0.000103544) (5000 0.000103427) (5500 0.000103319) (6000 0.000103219) (6500 0.000103126) (7000 0.000103039) (7500 0.000102956) (8000 0.000102879) ))
( 3290 ((4000 0.000105077) (4500 0.000104958) (5000 0.000104847) (5500 0.000104745) (6000 0.000104649) (6500 0.000104559) (7000 0.000104474) (7500 0.000104394) (8000 0.000104318) ))
( 3340 ((4000 0.000106459) (4500 0.000106348) (5000 0.000106245) (5500 0.000106149) (6000 0.000106059) (6500 0.000105974) (7000 0.000105893) (7500 0.000105816) (8000 0.000105744) ))
( 3390 ((4000 0.000107816) (4500 0.000107715) (5000 0.000107621) (5500 0.000107532) (6000 0.000107448) (6500 0.000107368) (7000 0.000107292) (7500 0.00010722) (8000 0.000107152) ))
( 3440 ((4000 0.00010915) (4500 0.000109059) (5000 0.000108973) (5500 0.000108892) (6000 0.000108814) (6500 0.000108741) (7000 0.000108671) (7500 0.000108604) (8000 0.00010854) ))
( 3490 ((4000 0.000110462) (4500 0.000110381) (5000 0.000110303) (5500 0.00011023) (6000 0.000110159) (6500 0.000110092) (7000 0.000110028) (7500 0.000109966) (8000 0.000109907) ))
( 3540 ((4000 0.000111757) (4500 0.000111684) (5000 0.000111614) (5500 0.000111548) (6000 0.000111484) (6500 0.000111423) (7000 0.000111365) (7500 0.000111309) (8000 0.000111254) ))
( 3590 ((4000 0.000113035) (4500 0.00011297) (5000 0.000112908) (5500 0.000112848) (6000 0.000112791) (6500 0.000112736) (7000 0.000112683) (7500 0.000112632) (8000 0.000112582) ))
( 3640 ((4000 0.000114301) (4500 0.000114242) (5000 0.000114187) (5500 0.000114133) (6000 0.000114082) (6500 0.000114032) (7000 0.000113984) (7500 0.000113938) (8000 0.000113893) ))
( 3690 ((4000 0.000115556) (4500 0.000115503) (5000 0.000115453) (5500 0.000115405) (6000 0.000115359) (6500 0.000115314) (7000 0.000115271) (7500 0.000115229) (8000 0.000115189) ))
( 3740 ((4000 0.000116802) (4500 0.000116755) (5000 0.00011671) (5500 0.000116667) (6000 0.000116625) (6500 0.000116585) (7000 0.000116546) (7500 0.000116508) (8000 0.000116472) ))
( 3790 ((4000 0.000118042) (4500 0.000118) (5000 0.000117959) (5500 0.00011792) (6000 0.000117883) (6500 0.000117846) (7000 0.000117811) (7500 0.000117777) (8000 0.000117744) ))
( 3840 ((4000 0.000119277) (4500 0.000119239) (5000 0.000119202) (5500 0.000119167) (6000 0.000119133) (6500 0.0001191) (7000 0.000119068) (7500 0.000119037) (8000 0.000119007) ))
( 3890 ((4000 0.000120509) (4500 0.000120474) (5000 0.000120441) (5500 0.000120409) (6000 0.000120378) (6500 0.000120348) (7000 0.000120319) (7500 0.000120291) (8000 0.000120263) ))
( 3940 ((4000 0.000121739) (4500 0.000121707) (5000 0.000121676) (5500 0.000121647) (6000 0.000121619) (6500 0.000121591) (7000 0.000121565) (7500 0.000121539) (8000 0.000121514) ))
( 3990 ((4000 0.000122967) (4500 0.000122938) (5000 0.00012291) (5500 0.000122883) (6000 0.000122857) (6500 0.000122832) (7000 0.000122808) (7500 0.000122784) (8000 0.000122762) ))
( 4040 ((4000 0.00012405) (4500 0.000124024) (5000 0.000123998) (5500 0.000123973) (6000 0.00012395) (6500 0.000123927) (7000 0.000123905) (7500 0.000123883) (8000 0.000123862) ))
( 4090 ((4000 0.000125094) (4500 0.00012507) (5000 0.000125046) (5500 0.000125023) (6000 0.000125002) (6500 0.000124981) (7000 0.00012496) (7500 0.00012494) (8000 0.000124921) ))
( 4140 ((4000 0.000126135) (4500 0.000126112) (5000 0.00012609) (5500 0.000126069) (6000 0.000126049) (6500 0.00012603) (7000 0.000126011) (7500 0.000125992) (8000 0.000125975) ))
( 4190 ((4000 0.000127173) (4500 0.000127151) (5000 0.000127131) (5500 0.000127112) (6000 0.000127093) (6500 0.000127075) (7000 0.000127057) (7500 0.000127041) (8000 0.000127024) ))
( 4240 ((4000 0.000128208) (4500 0.000128188) (5000 0.000128169) (5500 0.000128151) (6000 0.000128134) (6500 0.000128117) (7000 0.000128101) (7500 0.000128085) (8000 0.00012807) ))
( 4290 ((4000 0.000129242) (4500 0.000129223) (5000 0.000129205) (5500 0.000129188) (6000 0.000129172) (6500 0.000129156) (7000 0.000129141) (7500 0.000129127) (8000 0.000129112) ))
( 4340 ((4000 0.000130274) (4500 0.000130256) (5000 0.00013024) (5500 0.000130224) (6000 0.000130208) (6500 0.000130194) (7000 0.000130179) (7500 0.000130166) (8000 0.000130152) ))
( 4390 ((4000 0.000131305) (4500 0.000131288) (5000 0.000131273) (5500 0.000131258) (6000 0.000131243) (6500 0.000131229) (7000 0.000131216) (7500 0.000131203) (8000 0.00013119) ))
( 4440 ((4000 0.000132336) (4500 0.00013232) (5000 0.000132305) (5500 0.00013229) (6000 0.000132277) (6500 0.000132263) (7000 0.000132251) (7500 0.000132238) (8000 0.000132227) ))
( 4490 ((4000 0.000133366) (4500 0.000133351) (5000 0.000133336) (5500 0.000133323) (6000 0.00013331) (6500 0.000133297) (7000 0.000133285) (7500 0.000133273) (8000 0.000133262) ))
( 4540 ((4000 0.000134397) (4500 0.000134382) (5000 0.000134368) (5500 0.000134355) (6000 0.000134342) (6500 0.00013433) (7000 0.000134318) (7500 0.000134307) (8000 0.000134296) ))
( 4590 ((4000 0.000135429) (4500 0.000135414) (5000 0.0001354) (5500 0.000135387) (6000 0.000135375) (6500 0.000135363) (7000 0.000135352) (7500 0.000135341) (8000 0.000135331) ))
( 4640 ((4000 0.000136462) (4500 0.000136447) (5000 0.000136434) (5500 0.000136421) (6000 0.000136409) (6500 0.000136397) (7000 0.000136386) (7500 0.000136375) (8000 0.000136365) ))
( 4690 ((4000 0.000137497) (4500 0.000137482) (5000 0.000137468) (5500 0.000137455) (6000 0.000137443) (6500 0.000137432) (7000 0.000137421) (7500 0.000137411) (8000 0.000137401) ))
( 4740 ((4000 0.000138535) (4500 0.000138519) (5000 0.000138505) (5500 0.000138492) (6000 0.00013848) (6500 0.000138468) (7000 0.000138457) (7500 0.000138447) (8000 0.000138437) ))
( 4790 ((4000 0.000139576) (4500 0.00013956) (5000 0.000139545) (5500 0.000139531) (6000 0.000139519) (6500 0.000139507) (7000 0.000139496) (7500 0.000139485) (8000 0.000139475) ))
( 4840 ((4000 0.000140622) (4500 0.000140604) (5000 0.000140588) (5500 0.000140574) (6000 0.00014056) (6500 0.000140548) (7000 0.000140537) (7500 0.000140526) (8000 0.000140516) ))
( 4890 ((4000 0.000141672) (4500 0.000141653) (5000 0.000141636) (5500 0.00014162) (6000 0.000141606) (6500 0.000141593) (7000 0.000141581) (7500 0.00014157) (8000 0.000141559) ))
( 4940 ((4000 0.000142729) (4500 0.000142707) (5000 0.000142688) (5500 0.000142672) (6000 0.000142656) (6500 0.000142642) (7000 0.000142629) (7500 0.000142617) (8000 0.000142606) ))
( 4990 ((4000 0.000143793) (4500 0.000143769) (5000 0.000143748) (5500 0.000143729) (6000 0.000143712) (6500 0.000143697) (7000 0.000143683) (7500 0.00014367) (8000 0.000143658) ))
( 5040 ((4000 0.000144826) (4500 0.000144798) (5000 0.000144774) (5500 0.000144753) (6000 0.000144734) (6500 0.000144717) (7000 0.000144702) (7500 0.000144687) (8000 0.000144674) ))
( 5090 ((4000 0.000145859) (4500 0.000145826) (5000 0.000145799) (5500 0.000145775) (6000 0.000145753) (6500 0.000145734) (7000 0.000145717) (7500 0.000145701) (8000 0.000145686) ))
( 5140 ((4000 0.000146902) (4500 0.000146865) (5000 0.000146833) (5500 0.000146805) (6000 0.000146781) (6500 0.000146759) (7000 0.00014674) (7500 0.000146722) (8000 0.000146706) ))
( 5190 ((4000 0.000147959) (4500 0.000147915) (5000 0.000147878) (5500 0.000147846) (6000 0.000147818) (6500 0.000147794) (7000 0.000147771) (7500 0.000147751) (8000 0.000147733) ))
( 5240 ((4000 0.00014903) (4500 0.000148979) (5000 0.000148936) (5500 0.000148899) (6000 0.000148867) (6500 0.000148838) (7000 0.000148813) (7500 0.00014879) (8000 0.000148769) ))
( 5290 ((4000 0.000150117) (4500 0.000150058) (5000 0.000150008) (5500 0.000149965) (6000 0.000149928) (6500 0.000149895) (7000 0.000149866) (7500 0.00014984) (8000 0.000149816) ))
( 5340 ((4000 0.000151222) (4500 0.000151153) (5000 0.000151096) (5500 0.000151047) (6000 0.000151004) (6500 0.000150966) (7000 0.000150932) (7500 0.000150902) (8000 0.000150875) ))
( 5390 ((4000 0.000152347) (4500 0.000152268) (5000 0.000152202) (5500 0.000152145) (6000 0.000152095) (6500 0.000152052) (7000 0.000152013) (7500 0.000151979) (8000 0.000151947) ))
( 5440 ((4000 0.000153493) (4500 0.000153403) (5000 0.000153326) (5500 0.000153261) (6000 0.000153205) (6500 0.000153155) (7000 0.00015311) (7500 0.000153071) (8000 0.000153035) ))
( 5490 ((4000 0.000154662) (4500 0.000154559) (5000 0.000154472) (5500 0.000154398) (6000 0.000154333) (6500 0.000154276) (7000 0.000154225) (7500 0.00015418) (8000 0.000154139) ))
( 5540 ((4000 0.000155856) (4500 0.000155739) (5000 0.000155641) (5500 0.000155556) (6000 0.000155482) (6500 0.000155417) (7000 0.000155359) (7500 0.000155308) (8000 0.000155261) ))
( 5590 ((4000 0.000157076) (4500 0.000156944) (5000 0.000156833) (5500 0.000156737) (6000 0.000156654) (6500 0.00015658) (7000 0.000156515) (7500 0.000156456) (8000 0.000156403) ))
( 5640 ((4000 0.000158322) (4500 0.000158175) (5000 0.00015805) (5500 0.000157942) (6000 0.000157848) (6500 0.000157766) (7000 0.000157692) (7500 0.000157625) (8000 0.000157566) ))
( 5690 ((4000 0.000159594) (4500 0.000159431) (5000 0.000159293) (5500 0.000159173) (6000 0.000159068) (6500 0.000158975) (7000 0.000158892) (7500 0.000158818) (8000 0.000158751) ))
( 5740 ((4000 0.000160893) (4500 0.000160714) (5000 0.000160561) (5500 0.000160429) (6000 0.000160313) (6500 0.000160209) (7000 0.000160117) (7500 0.000160034) (8000 0.000159959) ))
( 5790 ((4000 0.000162217) (4500 0.000162023) (5000 0.000161856) (5500 0.000161711) (6000 0.000161583) (6500 0.000161469) (7000 0.000161367) (7500 0.000161275) (8000 0.000161192) ))
( 5840 ((4000 0.000163566) (4500 0.000163357) (5000 0.000163176) (5500 0.000163018) (6000 0.000162878) (6500 0.000162754) (7000 0.000162642) (7500 0.000162541) (8000 0.000162449) ))
( 5890 ((4000 0.000164938) (4500 0.000164714) (5000 0.00016452) (5500 0.00016435) (6000 0.000164199) (6500 0.000164064) (7000 0.000163943) (7500 0.000163832) (8000 0.000163732) ))
( 5940 ((4000 0.000166329) (4500 0.000166093) (5000 0.000165887) (5500 0.000165705) (6000 0.000165544) (6500 0.000165398) (7000 0.000165267) (7500 0.000165148) (8000 0.000165039) ))
( 5990 ((4000 0.000167738) (4500 0.000167491) (5000 0.000167274) (5500 0.000167082) (6000 0.00016691) (6500 0.000166756) (7000 0.000166615) (7500 0.000166487) (8000 0.00016637) ))
( 6040 ((4000 0.0001691) (4500 0.000168845) (5000 0.000168621) (5500 0.00016842) (6000 0.00016824) (6500 0.000168077) (7000 0.000167929) (7500 0.000167793) (8000 0.000167668) ))
( 6090 ((4000 0.000170453) (4500 0.000170194) (5000 0.000169963) (5500 0.000169756) (6000 0.000169569) (6500 0.000169399) (7000 0.000169244) (7500 0.000169102) (8000 0.00016897) ))
( 6140 ((4000 0.000171809) (4500 0.000171547) (5000 0.000171313) (5500 0.000171101) (6000 0.000170909) (6500 0.000170734) (7000 0.000170573) (7500 0.000170425) (8000 0.000170287) ))
( 6190 ((4000 0.000173164) (4500 0.000172903) (5000 0.000172666) (5500 0.000172452) (6000 0.000172257) (6500 0.000172077) (7000 0.000171912) (7500 0.000171759) (8000 0.000171617) ))
( 6240 ((4000 0.000174515) (4500 0.000174256) (5000 0.000174021) (5500 0.000173806) (6000 0.000173609) (6500 0.000173427) (7000 0.000173258) (7500 0.000173102) (8000 0.000172957) ))
( 6290 ((4000 0.000175859) (4500 0.000175605) (5000 0.000175372) (5500 0.000175159) (6000 0.000174962) (6500 0.000174779) (7000 0.000174609) (7500 0.000174451) (8000 0.000174303) ))
( 6340 ((4000 0.000177194) (4500 0.000176946) (5000 0.000176719) (5500 0.000176508) (6000 0.000176313) (6500 0.000176131) (7000 0.000175961) (7500 0.000175803) (8000 0.000175653) ))
( 6390 ((4000 0.000178516) (4500 0.000178278) (5000 0.000178057) (5500 0.000177851) (6000 0.000177659) (6500 0.00017748) (7000 0.000177312) (7500 0.000177154) (8000 0.000177005) ))
( 6440 ((4000 0.000179826) (4500 0.000179597) (5000 0.000179384) (5500 0.000179185) (6000 0.000178999) (6500 0.000178823) (7000 0.000178658) (7500 0.000178502) (8000 0.000178354) ))
( 6490 ((4000 0.000181121) (4500 0.000180904) (5000 0.0001807) (5500 0.000180509) (6000 0.000180328) (6500 0.000180158) (7000 0.000179997) (7500 0.000179844) (8000 0.000179699) ))
( 6540 ((4000 0.000182401) (4500 0.000182196) (5000 0.000182003) (5500 0.00018182) (6000 0.000181647) (6500 0.000181483) (7000 0.000181327) (7500 0.000181178) (8000 0.000181037) ))
( 6590 ((4000 0.000183666) (4500 0.000183474) (5000 0.000183291) (5500 0.000183118) (6000 0.000182953) (6500 0.000182796) (7000 0.000182646) (7500 0.000182503) (8000 0.000182366) ))
( 6640 ((4000 0.000184916) (4500 0.000184737) (5000 0.000184565) (5500 0.000184402) (6000 0.000184246) (6500 0.000184096) (7000 0.000183953) (7500 0.000183816) (8000 0.000183684) ))
( 6690 ((4000 0.000186152) (4500 0.000185985) (5000 0.000185825) (5500 0.000185672) (6000 0.000185524) (6500 0.000185383) (7000 0.000185247) (7500 0.000185117) (8000 0.000184991) ))
( 6740 ((4000 0.000187374) (4500 0.000187219) (5000 0.00018707) (5500 0.000186927) (6000 0.000186789) (6500 0.000186656) (7000 0.000186528) (7500 0.000186404) (8000 0.000186285) ))
( 6790 ((4000 0.000188582) (4500 0.000188439) (5000 0.000188302) (5500 0.000188169) (6000 0.00018804) (6500 0.000187916) (7000 0.000187795) (7500 0.000187679) (8000 0.000187566) ))
( 6840 ((4000 0.000189778) (4500 0.000189647) (5000 0.00018952) (5500 0.000189397) (6000 0.000189277) (6500 0.000189161) (7000 0.000189049) (7500 0.000188939) (8000 0.000188833) ))
( 6890 ((4000 0.000190963) (4500 0.000190843) (5000 0.000190726) (5500 0.000190612) (6000 0.000190502) (6500 0.000190394) (7000 0.000190289) (7500 0.000190187) (8000 0.000190088) ))
( 6940 ((4000 0.000192138) (4500 0.000192028) (5000 0.000191921) (5500 0.000191816) (6000 0.000191714) (6500 0.000191614) (7000 0.000191517) (7500 0.000191422) (8000 0.000191329) ))
( 6990 ((4000 0.000193304) (4500 0.000193203) (5000 0.000193105) (5500 0.000193009) (6000 0.000192915) (6500 0.000192823) (7000 0.000192733) (7500 0.000192644) (8000 0.000192558) ))
( 7040 ((4000 0.000194462) (4500 0.00019437) (5000 0.00019428) (5500 0.000194191) (6000 0.000194105) (6500 0.00019402) (7000 0.000193937) (7500 0.000193856) (8000 0.000193776) ))
( 7090 ((4000 0.000195612) (4500 0.000195528) (5000 0.000195446) (5500 0.000195365) (6000 0.000195286) (6500 0.000195208) (7000 0.000195131) (7500 0.000195056) (8000 0.000194982) ))
( 7140 ((4000 0.000196756) (4500 0.000196679) (5000 0.000196604) (5500 0.00019653) (6000 0.000196458) (6500 0.000196386) (7000 0.000196316) (7500 0.000196246) (8000 0.000196178) ))
( 7190 ((4000 0.000197894) (4500 0.000197824) (5000 0.000197756) (5500 0.000197688) (6000 0.000197622) (6500 0.000197556) (7000 0.000197492) (7500 0.000197428) (8000 0.000197365) ))
( 7240 ((4000 0.000199027) (4500 0.000198964) (5000 0.000198901) (5500 0.00019884) (6000 0.000198779) (6500 0.000198719) (7000 0.00019866) (7500 0.000198601) (8000 0.000198544) ))
( 7290 ((4000 0.000200157) (4500 0.000200099) (5000 0.000200042) (5500 0.000199986) (6000 0.00019993) (6500 0.000199875) (7000 0.000199821) (7500 0.000199767) (8000 0.000199714) ))
( 7340 ((4000 0.000201282) (4500 0.00020123) (5000 0.000201178) (5500 0.000201127) (6000 0.000201076) (6500 0.000201026) (7000 0.000200976) (7500 0.000200927) (8000 0.000200878) ))
( 7390 ((4000 0.000202405) (4500 0.000202357) (5000 0.00020231) (5500 0.000202263) (6000 0.000202217) (6500 0.000202171) (7000 0.000202126) (7500 0.000202081) (8000 0.000202036) ))
( 7440 ((4000 0.000203526) (4500 0.000203482) (5000 0.000203439) (5500 0.000203396) (6000 0.000203354) (6500 0.000203312) (7000 0.000203271) (7500 0.000203229) (8000 0.000203188) ))
( 7490 ((4000 0.000204644) (4500 0.000204605) (5000 0.000204566) (5500 0.000204527) (6000 0.000204488) (6500 0.00020445) (7000 0.000204412) (7500 0.000204374) (8000 0.000204336) ))
( 7540 ((4000 0.000205762) (4500 0.000205726) (5000 0.00020569) (5500 0.000205654) (6000 0.000205619) (6500 0.000205584) (7000 0.000205549) (7500 0.000205514) (8000 0.00020548) ))
( 7590 ((4000 0.000206878) (4500 0.000206845) (5000 0.000206812) (5500 0.00020678) (6000 0.000206748) (6500 0.000206716) (7000 0.000206684) (7500 0.000206652) (8000 0.000206621) ))
( 7640 ((4000 0.000207993) (4500 0.000207963) (5000 0.000207934) (5500 0.000207904) (6000 0.000207874) (6500 0.000207845) (7000 0.000207816) (7500 0.000207787) (8000 0.000207758) ))
( 7690 ((4000 0.000209109) (4500 0.000209081) (5000 0.000209054) (5500 0.000209027) (6000 0.000209) (6500 0.000208973) (7000 0.000208946) (7500 0.00020892) (8000 0.000208893) ))
( 7740 ((4000 0.000210224) (4500 0.000210199) (5000 0.000210174) (5500 0.000210149) (6000 0.000210124) (6500 0.0002101) (7000 0.000210075) (7500 0.000210051) (8000 0.000210027) ))
( 7790 ((4000 0.000211339) (4500 0.000211316) (5000 0.000211293) (5500 0.000211271) (6000 0.000211248) (6500 0.000211226) (7000 0.000211203) (7500 0.000211181) (8000 0.000211159) ))
( 7840 ((4000 0.000212455) (4500 0.000212434) (5000 0.000212413) (5500 0.000212392) (6000 0.000212371) (6500 0.000212351) (7000 0.00021233) (7500 0.00021231) (8000 0.00021229) ))
( 7890 ((4000 0.000213571) (4500 0.000213552) (5000 0.000213533) (5500 0.000213514) (6000 0.000213495) (6500 0.000213476) (7000 0.000213457) (7500 0.000213438) (8000 0.00021342) ))
( 7940 ((4000 0.000214688) (4500 0.000214671) (5000 0.000214653) (5500 0.000214636) (6000 0.000214618) (6500 0.000214601) (7000 0.000214584) (7500 0.000214567) (8000 0.000214549) ))
( 7990 ((4000 0.000215807) (4500 0.000215791) (5000 0.000215774) (5500 0.000215758) (6000 0.000215742) (6500 0.000215727) (7000 0.000215711) (7500 0.000215695) (8000 0.000215679) ))
( 8040 ((4000 0.000216851) (4500 0.000216836) (5000 0.000216821) (5500 0.000216806) (6000 0.000216792) (6500 0.000216777) (7000 0.000216763) (7500 0.000216748) (8000 0.000216734) ))
( 8090 ((4000 0.000217876) (4500 0.000217862) (5000 0.000217849) (5500 0.000217835) (6000 0.000217822) (6500 0.000217809) (7000 0.000217795) (7500 0.000217782) (8000 0.000217769) ))
( 8140 ((4000 0.000218901) (4500 0.000218889) (5000 0.000218876) (5500 0.000218864) (6000 0.000218852) (6500 0.00021884) (7000 0.000218827) (7500 0.000218815) (8000 0.000218803) ))
( 8190 ((4000 0.000219927) (4500 0.000219915) (5000 0.000219904) (5500 0.000219893) (6000 0.000219881) (6500 0.00021987) (7000 0.000219859) (7500 0.000219848) (8000 0.000219837) ))
( 8240 ((4000 0.000220953) (4500 0.000220942) (5000 0.000220932) (5500 0.000220921) (6000 0.000220911) (6500 0.000220901) (7000 0.00022089) (7500 0.00022088) (8000 0.00022087) ))
( 8290 ((4000 0.000221979) (4500 0.000221969) (5000 0.00022196) (5500 0.00022195) (6000 0.000221941) (6500 0.000221931) (7000 0.000221922) (7500 0.000221912) (8000 0.000221903) ))
( 8340 ((4000 0.000223006) (4500 0.000222997) (5000 0.000222988) (5500 0.00022298) (6000 0.000222971) (6500 0.000222962) (7000 0.000222954) (7500 0.000222945) (8000 0.000222936) ))
( 8390 ((4000 0.000224034) (4500 0.000224026) (5000 0.000224018) (5500 0.000224009) (6000 0.000224001) (6500 0.000223993) (7000 0.000223985) (7500 0.000223977) (8000 0.000223969) ))
( 8440 ((4000 0.000225062) (4500 0.000225055) (5000 0.000225047) (5500 0.00022504) (6000 0.000225032) (6500 0.000225025) (7000 0.000225018) (7500 0.00022501) (8000 0.000225003) ))
( 8490 ((4000 0.000226091) (4500 0.000226084) (5000 0.000226078) (5500 0.000226071) (6000 0.000226064) (6500 0.000226057) (7000 0.00022605) (7500 0.000226043) (8000 0.000226037) ))
( 8540 ((4000 0.000227121) (4500 0.000227115) (5000 0.000227109) (5500 0.000227102) (6000 0.000227096) (6500 0.00022709) (7000 0.000227083) (7500 0.000227077) (8000 0.000227071) ))
( 8590 ((4000 0.000228152) (4500 0.000228146) (5000 0.000228141) (5500 0.000228135) (6000 0.000228129) (6500 0.000228123) (7000 0.000228117) (7500 0.000228112) (8000 0.000228106) ))
( 8640 ((4000 0.000229184) (4500 0.000229179) (5000 0.000229174) (5500 0.000229168) (6000 0.000229163) (6500 0.000229157) (7000 0.000229152) (7500 0.000229147) (8000 0.000229141) ))
( 8690 ((4000 0.000230217) (4500 0.000230212) (5000 0.000230207) (5500 0.000230202) (6000 0.000230197) (6500 0.000230193) (7000 0.000230188) (7500 0.000230183) (8000 0.000230178) ))
( 8740 ((4000 0.000231252) (4500 0.000231247) (5000 0.000231242) (5500 0.000231238) (6000 0.000231233) (6500 0.000231229) (7000 0.000231224) (7500 0.000231219) (8000 0.000231215) ))
( 8790 ((4000 0.000232287) (4500 0.000232283) (5000 0.000232278) (5500 0.000232274) (6000 0.00023227) (6500 0.000232266) (7000 0.000232261) (7500 0.000232257) (8000 0.000232253) ))
( 8840 ((4000 0.000233324) (4500 0.00023332) (5000 0.000233316) (5500 0.000233312) (6000 0.000233308) (6500 0.000233304) (7000 0.0002333) (7500 0.000233296) (8000 0.000233292) ))
( 8890 ((4000 0.000234361) (4500 0.000234358) (5000 0.000234354) (5500 0.00023435) (6000 0.000234347) (6500 0.000234343) (7000 0.000234339) (7500 0.000234336) (8000 0.000234332) ))
( 8940 ((4000 0.0002354) (4500 0.000235397) (5000 0.000235394) (5500 0.00023539) (6000 0.000235387) (6500 0.000235383) (7000 0.00023538) (7500 0.000235377) (8000 0.000235373) ))
( 8990 ((4000 0.000236441) (4500 0.000236438) (5000 0.000236434) (5500 0.000236431) (6000 0.000236428) (6500 0.000236425) (7000 0.000236422) (7500 0.000236419) (8000 0.000236415) ))
( 9040 ((4000 0.000237483) (4500 0.00023748) (5000 0.000237477) (5500 0.000237474) (6000 0.000237471) (6500 0.000237468) (7000 0.000237465) (7500 0.000237462) (8000 0.000237459) ))
( 9090 ((4000 0.000238526) (4500 0.000238523) (5000 0.00023852) (5500 0.000238518) (6000 0.000238515) (6500 0.000238512) (7000 0.000238509) (7500 0.000238507) (8000 0.000238504) ))
( 9140 ((4000 0.00023957) (4500 0.000239568) (5000 0.000239565) (5500 0.000239563) (6000 0.00023956) (6500 0.000239558) (7000 0.000239555) (7500 0.000239553) (8000 0.00023955) ))
( 9190 ((4000 0.000240617) (4500 0.000240614) (5000 0.000240612) (5500 0.000240609) (6000 0.000240607) (6500 0.000240605) (7000 0.000240602) (7500 0.0002406) (8000 0.000240598) ))
( 9240 ((4000 0.000241664) (4500 0.000241662) (5000 0.00024166) (5500 0.000241658) (6000 0.000241655) (6500 0.000241653) (7000 0.000241651) (7500 0.000241649) (8000 0.000241646) ))
( 9290 ((4000 0.000242713) (4500 0.000242711) (5000 0.000242709) (5500 0.000242707) (6000 0.000242705) (6500 0.000242703) (7000 0.000242701) (7500 0.000242699) (8000 0.000242697) ))
( 9340 ((4000 0.000243764) (4500 0.000243762) (5000 0.00024376) (5500 0.000243758) (6000 0.000243756) (6500 0.000243754) (7000 0.000243752) (7500 0.000243751) (8000 0.000243749) ))
( 9390 ((4000 0.000244816) (4500 0.000244815) (5000 0.000244813) (5500 0.000244811) (6000 0.000244809) (6500 0.000244807) (7000 0.000244806) (7500 0.000244804) (8000 0.000244802) ))
( 9440 ((4000 0.00024587) (4500 0.000245869) (5000 0.000245867) (5500 0.000245865) (6000 0.000245864) (6500 0.000245862) (7000 0.00024586) (7500 0.000245859) (8000 0.000245857) ))
( 9490 ((4000 0.000246926) (4500 0.000246924) (5000 0.000246923) (5500 0.000246921) (6000 0.00024692) (6500 0.000246918) (7000 0.000246916) (7500 0.000246915) (8000 0.000246913) ))
( 9540 ((4000 0.000247983) (4500 0.000247982) (5000 0.00024798) (5500 0.000247979) (6000 0.000247977) (6500 0.000247976) (7000 0.000247974) (7500 0.000247973) (8000 0.000247971) ))
( 9590 ((4000 0.000249042) (4500 0.000249041) (5000 0.000249039) (5500 0.000249038) (6000 0.000249037) (6500 0.000249035) (7000 0.000249034) (7500 0.000249033) (8000 0.000249031) ))
( 9640 ((4000 0.000250103) (4500 0.000250102) (5000 0.0002501) (5500 0.000250099) (6000 0.000250098) (6500 0.000250096) (7000 0.000250095) (7500 0.000250094) (8000 0.000250093) ))
( 9690 ((4000 0.000251165) (4500 0.000251164) (5000 0.000251163) (5500 0.000251162) (6000 0.000251161) (6500 0.000251159) (7000 0.000251158) (7500 0.000251157) (8000 0.000251156) ))
( 9740 ((4000 0.00025223) (4500 0.000252229) (5000 0.000252228) (5500 0.000252226) (6000 0.000252225) (6500 0.000252224) (7000 0.000252223) (7500 0.000252222) (8000 0.000252221) ))
( 9790 ((4000 0.000253296) (4500 0.000253295) (5000 0.000253294) (5500 0.000253293) (6000 0.000253292) (6500 0.000253291) (7000 0.00025329) (7500 0.000253288) (8000 0.000253287) ))
( 9840 ((4000 0.000254364) (4500 0.000254363) (5000 0.000254362) (5500 0.000254361) (6000 0.00025436) (6500 0.000254359) (7000 0.000254358) (7500 0.000254357) (8000 0.000254356) ))
( 9890 ((4000 0.000255434) (4500 0.000255433) (5000 0.000255432) (5500 0.000255431) (6000 0.00025543) (6500 0.000255429) (7000 0.000255428) (7500 0.000255427) (8000 0.000255426) ))
( 9940 ((4000 0.000256505) (4500 0.000256505) (5000 0.000256504) (5500 0.000256503) (6000 0.000256502) (6500 0.000256501) (7000 0.0002565) (7500 0.000256499) (8000 0.000256498) ))
( 9990 ((4000 0.000257579) (4500 0.000257578) (5000 0.000257577) (5500 0.000257577) (6000 0.000257576) (6500 0.000257575) (7000 0.000257574) (7500 0.000257573) (8000 0.000257572) ))
( 10040 ((4000 0.000258556) (4500 0.000258555) (5000 0.000258555) (5500 0.000258554) (6000 0.000258553) (6500 0.000258552) (7000 0.000258551) (7500 0.000258551) (8000 0.00025855) ))
( 10090 ((4000 0.00025951) (4500 0.000259509) (5000 0.000259508) (5500 0.000259507) (6000 0.000259507) (6500 0.000259506) (7000 0.000259505) (7500 0.000259504) (8000 0.000259504) ))
( 10140 ((4000 0.000260464) (4500 0.000260463) (5000 0.000260462) (5500 0.000260461) (6000 0.000260461) (6500 0.00026046) (7000 0.000260459) (7500 0.000260459) (8000 0.000260458) ))
( 10190 ((4000 0.000261418) (4500 0.000261418) (5000 0.000261417) (5500 0.000261416) (6000 0.000261416) (6500 0.000261415) (7000 0.000261414) (7500 0.000261413) (8000 0.000261413) ))
( 10240 ((4000 0.000262374) (4500 0.000262373) (5000 0.000262372) (5500 0.000262372) (6000 0.000262371) (6500 0.00026237) (7000 0.00026237) (7500 0.000262369) (8000 0.000262368) ))
( 10290 ((4000 0.00026333) (4500 0.000263329) (5000 0.000263329) (5500 0.000263328) (6000 0.000263327) (6500 0.000263327) (7000 0.000263326) (7500 0.000263325) (8000 0.000263325) ))
( 10340 ((4000 0.000264287) (4500 0.000264286) (5000 0.000264286) (5500 0.000264285) (6000 0.000264284) (6500 0.000264284) (7000 0.000264283) (7500 0.000264282) (8000 0.000264282) ))
( 10390 ((4000 0.000265244) (4500 0.000265244) (5000 0.000265243) (5500 0.000265243) (6000 0.000265242) (6500 0.000265241) (7000 0.000265241) (7500 0.00026524) (8000 0.00026524) ))
( 10440 ((4000 0.000266203) (4500 0.000266202) (5000 0.000266202) (5500 0.000266201) (6000 0.0002662) (6500 0.0002662) (7000 0.000266199) (7500 0.000266199) (8000 0.000266198) ))
( 10490 ((4000 0.000267162) (4500 0.000267161) (5000 0.000267161) (5500 0.00026716) (6000 0.00026716) (6500 0.000267159) (7000 0.000267159) (7500 0.000267158) (8000 0.000267158) ))
( 10540 ((4000 0.000268122) (4500 0.000268121) (5000 0.000268121) (5500 0.00026812) (6000 0.00026812) (6500 0.000268119) (7000 0.000268119) (7500 0.000268118) (8000 0.000268118) ))
( 10590 ((4000 0.000269082) (4500 0.000269082) (5000 0.000269082) (5500 0.000269081) (6000 0.000269081) (6500 0.00026908) (7000 0.00026908) (7500 0.000269079) (8000 0.000269079) ))
( 10640 ((4000 0.000270044) (4500 0.000270044) (5000 0.000270043) (5500 0.000270043) (6000 0.000270042) (6500 0.000270042) (7000 0.000270041) (7500 0.000270041) (8000 0.00027004) ))
( 10690 ((4000 0.000271006) (4500 0.000271006) (5000 0.000271006) (5500 0.000271005) (6000 0.000271005) (6500 0.000271004) (7000 0.000271004) (7500 0.000271003) (8000 0.000271003) ))
( 10740 ((4000 0.00027197) (4500 0.000271969) (5000 0.000271969) (5500 0.000271968) (6000 0.000271968) (6500 0.000271967) (7000 0.000271967) (7500 0.000271967) (8000 0.000271966) ))
( 10790 ((4000 0.000272934) (4500 0.000272933) (5000 0.000272933) (5500 0.000272933) (6000 0.000272932) (6500 0.000272932) (7000 0.000272931) (7500 0.000272931) (8000 0.00027293) ))
( 10840 ((4000 0.000273899) (4500 0.000273898) (5000 0.000273898) (5500 0.000273898) (6000 0.000273897) (6500 0.000273897) (7000 0.000273896) (7500 0.000273896) (8000 0.000273896) ))
( 10890 ((4000 0.000274865) (4500 0.000274864) (5000 0.000274864) (5500 0.000274863) (6000 0.000274863) (6500 0.000274863) (7000 0.000274862) (7500 0.000274862) (8000 0.000274862) ))
( 10940 ((4000 0.000275831) (4500 0.000275831) (5000 0.000275831) (5500 0.00027583) (6000 0.00027583) (6500 0.000275829) (7000 0.000275829) (7500 0.000275829) (8000 0.000275828) ))
( 10990 ((4000 0.000276799) (4500 0.000276799) (5000 0.000276798) (5500 0.000276798) (6000 0.000276798) (6500 0.000276797) (7000 0.000276797) (7500 0.000276797) (8000 0.000276796) ))
( 11040 ((4000 0.000277768) (4500 0.000277767) (5000 0.000277767) (5500 0.000277767) (6000 0.000277766) (6500 0.000277766) (7000 0.000277766) (7500 0.000277765) (8000 0.000277765) ))
( 11090 ((4000 0.000278737) (4500 0.000278737) (5000 0.000278737) (5500 0.000278736) (6000 0.000278736) (6500 0.000278736) (7000 0.000278735) (7500 0.000278735) (8000 0.000278735) ))
( 11140 ((4000 0.000279708) (4500 0.000279707) (5000 0.000279707) (5500 0.000279707) (6000 0.000279706) (6500 0.000279706) (7000 0.000279706) (7500 0.000279705) (8000 0.000279705) ))
( 11190 ((4000 0.000280679) (4500 0.000280679) (5000 0.000280679) (5500 0.000280678) (6000 0.000280678) (6500 0.000280678) (7000 0.000280677) (7500 0.000280677) (8000 0.000280677) ))
( 11240 ((4000 0.000281652) (4500 0.000281651) (5000 0.000281651) (5500 0.000281651) (6000 0.00028165) (6500 0.00028165) (7000 0.00028165) (7500 0.00028165) (8000 0.000281649) ))
( 11290 ((4000 0.000282625) (4500 0.000282625) (5000 0.000282624) (5500 0.000282624) (6000 0.000282624) (6500 0.000282624) (7000 0.000282623) (7500 0.000282623) (8000 0.000282623) ))
( 11340 ((4000 0.0002836) (4500 0.000283599) (5000 0.000283599) (5500 0.000283599) (6000 0.000283598) (6500 0.000283598) (7000 0.000283598) (7500 0.000283598) (8000 0.000283597) ))
( 11390 ((4000 0.000284575) (4500 0.000284575) (5000 0.000284574) (5500 0.000284574) (6000 0.000284574) (6500 0.000284574) (7000 0.000284573) (7500 0.000284573) (8000 0.000284573) ))
( 11440 ((4000 0.000285552) (4500 0.000285551) (5000 0.000285551) (5500 0.000285551) (6000 0.000285551) (6500 0.00028555) (7000 0.00028555) (7500 0.00028555) (8000 0.000285549) ))
( 11490 ((4000 0.000286529) (4500 0.000286529) (5000 0.000286529) (5500 0.000286528) (6000 0.000286528) (6500 0.000286528) (7000 0.000286528) (7500 0.000286527) (8000 0.000286527) ))
( 11540 ((4000 0.000287508) (4500 0.000287507) (5000 0.000287507) (5500 0.000287507) (6000 0.000287507) (6500 0.000287507) (7000 0.000287506) (7500 0.000287506) (8000 0.000287506) ))
( 11590 ((4000 0.000288487) (4500 0.000288487) (5000 0.000288487) (5500 0.000288487) (6000 0.000288487) (6500 0.000288486) (7000 0.000288486) (7500 0.000288486) (8000 0.000288486) ))
( 11640 ((4000 0.000289468) (4500 0.000289468) (5000 0.000289468) (5500 0.000289468) (6000 0.000289467) (6500 0.000289467) (7000 0.000289467) (7500 0.000289467) (8000 0.000289466) ))
( 11690 ((4000 0.00029045) (4500 0.00029045) (5000 0.00029045) (5500 0.000290449) (6000 0.000290449) (6500 0.000290449) (7000 0.000290449) (7500 0.000290449) (8000 0.000290448) ))
( 11740 ((4000 0.000291433) (4500 0.000291433) (5000 0.000291433) (5500 0.000291432) (6000 0.000291432) (6500 0.000291432) (7000 0.000291432) (7500 0.000291432) (8000 0.000291431) ))
( 11790 ((4000 0.000292417) (4500 0.000292417) (5000 0.000292417) (5500 0.000292417) (6000 0.000292416) (6500 0.000292416) (7000 0.000292416) (7500 0.000292416) (8000 0.000292416) ))
( 11840 ((4000 0.000293403) (4500 0.000293402) (5000 0.000293402) (5500 0.000293402) (6000 0.000293402) (6500 0.000293402) (7000 0.000293401) (7500 0.000293401) (8000 0.000293401) ))
( 11890 ((4000 0.000294389) (4500 0.000294389) (5000 0.000294389) (5500 0.000294388) (6000 0.000294388) (6500 0.000294388) (7000 0.000294388) (7500 0.000294388) (8000 0.000294387) ))
( 11940 ((4000 0.000295377) (4500 0.000295376) (5000 0.000295376) (5500 0.000295376) (6000 0.000295376) (6500 0.000295376) (7000 0.000295375) (7500 0.000295375) (8000 0.000295375) ))
( 11990 ((4000 0.000296365) (4500 0.000296365) (5000 0.000296365) (5500 0.000296365) (6000 0.000296365) (6500 0.000296364) (7000 0.000296364) (7500 0.000296364) (8000 0.000296364) ))
( 12040 ((4000 0.000297355) (4500 0.000297355) (5000 0.000297355) (5500 0.000297355) (6000 0.000297355) (6500 0.000297354) (7000 0.000297354) (7500 0.000297354) (8000 0.000297354) ))
( 12090 ((4000 0.000298346) (4500 0.000298346) (5000 0.000298346) (5500 0.000298346) (6000 0.000298346) (6500 0.000298346) (7000 0.000298345) (7500 0.000298345) (8000 0.000298345) ))
( 12140 ((4000 0.000299339) (4500 0.000299339) (5000 0.000299338) (5500 0.000299338) (6000 0.000299338) (6500 0.000299338) (7000 0.000299338) (7500 0.000299338) (8000 0.000299337) ))
( 12190 ((4000 0.000300332) (4500 0.000300332) (5000 0.000300332) (5500 0.000300332) (6000 0.000300332) (6500 0.000300332) (7000 0.000300331) (7500 0.000300331) (8000 0.000300331) ))
( 12240 ((4000 0.000301327) (4500 0.000301327) (5000 0.000301327) (5500 0.000301327) (6000 0.000301327) (6500 0.000301326) (7000 0.000301326) (7500 0.000301326) (8000 0.000301326) ))
( 12290 ((4000 0.000302323) (4500 0.000302323) (5000 0.000302323) (5500 0.000302323) (6000 0.000302323) (6500 0.000302323) (7000 0.000302322) (7500 0.000302322) (8000 0.000302322) ))
( 12340 ((4000 0.000303321) (4500 0.00030332) (5000 0.00030332) (5500 0.00030332) (6000 0.00030332) (6500 0.00030332) (7000 0.00030332) (7500 0.00030332) (8000 0.000303319) ))
( 12390 ((4000 0.000304319) (4500 0.000304319) (5000 0.000304319) (5500 0.000304319) (6000 0.000304319) (6500 0.000304319) (7000 0.000304318) (7500 0.000304318) (8000 0.000304318) ))
( 12440 ((4000 0.000305319) (4500 0.000305319) (5000 0.000305319) (5500 0.000305319) (6000 0.000305319) (6500 0.000305318) (7000 0.000305318) (7500 0.000305318) (8000 0.000305318) ))
( 12490 ((4000 0.00030632) (4500 0.00030632) (5000 0.00030632) (5500 0.00030632) (6000 0.00030632) (6500 0.00030632) (7000 0.00030632) (7500 0.000306319) (8000 0.000306319) ))
( 12540 ((4000 0.000307323) (4500 0.000307323) (5000 0.000307323) (5500 0.000307323) (6000 0.000307322) (6500 0.000307322) (7000 0.000307322) (7500 0.000307322) (8000 0.000307322) ))
( 12590 ((4000 0.000308327) (4500 0.000308327) (5000 0.000308327) (5500 0.000308326) (6000 0.000308326) (6500 0.000308326) (7000 0.000308326) (7500 0.000308326) (8000 0.000308326) ))
( 12640 ((4000 0.000309332) (4500 0.000309332) (5000 0.000309332) (5500 0.000309332) (6000 0.000309332) (6500 0.000309331) (7000 0.000309331) (7500 0.000309331) (8000 0.000309331) ))
( 12690 ((4000 0.000310339) (4500 0.000310338) (5000 0.000310338) (5500 0.000310338) (6000 0.000310338) (6500 0.000310338) (7000 0.000310338) (7500 0.000310338) (8000 0.000310338) ))
( 12740 ((4000 0.000311346) (4500 0.000311346) (5000 0.000311346) (5500 0.000311346) (6000 0.000311346) (6500 0.000311346) (7000 0.000311346) (7500 0.000311346) (8000 0.000311346) ))
( 12790 ((4000 0.000312356) (4500 0.000312356) (5000 0.000312356) (5500 0.000312355) (6000 0.000312355) (6500 0.000312355) (7000 0.000312355) (7500 0.000312355) (8000 0.000312355) ))
( 12840 ((4000 0.000313366) (4500 0.000313366) (5000 0.000313366) (5500 0.000313366) (6000 0.000313366) (6500 0.000313366) (7000 0.000313366) (7500 0.000313366) (8000 0.000313366) ))
( 12890 ((4000 0.000314379) (4500 0.000314378) (5000 0.000314378) (5500 0.000314378) (6000 0.000314378) (6500 0.000314378) (7000 0.000314378) (7500 0.000314378) (8000 0.000314378) ))
( 12940 ((4000 0.000315392) (4500 0.000315392) (5000 0.000315392) (5500 0.000315392) (6000 0.000315392) (6500 0.000315392) (7000 0.000315391) (7500 0.000315391) (8000 0.000315391) ))
( 12990 ((4000 0.000316407) (4500 0.000316407) (5000 0.000316407) (5500 0.000316407) (6000 0.000316407) (6500 0.000316406) (7000 0.000316406) (7500 0.000316406) (8000 0.000316406) ))
( 13040 ((4000 0.000317423) (4500 0.000317423) (5000 0.000317423) (5500 0.000317423) (6000 0.000317423) (6500 0.000317423) (7000 0.000317423) (7500 0.000317423) (8000 0.000317423) ))
( 13090 ((4000 0.000318441) (4500 0.000318441) (5000 0.000318441) (5500 0.000318441) (6000 0.000318441) (6500 0.000318441) (7000 0.000318441) (7500 0.00031844) (8000 0.00031844) ))
( 13140 ((4000 0.00031946) (4500 0.00031946) (5000 0.00031946) (5500 0.00031946) (6000 0.00031946) (6500 0.00031946) (7000 0.00031946) (7500 0.00031946) (8000 0.00031946) ))
( 13190 ((4000 0.000320481) (4500 0.000320481) (5000 0.000320481) (5500 0.000320481) (6000 0.000320481) (6500 0.000320481) (7000 0.000320481) (7500 0.000320481) (8000 0.00032048) ))
( 13240 ((4000 0.000321503) (4500 0.000321503) (5000 0.000321503) (5500 0.000321503) (6000 0.000321503) (6500 0.000321503) (7000 0.000321503) (7500 0.000321503) (8000 0.000321503) ))
( 13290 ((4000 0.000322527) (4500 0.000322527) (5000 0.000322527) (5500 0.000322527) (6000 0.000322527) (6500 0.000322527) (7000 0.000322527) (7500 0.000322527) (8000 0.000322526) ))
( 13340 ((4000 0.000323552) (4500 0.000323552) (5000 0.000323552) (5500 0.000323552) (6000 0.000323552) (6500 0.000323552) (7000 0.000323552) (7500 0.000323552) (8000 0.000323552) ))
( 13390 ((4000 0.000324579) (4500 0.000324579) (5000 0.000324579) (5500 0.000324579) (6000 0.000324579) (6500 0.000324579) (7000 0.000324579) (7500 0.000324579) (8000 0.000324579) ))
( 13440 ((4000 0.000325607) (4500 0.000325607) (5000 0.000325607) (5500 0.000325607) (6000 0.000325607) (6500 0.000325607) (7000 0.000325607) (7500 0.000325607) (8000 0.000325607) ))
( 13490 ((4000 0.000326637) (4500 0.000326637) (5000 0.000326637) (5500 0.000326637) (6000 0.000326637) (6500 0.000326637) (7000 0.000326637) (7500 0.000326637) (8000 0.000326637) ))
( 13540 ((4000 0.000327669) (4500 0.000327669) (5000 0.000327669) (5500 0.000327669) (6000 0.000327668) (6500 0.000327668) (7000 0.000327668) (7500 0.000327668) (8000 0.000327668) ))
( 13590 ((4000 0.000328702) (4500 0.000328702) (5000 0.000328702) (5500 0.000328702) (6000 0.000328701) (6500 0.000328701) (7000 0.000328701) (7500 0.000328701) (8000 0.000328701) ))
( 13640 ((4000 0.000329736) (4500 0.000329736) (5000 0.000329736) (5500 0.000329736) (6000 0.000329736) (6500 0.000329736) (7000 0.000329736) (7500 0.000329736) (8000 0.000329736) ))
( 13690 ((4000 0.000330773) (4500 0.000330772) (5000 0.000330772) (5500 0.000330772) (6000 0.000330772) (6500 0.000330772) (7000 0.000330772) (7500 0.000330772) (8000 0.000330772) ))
( 13740 ((4000 0.00033181) (4500 0.00033181) (5000 0.00033181) (5500 0.00033181) (6000 0.00033181) (6500 0.00033181) (7000 0.00033181) (7500 0.00033181) (8000 0.00033181) ))
( 13790 ((4000 0.00033285) (4500 0.00033285) (5000 0.00033285) (5500 0.00033285) (6000 0.000332849) (6500 0.000332849) (7000 0.000332849) (7500 0.000332849) (8000 0.000332849) ))
( 13840 ((4000 0.000333891) (4500 0.000333891) (5000 0.000333891) (5500 0.000333891) (6000 0.000333891) (6500 0.00033389) (7000 0.00033389) (7500 0.00033389) (8000 0.00033389) ))
( 13890 ((4000 0.000334934) (4500 0.000334933) (5000 0.000334933) (5500 0.000334933) (6000 0.000334933) (6500 0.000334933) (7000 0.000334933) (7500 0.000334933) (8000 0.000334933) ))
( 13940 ((4000 0.000335978) (4500 0.000335978) (5000 0.000335978) (5500 0.000335978) (6000 0.000335978) (6500 0.000335978) (7000 0.000335978) (7500 0.000335977) (8000 0.000335977) ))
( 13990 ((4000 0.000337024) (4500 0.000337024) (5000 0.000337024) (5500 0.000337024) (6000 0.000337024) (6500 0.000337024) (7000 0.000337024) (7500 0.000337024) (8000 0.000337023) ))
( 14040 ((4000 0.000338072) (4500 0.000338072) (5000 0.000338072) (5500 0.000338071) (6000 0.000338071) (6500 0.000338071) (7000 0.000338071) (7500 0.000338071) (8000 0.000338071) ))
( 14090 ((4000 0.000339121) (4500 0.000339121) (5000 0.000339121) (5500 0.000339121) (6000 0.000339121) (6500 0.000339121) (7000 0.000339121) (7500 0.000339121) (8000 0.000339121) ))
( 14140 ((4000 0.000340172) (4500 0.000340172) (5000 0.000340172) (5500 0.000340172) (6000 0.000340172) (6500 0.000340172) (7000 0.000340172) (7500 0.000340172) (8000 0.000340172) ))
( 14190 ((4000 0.000341225) (4500 0.000341225) (5000 0.000341225) (5500 0.000341225) (6000 0.000341225) (6500 0.000341225) (7000 0.000341225) (7500 0.000341225) (8000 0.000341225) ))
( 14240 ((4000 0.00034228) (4500 0.00034228) (5000 0.00034228) (5500 0.00034228) (6000 0.000342279) (6500 0.000342279) (7000 0.000342279) (7500 0.000342279) (8000 0.000342279) ))
( 14290 ((4000 0.000343336) (4500 0.000343336) (5000 0.000343336) (5500 0.000343336) (6000 0.000343336) (6500 0.000343336) (7000 0.000343336) (7500 0.000343336) (8000 0.000343336) ))
( 14340 ((4000 0.000344394) (4500 0.000344394) (5000 0.000344394) (5500 0.000344394) (6000 0.000344394) (6500 0.000344394) (7000 0.000344394) (7500 0.000344394) (8000 0.000344394) ))
( 14390 ((4000 0.000345454) (4500 0.000345454) (5000 0.000345454) (5500 0.000345454) (6000 0.000345454) (6500 0.000345454) (7000 0.000345454) (7500 0.000345454) (8000 0.000345454) ))
( 14440 ((4000 0.000346516) (4500 0.000346516) (5000 0.000346516) (5500 0.000346516) (6000 0.000346515) (6500 0.000346515) (7000 0.000346515) (7500 0.000346515) (8000 0.000346515) ))
( 14490 ((4000 0.000347579) (4500 0.000347579) (5000 0.000347579) (5500 0.000347579) (6000 0.000347579) (6500 0.000347579) (7000 0.000347579) (7500 0.000347579) (8000 0.000347579) ))
( 14540 ((4000 0.000348644) (4500 0.000348644) (5000 0.000348644) (5500 0.000348644) (6000 0.000348644) (6500 0.000348644) (7000 0.000348644) (7500 0.000348644) (8000 0.000348644) ))
( 14590 ((4000 0.000349712) (4500 0.000349711) (5000 0.000349711) (5500 0.000349711) (6000 0.000349711) (6500 0.000349711) (7000 0.000349711) (7500 0.000349711) (8000 0.000349711) ))
( 14640 ((4000 0.00035078) (4500 0.00035078) (5000 0.00035078) (5500 0.00035078) (6000 0.00035078) (6500 0.00035078) (7000 0.00035078) (7500 0.00035078) (8000 0.00035078) ))
( 14690 ((4000 0.000351851) (4500 0.000351851) (5000 0.000351851) (5500 0.000351851) (6000 0.000351851) (6500 0.000351851) (7000 0.000351851) (7500 0.000351851) (8000 0.000351851) ))
( 14740 ((4000 0.000352924) (4500 0.000352924) (5000 0.000352924) (5500 0.000352924) (6000 0.000352924) (6500 0.000352924) (7000 0.000352924) (7500 0.000352924) (8000 0.000352924) ))
( 14790 ((4000 0.000353998) (4500 0.000353998) (5000 0.000353998) (5500 0.000353998) (6000 0.000353998) (6500 0.000353998) (7000 0.000353998) (7500 0.000353998) (8000 0.000353998) ))
( 14840 ((4000 0.000355075) (4500 0.000355075) (5000 0.000355075) (5500 0.000355075) (6000 0.000355075) (6500 0.000355075) (7000 0.000355075) (7500 0.000355075) (8000 0.000355075) ))
( 14890 ((4000 0.000356153) (4500 0.000356153) (5000 0.000356153) (5500 0.000356153) (6000 0.000356153) (6500 0.000356153) (7000 0.000356153) (7500 0.000356153) (8000 0.000356153) ))
( 14940 ((4000 0.000357233) (4500 0.000357233) (5000 0.000357233) (5500 0.000357233) (6000 0.000357233) (6500 0.000357233) (7000 0.000357233) (7500 0.000357233) (8000 0.000357233) ))
( 14990 ((4000 0.000358316) (4500 0.000358316) (5000 0.000358315) (5500 0.000358315) (6000 0.000358315) (6500 0.000358315) (7000 0.000358315) (7500 0.000358315) (8000 0.000358315) ))
)