/*--------------------------------*- C++ -*----------------------------------*\
  =========                 |
  \\      /  F ield         | OpenFOAM: The Open Source CFD Toolbox
   \\    /   O peration     | Website:  https://openfoam.org
    \\  /    A nd           | Version:  7
     \\/     M anipulation  |
\*---------------------------------------------------------------------------*/
FoamFile {
  version     2.0;
  format      ascii;
  class       volVectorField;
  location    "3600/porousMat";
  object      U;
}
// * * * * * * * * * * * * * * * * * * * * * * * * * * * * * * * * * * * * * //

dimensions      [0 1 -1 0 0 0 0];

internalField   nonuniform List<vector>
1290
(
    (-2.1628724148e-08 0 -0.0509262908688)
    (-5.64063291849e-08 0 -0.0509273327468)
    (-1.09876520433e-07 0 -0.0509295782646)
    (-1.88633252881e-07 0 -0.0509330031738)
    (-2.9855527314e-07 -4.58597042158e-11 -0.0509376846015)
    (-4.43564239641e-07 0 -0.0509437207197)
    (-6.25368337666e-07 0 -0.0509512046177)
    (-8.43820638321e-07 0 -0.0509602072699)
    (-1.09702174762e-06 0 -0.0509707680028)
    (-1.38137278562e-06 0 -0.0509828885412)
    (-1.69209031928e-06 0 -0.0509965323685)
    (-2.02326131285e-06 0 -0.0510116255284)
    (-2.36853974745e-06 0 -0.0510280610993)
    (-2.72130556217e-06 0 -0.0510457049254)
    (-3.07536756583e-06 0 -0.0510644020457)
    (-3.42482810772e-06 0 -0.0510839838588)
    (-3.76479302862e-06 0 -0.0511042747643)
    (-4.0915191857e-06 0 -0.051125099219)
    (-4.40212202322e-06 0 -0.0511462862854)
    (-4.69464671263e-06 0 -0.0511676739178)
    (-4.96842988246e-06 0 -0.05118911212)
    (-5.2238604764e-06 -1.73806488768e-11 -0.0512104656194)
    (-5.46201273342e-06 0 -0.0512316147602)
    (-5.68508632964e-06 0 -0.0512524563669)
    (-5.89600764425e-06 0 -0.0512729037773)
    (-6.09816989712e-06 1.96628617594e-11 -0.0512928862688)
    (-6.29629471418e-06 2.03529466463e-11 -0.051312348177)
    (-6.49574064213e-06 0 -0.0513312484382)
    (-6.70371171579e-06 0 -0.0513495594408)
    (-6.9287475339e-06 0 -0.0513672665519)
    (-7.18254829935e-06 0 -0.0513843677818)
    (-7.48073303052e-06 0 -0.0514008746191)
    (-7.84521833043e-06 0 -0.0514168144188)
    (-8.30591346504e-06 0 -0.0514322379552)
    (-8.90255090102e-06 0 -0.0514472344334)
    (-9.68595086987e-06 0 -0.0514619637668)
    (-1.07084221354e-05 0 -0.0514767177207)
    (-1.20000397918e-05 0 -0.0514920241418)
    (-1.35041435443e-05 0 -0.0515088052742)
    (-1.49398066744e-05 0 -0.051528579971)
    (-1.55429272959e-05 0 -0.051553647775)
    (-1.36203534202e-05 0 -0.051587107098)
    (-5.86388806546e-06 0 -0.0516324274205)
    (-6.31737302172e-08 0 -0.0510768872002)
    (-1.65387721012e-07 -1.08852469609e-10 -0.0510779175181)
    (-3.22826440123e-07 7.04918940139e-11 -0.0510801386153)
    (-5.55602352099e-07 -5.43881701433e-11 -0.0510835279834)
    (-8.81208493976e-07 -9.13980403831e-11 -0.0510881634274)
    (-1.3109747729e-06 -4.03904258952e-11 -0.0510941437427)
    (-1.85021650929e-06 0 -0.0511015628482)
    (-2.49847988681e-06 0 -0.0511104928282)
    (-3.24994548141e-06 0 -0.0511209740812)
    (-4.09392775029e-06 0 -0.0511330101421)
    (-5.01604399998e-06 0 -0.0511465655586)
    (-5.99870357451e-06 0 -0.0511615682242)
    (-7.02287024834e-06 -1.51820772264e-11 -0.0511779125792)
    (-8.06873088832e-06 0 -0.05119546543)
    (-9.11737078351e-06 0 -0.0512140725865)
    (-1.01510934005e-05 0 -0.0512335655417)
    (-1.11553354481e-05 0 -0.0512537685398)
    (-1.21180724433e-05 0 -0.0512745054104)
    (-1.30303186858e-05 0 -0.0512956041198)
    (-1.38861145876e-05 0 -0.0513169011529)
    (-1.46827188875e-05 0 -0.0513382448293)
    (-1.5420198628e-05 0 -0.0513594975038)
    (-1.6101627499e-05 0 -0.0513805371183)
    (-1.67318465694e-05 0 -0.0514012577119)
    (-1.73181960235e-05 0 -0.0514215691541)
    (-1.78698450244e-05 0 -0.0514413969709)
    (-1.83976688923e-05 -2.02825559752e-11 -0.0514606812385)
    (-1.89143257234e-05 -1.05099570868e-11 -0.0514793749759)
    (-1.94350216518e-05 0 -0.0514974433695)
    (-1.99773802765e-05 0 -0.051514861831)
    (-2.05622739409e-05 0 -0.0515316154025)
    (-2.1215397037e-05 0 -0.0515476970472)
    (-2.19668889847e-05 0 -0.0515631099247)
    (-2.28534378027e-05 0 -0.0515778720074)
    (-2.39139971105e-05 0 -0.0515920338535)
    (-2.51880044804e-05 0 -0.0516057192366)
    (-2.6695108258e-05 0 -0.051619214728)
    (-2.83963173308e-05 0 -0.051633146399)
    (-3.00992105639e-05 0 -0.051648798917)
    (-3.1267385944e-05 0 -0.0516686376572)
    (-3.06372260441e-05 0 -0.0516970704566)
    (-2.55321028431e-05 0 -0.0517414023093)
    (-1.06972634516e-05 0 -0.0518127681543)
    (-9.74939705019e-08 0 -0.0513788660158)
    (-2.57201308686e-07 0 -0.0513798745921)
    (-5.0696105039e-07 0 -0.0513820502672)
    (-8.80537042213e-07 0 -0.0513853735445)
    (-1.40667842083e-06 -4.55262439208e-11 -0.0513899233427)
    (-2.10406688251e-06 4.02377447789e-11 -0.0513958002478)
    (-2.98142772875e-06 0 -0.0514030995181)
    (-4.03814420777e-06 0 -0.0514118954838)
    (-5.26466010113e-06 0 -0.0514222310391)
    (-6.64349841256e-06 0 -0.0514341123726)
    (-8.15086782932e-06 0 -0.0514475073963)
    (-9.75804187706e-06 0 -0.051462346685)
    (-1.14329100051e-05 0 -0.0514785274539)
    (-1.31428806561e-05 0 -0.051495918859)
    (-1.48556793698e-05 1.51681760283e-11 -0.0515143677168)
    (-1.65419197509e-05 0 -0.0515337062069)
    (-1.81764023328e-05 0 -0.0515537579672)
    (-1.97385764231e-05 0 -0.0515743456622)
    (-2.1212100363e-05 0 -0.0515952954822)
    (-2.25861169e-05 0 -0.0516164411906)
    (-2.38542794954e-05 0 -0.05163762772)
    (-2.50153854917e-05 0 -0.0516587134897)
    (-2.6071798112e-05 1.7752129487e-11 -0.0516795720687)
    (-2.70296016352e-05 0 -0.0517000927079)
    (-2.78977740558e-05 9.44248317718e-12 -0.0517201803418)
    (-2.86874055763e-05 0 -0.0517397546661)
    (-2.94111195829e-05 0 -0.051758749373)
    (-3.00832334444e-05 -1.04711036632e-11 -0.0517771107587)
    (-3.07185250134e-05 0 -0.0517947957212)
    (-3.13323727658e-05 0 -0.0518117705307)
    (-3.19403336218e-05 0 -0.051828008945)
    (-3.25563109734e-05 0 -0.0518434919544)
    (-3.31926741073e-05 0 -0.0518582086822)
    (-3.38558911875e-05 1.32416119904e-11 -0.0518721630799)
    (-3.45432035198e-05 0 -0.0518853939874)
    (-3.52324385372e-05 0 -0.0518980213402)
    (-3.58660371614e-05 0 -0.0519103483677)
    (-3.63175208405e-05 0 -0.051923068621)
    (-3.63279652819e-05 0 -0.0519376568022)
    (-3.53738393337e-05 0 -0.0519570591157)
    (-3.2413382031e-05 0 -0.0519868282241)
    (-2.53823607151e-05 9.41632692377e-12 -0.0520368537229)
    (-1.02474838128e-05 0 -0.0521237875893)
    (-1.18357784041e-07 0 -0.0517299701157)
    (-3.17484376284e-07 1.07886968408e-10 -0.051730941115)
    (-6.3853768539e-07 6.98666687153e-11 -0.0517330381428)
    (-1.12939742872e-06 -5.39058079878e-11 -0.0517362467565)
    (-1.82970093381e-06 0 -0.0517406484421)
    (-2.76526574086e-06 -4.00322940658e-11 -0.0517463459962)
    (-3.94843381463e-06 0 -0.0517534376041)
    (-5.37862969226e-06 0 -0.0517620012319)
    (-7.04308131211e-06 0 -0.0517720839577)
    (-8.91830224765e-06 0 -0.0517836972382)
    (-1.09714360185e-05 -3.07729214269e-11 -0.0517968141565)
    (-1.31629700174e-05 0 -0.0518113707722)
    (-1.54487453974e-05 0 -0.0518272694581)
    (-1.77827443973e-05 0 -0.0518443835165)
    (-2.01196794345e-05 0 -0.0518625633642)
    (-2.2417687908e-05 0 -0.0518816427695)
    (-2.46403673306e-05 -1.54150689941e-11 -0.0519014455463)
    (-2.67578325599e-05 0 -0.051921794318)
    (-2.87457210183e-05 1.5967345677e-11 -0.0519425137855)
    (-3.05862664198e-05 0 -0.0519634350429)
    (-3.22684157833e-05 0 -0.05198439943)
    (-3.37878222351e-05 0 -0.0520052611908)
    (-3.51447479278e-05 0 -0.052025889426)
    (-3.63445389812e-05 1.82030776306e-11 -0.0520461686059)
    (-3.73951456491e-05 1.8790028573e-11 -0.0520659988199)
    (-3.83076831162e-05 0 -0.052085295248)
    (-3.9094342943e-05 1.00530789227e-11 -0.0521039872587)
    (-3.97672093925e-05 0 -0.0521220167698)
    (-4.03385836297e-05 0 -0.0521393374077)
    (-4.08194101599e-05 0 -0.0521559127443)
    (-4.12187786095e-05 0 -0.0521717153627)
    (-4.154249118e-05 0 -0.0521867272485)
    (-4.17934566795e-05 -1.26441898376e-11 -0.0522009423298)
    (-4.19683000245e-05 0 -0.0522143763952)
    (-4.20566239046e-05 0 -0.0522270915689)
    (-4.20346536253e-05 0 -0.0522392539644)
    (-4.18508275058e-05 0 -0.0522512570141)
    (-4.1396633457e-05 0 -0.0522639713724)
    (-4.04400734204e-05 0 -0.0522792191649)
    (-3.84922433103e-05 0 -0.0523006250178)
    (-3.45416716505e-05 0 -0.052335057045)
    (-2.65608866126e-05 0 -0.0523949442429)
    (-1.06092390277e-05 -9.83269231909e-12 -0.0525018334178)
    (-1.21368987931e-07 0 -0.0521608218642)
    (-3.35600017791e-07 1.07246150928e-10 -0.0521617447201)
    (-6.99882136126e-07 0 -0.052163740869)
    (-1.27690275446e-06 -5.35856606299e-11 -0.0521668023068)
    (-2.11674202502e-06 0 -0.0521710140048)
    (-3.25215682253e-06 0 -0.0521764817041)
    (-4.69927676888e-06 0 -0.0521833075644)
    (-6.45807732821e-06 0 -0.0521915740045)
    (-8.51345294025e-06 0 -0.0522013343753)
    (-1.08364104424e-05 1.56626096439e-11 -0.0522126065507)
    (-1.33862636828e-05 -1.52952636238e-11 -0.0522253710041)
    (-1.61134519279e-05 0 -0.0522395712689)
    (-1.89620461559e-05 2.9917532379e-11 -0.0522551167502)
    (-2.18732489251e-05 0 -0.0522718870045)
    (-2.47884317402e-05 0 -0.0522897376319)
    (-2.76525178834e-05 0 -0.0523085054249)
    (-3.04176690973e-05 -1.53241453906e-11 -0.0523280148014)
    (-3.30435614586e-05 0 -0.0523480892413)
    (-3.54964598638e-05 0 -0.0523685524762)
    (-3.77507638351e-05 0 -0.052389232865)
    (-3.97889573423e-05 0 -0.052409968202)
    (-4.16018819508e-05 0 -0.0524306085047)
    (-4.3186875468e-05 0 -0.0524510182811)
    (-4.45464831294e-05 0 -0.0524710774685)
    (-4.56877912854e-05 0 -0.0524906822684)
    (-4.66204456422e-05 0 -0.0525097444506)
    (-4.73554987198e-05 9.99456008078e-12 -0.0525281906556)
    (-4.79043240335e-05 0 -0.0525459617753)
    (-4.82774503417e-05 0 -0.0525630115652)
    (-4.84839821128e-05 0 -0.0525793054487)
    (-4.85306779036e-05 0 -0.0525948201386)
    (-4.8421141081e-05 0 -0.0526095437433)
    (-4.81559637643e-05 0 -0.0526234793866)
    (-4.77301850697e-05 0 -0.052636655359)
    (-4.71332462481e-05 0 -0.0526491516819)
    (-4.63419786672e-05 0 -0.0526611620338)
    (-4.53098673108e-05 0 -0.052673130759)
    (-4.39397818388e-05 0 -0.052686033669)
    (-4.20263696247e-05 0 -0.0527019264363)
    (-3.91366350678e-05 0 -0.0527249541821)
    (-3.43730363567e-05 0 -0.0527631150257)
    (-2.59229727423e-05 0 -0.0528311985251)
    (-1.02355224619e-05 -9.7824016189e-12 -0.0529555127786)
    (-1.01814894036e-07 0 -0.0526541041612)
    (-3.00843785184e-07 0 -0.0526549674684)
    (-6.73123792211e-07 0 -0.0526568388679)
    (-1.2973427148e-06 -5.32189946051e-11 -0.0526597182663)
    (-2.23338708894e-06 -4.47167345512e-11 -0.0526636943729)
    (-3.52073939513e-06 0 -0.0526688768039)
    (-5.17967228177e-06 3.61210701232e-11 -0.052675371876)
    (-7.21134593417e-06 3.3807436408e-11 -0.0526832681076)
    (-9.59924515653e-06 0 -0.0526926256778)
    (-1.23102326708e-05 0 -0.0527034712388)
    (-1.52969478247e-05 -3.03816117329e-11 -0.0527157944671)
    (-1.85007713002e-05 1.496742828e-11 -0.0527295484867)
    (-2.18551676975e-05 0 -0.0527446520118)
    (-2.52890837698e-05 0 -0.0527609934395)
    (-2.87307157774e-05 1.4899696388e-11 -0.0527784355842)
    (-3.211108573e-05 1.5029186564e-11 -0.0527968211281)
    (-3.53704148324e-05 0 -0.0528159756651)
    (-3.84577316384e-05 0 -0.0528357253297)
    (-4.13282686253e-05 0 -0.0528558940825)
    (-4.39470335202e-05 0 -0.0528763083541)
    (-4.62894741405e-05 0 -0.0528968025242)
    (-4.83401846181e-05 0 -0.0529172229592)
    (-5.00925032333e-05 0 -0.0529374300237)
    (-5.1546543261e-05 0 -0.0529572999108)
    (-5.27076833555e-05 0 -0.0529767254023)
    (-5.3585006694e-05 9.59054034643e-12 -0.0529956156541)
    (-5.41899384343e-05 0 -0.0530138963507)
    (-5.45351636073e-05 0 -0.0530315084251)
    (-5.46326825925e-05 0 -0.053048407247)
    (-5.44937187586e-05 0 -0.0530645617261)
    (-5.41287850403e-05 0 -0.0530799537785)
    (-5.35455528703e-05 0 -0.0530945783989)
    (-5.27497149686e-05 0 -0.0531084475906)
    (-5.17446472575e-05 0 -0.0531216013516)
    (-5.05277453346e-05 0 -0.0531341367344)
    (-4.9087477827e-05 0 -0.053146276541)
    (-4.73903211457e-05 0 -0.0531585202781)
    (-4.53547166279e-05 -1.54457660227e-11 -0.0531719591754)
    (-4.27944653922e-05 1.61460331172e-11 -0.0531888937661)
    (-3.93077355502e-05 -8.44445858624e-12 -0.0532139888748)
    (-3.40569116517e-05 8.83989503274e-12 -0.0532563250529)
    (-2.53591788046e-05 0 -0.0533329009565)
    (-9.93391622047e-06 9.72357582816e-12 -0.0534744431999)
    (-5.62417577897e-08 0 -0.0532105300107)
    (-2.04993384089e-07 0 -0.0532113252502)
    (-5.44578632151e-07 -6.84509483268e-11 -0.0532130536281)
    (-1.17087047056e-06 0 -0.0532157238632)
    (-2.15287850625e-06 0 -0.0532194289442)
    (-3.53666697083e-06 0 -0.0532242821538)
    (-5.34682913769e-06 0 -0.0532303948498)
    (-7.58677097771e-06 0 -0.0532378619514)
    (-1.02396848134e-05 0 -0.0532467520448)
    (-1.32697704289e-05 0 -0.0532571013594)
    (-1.66244831351e-05 0 -0.0532689108001)
    (-2.02379049696e-05 0 -0.0532821449191)
    (-2.40338777852e-05 0 -0.0532967340419)
    (-2.79305790129e-05 0 -0.0533125774972)
    (-3.18437117937e-05 0 -0.0533295485096)
    (-3.56900978559e-05 0 -0.0533474985623)
    (-3.93972505583e-05 0 -0.0533662561936)
    (-4.29026651455e-05 0 -0.0533856521121)
    (-4.61497967218e-05 0 -0.0534055112642)
    (-4.90928706699e-05 0 -0.0534256586518)
    (-5.16991026081e-05 -1.63857210567e-11 -0.0534459259148)
    (-5.39468114506e-05 0 -0.0534661560846)
    (-5.5824527334e-05 0 -0.0534862057559)
    (-5.73295128954e-05 0 -0.0535059473771)
    (-5.84662023286e-05 0 -0.0535252702306)
    (-5.92442549404e-05 1.90375626859e-11 -0.0535440810167)
    (-5.96772420951e-05 1.97066236787e-11 -0.0535623038544)
    (-5.97807306273e-05 0 -0.0535798791311)
    (-5.95717461298e-05 0 -0.0535967632914)
    (-5.9067600778e-05 0 -0.0536129273584)
    (-5.82849308504e-05 0 -0.0536283562599)
    (-5.72396986119e-05 0 -0.0536430493061)
    (-5.59456868366e-05 0 -0.0536570236204)
    (-5.44154169952e-05 0 -0.0536703259942)
    (-5.26558617522e-05 0 -0.053683064086)
    (-5.06642908427e-05 0 -0.0536954810912)
    (-4.84167594835e-05 0 -0.0537081211964)
    (-4.58416007305e-05 -1.53321575903e-11 -0.0537221759964)
    (-4.27683429314e-05 0 -0.0537401713776)
    (-3.88237368046e-05 0 -0.0537672597758)
    (-3.32350799873e-05 0 -0.053813547204)
    (-2.44593928953e-05 0 -0.0538981246609)
    (-9.51100962016e-06 0 -0.0540558955278)
    (1.80407810729e-08 0 -0.0538247195398)
    (-4.12658026906e-08 -1.04818676464e-10 -0.0538254393374)
    (-3.02824283945e-07 0 -0.0538270088942)
    (-8.80728801015e-07 0 -0.0538294466063)
    (-1.85232013804e-06 4.40058772387e-11 -0.0538328491795)
    (-3.26988204475e-06 0 -0.0538373337232)
    (-5.16295849675e-06 0 -0.0538430165397)
    (-7.53790234049e-06 0 -0.05384999938)
    (-1.03791592166e-05 0 -0.053858359678)
    (-1.36500836501e-05 0 -0.0538681445769)
    (-1.72947550246e-05 0 -0.0538793674263)
    (-2.12417481491e-05 0 -0.0538920062426)
    (-2.54074885506e-05 0 -0.0539060049571)
    (-2.97007873225e-05 0 -0.0539212761429)
    (-3.4027245657e-05 1.46639241905e-11 -0.0539377058206)
    (-3.82904115033e-05 0 -0.0539551587171)
    (-4.24034644154e-05 -1.49796066502e-11 -0.0539734733452)
    (-4.62900426897e-05 0 -0.0539924844886)
    (-4.98804821658e-05 0 -0.0540120172496)
    (-5.31186002877e-05 0 -0.054031895707)
    (-5.59628147909e-05 0 -0.0540519501969)
    (-5.83842387114e-05 0 -0.0540720208537)
    (-6.03663274771e-05 0 -0.0540919605121)
    (-6.19036233946e-05 0 -0.0541116377126)
    (-6.29994824868e-05 0 -0.0541309374565)
    (-6.36649540207e-05 -9.44073681556e-12 -0.0541497628343)
    (-6.39168637476e-05 -1.95452610271e-11 -0.054168034632)
    (-6.37757508594e-05 0 -0.0541856912067)
    (-6.3265377472e-05 0 -0.0542026875991)
    (-6.24102983854e-05 0 -0.0542189940814)
    (-6.12368353045e-05 0 -0.0542345957855)
    (-5.97699424062e-05 0 -0.0542494927581)
    (-5.80344382894e-05 0 -0.0542637039935)
    (-5.60520405622e-05 0 -0.0542772799356)
    (-5.38409679653e-05 0 -0.0542903367016)
    (-5.14079402488e-05 0 -0.054303136924)
    (-4.87370324915e-05 -1.45570062418e-11 -0.0543162706461)
    (-4.57660038598e-05 0 -0.054331033041)
    (-4.23332371977e-05 0 -0.0543501755196)
    (-3.80844959064e-05 1.663120887e-11 -0.0543793269809)
    (-3.22928068924e-05 0 -0.0544295712963)
    (-2.3533876683e-05 0 -0.0545219656218)
    (-9.09113482262e-06 0 -0.0546953108887)
    (1.23259083258e-07 0 -0.0544936872062)
    (1.95155402716e-07 -1.03875131186e-10 -0.0544943298419)
    (6.05376584683e-08 0 -0.0544957366615)
    (-4.14300435167e-07 0 -0.0544979350327)
    (-1.31389305869e-06 4.36098215947e-11 -0.0545010255285)
    (-2.6966177138e-06 0 -0.0545051284174)
    (-4.59711245392e-06 0 -0.0545103645851)
    (-7.02592431886e-06 0 -0.0545168428086)
    (-9.97014641256e-06 0 -0.0545246495565)
    (-1.33943666574e-05 1.51710180296e-11 -0.0545338435709)
    (-1.72416711554e-05 0 -0.0545444517287)
    (-2.14370970679e-05 0 -0.0545564668077)
    (-2.58920615723e-05 0 -0.054569847831)
    (-3.05082209565e-05 0 -0.0545845222041)
    (-3.51841529082e-05 0 -0.0546003891231)
    (-3.9819710465e-05 0 -0.0546173254443)
    (-4.43075178958e-05 -1.48456481326e-11 -0.0546351677677)
    (-4.85455881906e-05 0 -0.0546537661637)
    (-5.24542232711e-05 0 -0.0546729550924)
    (-5.59695075266e-05 0 -0.0546925614094)
    (-5.90408125053e-05 0 -0.054712415741)
    (-6.16313461471e-05 0 -0.0547323560814)
    (-6.37187636333e-05 0 -0.0547522320078)
    (-6.52937433513e-05 -1.75362629648e-11 -0.0547719068873)
    (-6.63585151666e-05 0 -0.0547912607102)
    (-6.69255127475e-05 0 -0.0548101907468)
    (-6.70148650218e-05 0 -0.0548286125531)
    (-6.66529408589e-05 0 -0.0548464595195)
    (-6.5870318931e-05 0 -0.0548636820553)
    (-6.47001769858e-05 0 -0.0548802465685)
    (-6.31780477224e-05 0 -0.0548961348464)
    (-6.13389248911e-05 0 -0.0549113439736)
    (-5.92181314884e-05 0 -0.0549258909265)
    (-5.68478362212e-05 0 -0.0549398263365)
    (-5.42559953081e-05 0 -0.0549532708612)
    (-5.14594076733e-05 0 -0.0549665036672)
    (-4.84530557571e-05 -1.4429890939e-11 -0.0549801577048)
    (-4.51842071216e-05 1.50758021205e-11 -0.0549956304218)
    (-4.15034557094e-05 0 -0.0550158987147)
    (-3.70719188443e-05 0 -0.0550470631509)
    (-3.11969110819e-05 0 -0.0551011561612)
    (-2.25493153332e-05 0 -0.0552010967414)
    (-8.66075156866e-06 0 -0.0553893219928)
    (2.58404109939e-07 0 -0.0552124803718)
    (5.02392985794e-07 -1.02878231918e-10 -0.0552130473678)
    (5.42774734519e-07 0 -0.0552142940743)
    (2.25246543038e-07 0 -0.0552162561439)
    (-5.41014650568e-07 0 -0.0552190368955)
    (-1.81968181449e-06 0 -0.0552227594552)
    (-3.65115691178e-06 0 -0.0552275483331)
    (-6.05104244476e-06 3.26547660716e-11 -0.0552335188763)
    (-9.01095394581e-06 0 -0.0552407663603)
    (-1.24987577213e-05 0 -0.0552493614392)
    (-1.6458801254e-05 0 -0.0552593448415)
    (-2.08157155725e-05 0 -0.0552707252517)
    (-2.54773691675e-05 0 -0.0552834782196)
    (-3.03402153623e-05 0 -0.0552975472401)
    (-3.52950982659e-05 0 -0.0553128453162)
    (-4.02366009556e-05 0 -0.0553292593178)
    (-4.50427426447e-05 0 -0.0553466382567)
    (-4.959286819e-05 0 -0.0553648420954)
    (-5.3797218434e-05 0 -0.0553837160092)
    (-5.75808079214e-05 0 -0.0554030934553)
    (-6.08816049794e-05 -1.59527877481e-11 -0.0554228070678)
    (-6.36536503327e-05 0 -0.0554426936604)
    (-6.58669762893e-05 0 -0.0554625987133)
    (-6.75070759522e-05 0 -0.0554823800027)
    (-6.85742038038e-05 0 -0.0555019104079)
    (-6.90805151143e-05 9.26885850649e-12 -0.0555210795374)
    (-6.90493437606e-05 1.91898655872e-11 -0.0555397947546)
    (-6.8511341957e-05 0 -0.0555579814012)
    (-6.75039013873e-05 0 -0.0555755820117)
    (-6.6067906151e-05 0 -0.0555925558107)
    (-6.42475426454e-05 0 -0.0556088776206)
    (-6.20869824324e-05 0 -0.0556245387543)
    (-5.96297880385e-05 0 -0.0556395513106)
    (-5.69183572804e-05 0 -0.055653963125)
    (-5.39881915286e-05 0 -0.055667897436)
    (-5.08649782932e-05 0 -0.0556816469431)
    (-4.75541108491e-05 0 -0.0556958852832)
    (-4.40180332494e-05 -7.46769041526e-12 -0.055712109437)
    (-4.01318324438e-05 0 -0.0557335210605)
    (-3.55944265478e-05 0 -0.0557666939053)
    (-2.97675736196e-05 0 -0.0558245996131)
    (-2.14004231238e-05 0 -0.0559319266281)
    (-8.19234333444e-06 0 -0.0561344726179)
    (4.20562876393e-07 0 -0.0559768052015)
    (8.73688138726e-07 -1.0183884006e-10 -0.0559772966098)
    (1.13304668605e-06 0 -0.0559783830344)
    (1.02315469947e-06 0 -0.0559801068547)
    (4.48014610912e-07 4.2754967834e-11 -0.0559825730644)
    (-6.60947248463e-07 0 -0.0559859062688)
    (-2.35001009281e-06 0 -0.0559902334162)
    (-4.6410686736e-06 0 -0.0559956755529)
    (-7.53159442613e-06 0 -0.0560023359552)
    (-1.09952298594e-05 2.97476856068e-11 -0.0560102961884)
    (-1.49805285592e-05 0 -0.0560196115638)
    (-1.94138071316e-05 0 -0.0560303072562)
    (-2.42027852425e-05 0 -0.0560423770165)
    (-2.92397480682e-05 0 -0.0560557826978)
    (-3.44063051323e-05 1.42485530201e-11 -0.056070455334)
    (-3.95772743669e-05 0 -0.0560862955542)
    (-4.46321562189e-05 -1.45560042972e-11 -0.0561032043058)
    (-4.94574737611e-05 0 -0.0561210320686)
    (-5.39460408426e-05 0 -0.0561396236184)
    (-5.80045306532e-05 0 -0.056158819967)
    (-6.15568040643e-05 0 -0.0561784567649)
    (-6.45447987963e-05 0 -0.0561983697769)
    (-6.69289624913e-05 0 -0.0562184004932)
    (-6.86881938257e-05 -1.71967612772e-11 -0.0562384002892)
    (-6.98178238515e-05 0 -0.0562582332132)
    (-7.03286235934e-05 0 -0.056277779078)
    (-7.02443540831e-05 0 -0.0562969343993)
    (-6.95990509287e-05 0 -0.0563156133434)
    (-6.84349104501e-05 0 -0.0563337476587)
    (-6.67994437279e-05 0 -0.0563512859408)
    (-6.47440180635e-05 0 -0.0563681936869)
    (-6.2320708078e-05 0 -0.0563844536903)
    (-5.95811329513e-05 0 -0.0564000714866)
    (-5.65732908737e-05 0 -0.0564150913727)
    (-5.33393776289e-05 0 -0.0564296381221)
    (-4.99095706359e-05 0 -0.0564440171818)
    (-4.62940591866e-05 -7.07718972478e-12 -0.0564589383872)
    (-4.24644618193e-05 7.39415519264e-12 -0.0564759879227)
    (-3.83190977453e-05 0 -0.0564985715485)
    (-3.36118226831e-05 0 -0.056533711599)
    (-2.78105337379e-05 0 -0.0565953263712)
    (-1.98276497346e-05 0 -0.0567098973146)
    (-7.55888646106e-06 0 -0.0569263907826)
    (6.08933880358e-07 0 -0.0567836759516)
    (1.30720320232e-06 -1.00765797551e-10 -0.0567840968511)
    (1.82905730584e-06 -6.52551612117e-11 -0.0567850335863)
    (1.9774274828e-06 -5.03479286013e-11 -0.0567865329798)
    (1.65221487913e-06 4.23044849308e-11 -0.0567886999387)
    (7.80889315412e-07 0 -0.0567916592528)
    (-6.8886867788e-07 0 -0.0567955386668)
    (-2.78618763813e-06 3.19844065067e-11 -0.0568004632854)
    (-5.51585791739e-06 0 -0.0568065432508)
    (-8.85966714608e-06 0 -0.056813869975)
    (-1.27732170713e-05 -1.43724119993e-11 -0.0568225123089)
    (-1.71882606044e-05 2.83228792723e-11 -0.0568325122749)
    (-2.2015313024e-05 0 -0.056843882598)
    (-2.71471664671e-05 0 -0.0568566058716)
    (-3.24620938062e-05 1.40988703362e-11 -0.0568706349875)
    (-3.7827179709e-05 0 -0.0568858947077)
    (-4.3116793481e-05 0 -0.0569022759481)
    (-4.82122669019e-05 0 -0.0569196631784)
    (-5.29932051483e-05 0 -0.056937920636)
    (-5.73516566776e-05 0 -0.0569568965196)
    (-6.11971638563e-05 0 -0.0569764305186)
    (-6.44585502199e-05 0 -0.0569963592266)
    (-6.70845436057e-05 0 -0.0570165212301)
    (-6.90439551235e-05 -1.70175298827e-11 -0.057036761011)
    (-7.03249035888e-05 0 -0.0570569337625)
    (-7.09335486633e-05 1.81621042031e-11 -0.0570769076408)
    (-7.08913842159e-05 1.88014518569e-11 -0.0570965662548)
    (-7.02332521268e-05 0 -0.057115810082)
    (-6.90041939057e-05 0 -0.057134557137)
    (-6.72564872855e-05 0 -0.0571527427849)
    (-6.50479337394e-05 0 -0.0571703200802)
    (-6.24374998998e-05 0 -0.057187261086)
    (-5.94852664721e-05 0 -0.0572035630069)
    (-5.62466951308e-05 0 -0.0572192658617)
    (-5.27707738925e-05 0 -0.0572344968775)
    (-4.90931060365e-05 0 -0.0572495755855)
    (-4.52272628434e-05 0 -0.0572652495339)
    (-4.11472390755e-05 0 -0.0572831889074)
    (-3.67567312342e-05 1.53012832862e-11 -0.0573069778477)
    (-3.18326024624e-05 -8.00411160012e-12 -0.0573440092311)
    (-2.59249745079e-05 0 -0.0574089693516)
    (-1.81572180599e-05 0 -0.0575300591373)
    (-6.83660760402e-06 9.23825943205e-12 -0.0577598341453)
    (8.21625118941e-07 0 -0.0576298310908)
    (1.79860289033e-06 -9.96635344498e-11 -0.0576301857499)
    (2.62409727933e-06 0 -0.0576309819729)
    (3.07978942858e-06 0 -0.0576322684049)
    (3.06275755915e-06 0 -0.0576341475764)
    (2.497593576e-06 0 -0.0576367425293)
    (1.3257976954e-06 0 -0.0576401793231)
    (-4.89366675392e-07 3.16345473164e-11 -0.0576445855297)
    (-2.96146932542e-06 0 -0.0576500763595)
    (-6.0823979276e-06 0 -0.0576567510285)
    (-9.81835716543e-06 0 -0.0576646901544)
    (-1.41098112727e-05 0 -0.057673952232)
    (-1.88744401903e-05 0 -0.0576845690407)
    (-2.40098147647e-05 0 -0.0576965449053)
    (-2.93973267055e-05 0 -0.0577098558241)
    (-3.49077177673e-05 0 -0.0577244522255)
    (-4.04063995957e-05 0 -0.0577402642805)
    (-4.57585935163e-05 0 -0.0577571840599)
    (-5.08355185984e-05 0 -0.0577750842249)
    (-5.55182254433e-05 0 -0.0577938238721)
    (-5.97022404245e-05 -1.54581066124e-11 -0.0578132503129)
    (-6.33017384472e-05 0 -0.0578332033887)
    (-6.62510061312e-05 0 -0.0578535201527)
    (-6.85059060102e-05 0 -0.0578740398976)
    (-7.00435207622e-05 0 -0.0578946083252)
    (-7.08613596403e-05 1.79659659776e-11 -0.057915081314)
    (-7.09753514378e-05 9.29931775319e-12 -0.0579353280571)
    (-7.04173163416e-05 0 -0.057955233079)
    (-6.92319880642e-05 0 -0.0579746977672)
    (-6.74743943342e-05 0 -0.0579936412177)
    (-6.52061128115e-05 0 -0.0580120008355)
    (-6.24931250228e-05 0 -0.0580297345594)
    (-5.94028123241e-05 0 -0.0580468278273)
    (-5.60006909879e-05 0 -0.0580633141063)
    (-5.23441499172e-05 0 -0.0580793218912)
    (-4.84770006362e-05 0 -0.0580951854554)
    (-4.44214228609e-05 0 -0.0581116932112)
    (-4.0159327485e-05 -1.44797844744e-11 -0.0581306084311)
    (-3.56029209296e-05 0 -0.0581557069628)
    (-3.05438804388e-05 0 -0.0581947549378)
    (-2.456990411e-05 0 -0.0582631401954)
    (-1.69309628424e-05 0 -0.0583903635584)
    (-6.29218531489e-06 0 -0.0586315648211)
    (1.05428019201e-06 0 -0.0585131487391)
    (2.33754057369e-06 -9.85394524544e-11 -0.0585134469445)
    (3.50155507981e-06 -6.38133664678e-11 -0.0585141253922)
    (4.30789195403e-06 0 -0.0585152305108)
    (4.65208756583e-06 0 -0.0585168594512)
    (4.45701937028e-06 0 -0.0585191314271)
    (3.65858917272e-06 0 -0.0585221679356)
    (2.21137561282e-06 3.12777165603e-11 -0.0585260968297)
    (9.27990559543e-08 0 -0.0585310370155)
    (-2.70099630608e-06 0 -0.0585370921512)
    (-6.14974097248e-06 0 -0.0585443522587)
    (-1.02069156957e-05 0 -0.0585528896196)
    (-1.48011270515e-05 0 -0.0585627547425)
    (-1.98390516004e-05 0 -0.0585739731402)
    (-2.52083940582e-05 0 -0.0585865438742)
    (-3.07820558064e-05 0 -0.0586004390574)
    (-3.64245325234e-05 0 -0.0586156028349)
    (-4.19963160543e-05 0 -0.0586319556547)
    (-4.73594202366e-05 0 -0.058649393991)
    (-5.23826294696e-05 0 -0.0586677941438)
    (-5.69469803006e-05 0 -0.0586870154889)
    (-6.09504265409e-05 0 -0.058706905236)
    (-6.43103083489e-05 0 -0.058727302706)
    (-6.69659841828e-05 0 -0.0587480443788)
    (-6.88795917132e-05 0 -0.0587689684868)
    (-7.00351243868e-05 1.77656594862e-11 -0.0587899193356)
    (-7.0438015682e-05 1.83914977612e-11 -0.0588107510121)
    (-7.01126792584e-05 0 -0.0588313308406)
    (-6.90991360925e-05 0 -0.0588515414658)
    (-6.74509231058e-05 0 -0.058871282977)
    (-6.52311112386e-05 0 -0.0588904738905)
    (-6.25093787831e-05 0 -0.0589090539151)
    (-5.9360052855e-05 0 -0.058926991869)
    (-5.58578754924e-05 0 -0.0589443111623)
    (-5.20690934563e-05 0 -0.0589611391969)
    (-4.80456875458e-05 0 -0.0589778211825)
    (-4.38181600499e-05 0 -0.0589951817588)
    (-3.93792502292e-05 -7.1600278705e-12 -0.0590150709099)
    (-3.46563854084e-05 0 -0.0590414482293)
    (-2.94681821435e-05 0 -0.0590824455615)
    (-2.34536139429e-05 0 -0.0591541473352)
    (-1.59606259582e-05 0 -0.0592873402706)
    (-5.87537787327e-06 0 -0.0595395004069)
    (1.30246140353e-06 0 -0.0594306590345)
    (2.91285573432e-06 0 -0.059430908077)
    (4.44296648253e-06 0 -0.0594314765534)
    (5.63687584966e-06 -4.86655757579e-11 -0.0594324251168)
    (6.38954612893e-06 0 -0.0594338430318)
    (6.62384125355e-06 0 -0.0594358346654)
    (6.27054404685e-06 0 -0.0594385243936)
    (5.27468518829e-06 0 -0.0594420234423)
    (3.60482857209e-06 0 -0.059446450487)
    (1.24455915456e-06 1.42255146059e-11 -0.0594519189545)
    (-1.80214367426e-06 0 -0.0594585260026)
    (-5.50584601614e-06 0 -0.0594663523986)
    (-9.81068377383e-06 0 -0.0594754617953)
    (-1.463699275e-05 0 -0.0594858987615)
    (-1.98835168167e-05 1.36285458054e-11 -0.0594976861933)
    (-2.54312228264e-05 0 -0.0595108223415)
    (-3.11472526067e-05 -1.39234133461e-11 -0.0595252797469)
    (-3.68902232681e-05 0 -0.0595410024)
    (-4.25165844799e-05 0 -0.0595579093181)
    (-4.78857992518e-05 0 -0.0595758971802)
    (-5.28653013104e-05 0 -0.0595948421196)
    (-5.73362437506e-05 0 -0.0596146029593)
    (-6.11972767532e-05 0 -0.0596350259413)
    (-6.43681032743e-05 0 -0.0596559487528)
    (-6.67909371835e-05 -1.6986863722e-11 -0.0596772054116)
    (-6.84314813225e-05 0 -0.0596986308323)
    (-6.92788740692e-05 0 -0.0597200652268)
    (-6.93438843972e-05 0 -0.0597413584022)
    (-6.86568148539e-05 0 -0.0597623729259)
    (-6.72644780942e-05 0 -0.0597829876233)
    (-6.52261574376e-05 0 -0.0598030998666)
    (-6.26108247983e-05 -1.09865873602e-11 -0.0598226277011)
    (-5.94974690044e-05 0 -0.0598415157864)
    (-5.59707227759e-05 0 -0.059859773744)
    (-5.21056612748e-05 0 -0.0598775266079)
    (-4.79618521551e-05 0 -0.0598951275554)
    (-4.35793588124e-05 0 -0.0599134352694)
    (-3.89610434794e-05 0 -0.0599343838768)
    (-3.40482544199e-05 0 -0.0599621099569)
    (-2.86825658639e-05 0 -0.060005088093)
    (-2.25510668152e-05 -8.10971414054e-12 -0.0600800381262)
    (-1.51125285617e-05 0 -0.0602188996049)
    (-5.49564125179e-06 -8.94333120442e-12 -0.0604812313162)
    (1.56308017123e-06 0 -0.060379913231)
    (3.52197575034e-06 -9.62469248074e-11 -0.0603801374626)
    (5.43912022887e-06 -6.2328682035e-11 -0.0603806425522)
    (7.04301214655e-06 0 -0.0603814849184)
    (8.24101391903e-06 0 -0.060382746931)
    (8.95187315393e-06 0 -0.0603845222537)
    (9.10725846134e-06 0 -0.0603869267069)
    (8.64796849085e-06 3.05498061936e-11 -0.0603900648797)
    (7.52182505746e-06 0 -0.0603940490615)
    (5.69788006127e-06 0 -0.0603989914684)
    (3.16802665998e-06 0 -0.0604049935066)
    (-5.53015408571e-08 0 -0.0604121431878)
    (-3.93686346313e-06 0 -0.0604205159319)
    (-8.41775592966e-06 0 -0.0604301722117)
    (-1.34147020127e-05 0 -0.0604411555166)
    (-1.88218284277e-05 0 -0.0604534882154)
    (-2.45145965595e-05 0 -0.0604671691652)
    (-3.03547693859e-05 0 -0.060482170391)
    (-3.61974979894e-05 0 -0.0604984376448)
    (-4.18955244038e-05 0 -0.0605158928578)
    (-4.73052358098e-05 0 -0.0605344339511)
    (-5.22918633094e-05 0 -0.0605539378471)
    (-5.67351375024e-05 0 -0.0605742632875)
    (-6.05326721979e-05 0 -0.0605952556765)
    (-6.36031256716e-05 0 -0.0606167506201)
    (-6.58883206256e-05 1.7356549012e-11 -0.0606385780254)
    (-6.73547292227e-05 1.79684515014e-11 -0.0606605676482)
    (-6.79925394403e-05 0 -0.0606825530657)
    (-6.78154209673e-05 0 -0.0607043770648)
    (-6.68575395388e-05 0 -0.0607258958817)
    (-6.51694701407e-05 0 -0.0607469837825)
    (-6.28115149907e-05 0 -0.0607675364654)
    (-5.98604254203e-05 0 -0.0607874664204)
    (-5.640800079e-05 0 -0.0608067624838)
    (-5.2535215398e-05 0 -0.0608255443357)
    (-4.83093457556e-05 0 -0.0608441642967)
    (-4.37847183553e-05 0 -0.0608635078081)
    (-3.89833373275e-05 -1.39939860546e-11 -0.0608855885483)
    (-3.38694689134e-05 0 -0.0609147167638)
    (-2.83127948346e-05 0 -0.0609597057777)
    (-2.20396037366e-05 0 -0.0610378875673)
    (-1.45815071248e-05 0 -0.0611822595683)
    (-5.24668007061e-06 0 -0.0614541831568)
    (1.82087326525e-06 0 -0.061351535288)
    (4.12714565391e-06 -9.50804602706e-11 -0.0613517689722)
    (6.443299794e-06 -6.15732660802e-11 -0.0613522898494)
    (8.48283780617e-06 0 -0.0613531295721)
    (1.01584694411e-05 0 -0.0613543603321)
    (1.13930723631e-05 0 -0.0613560718295)
    (1.21153118563e-05 0 -0.0613583599786)
    (1.22598626803e-05 0 -0.0613613327579)
    (1.17662326129e-05 0 -0.061365093934)
    (1.0588439039e-05 0 -0.0613697447274)
    (8.6986954907e-06 0 -0.0613753835618)
    (6.08843203101e-06 0 -0.0613821037499)
    (2.77043319031e-06 0 -0.0613899887086)
    (-1.21924157082e-06 0 -0.0613991106425)
    (-5.81973392284e-06 0 -0.0614095280545)
    (-1.09456203301e-05 0 -0.0614212843822)
    (-1.64875171441e-05 0 -0.0614344038992)
    (-2.23165695797e-05 0 -0.061448885606)
    (-2.8291935326e-05 0 -0.0614647014306)
    (-3.42653078343e-05 0 -0.0614817996387)
    (-4.00860985864e-05 -1.47512248529e-11 -0.0615001018136)
    (-4.56076217825e-05 0 -0.0615195063795)
    (-5.06919084204e-05 0 -0.0615398912016)
    (-5.52142460701e-05 0 -0.0615611152515)
    (-5.9066909432e-05 0 -0.0615830218372)
    (-6.21628387874e-05 1.7148988754e-11 -0.0616054422134)
    (-6.4439094583e-05 1.77538916451e-11 -0.0616282000302)
    (-6.58573181744e-05 0 -0.0616511162267)
    (-6.64056227729e-05 0 -0.0616740145173)
    (-6.60971812584e-05 0 -0.0616967270168)
    (-6.49689809738e-05 0 -0.0617191014052)
    (-6.30768056993e-05 0 -0.0617410125904)
    (-6.04810141674e-05 0 -0.0617622253863)
    (-5.72452526045e-05 0 -0.0617827060228)
    (-5.34467476713e-05 0 -0.061802677715)
    (-4.91685994952e-05 0 -0.061822477464)
    (-4.44827411471e-05 0 -0.0618430055048)
    (-3.94368891089e-05 -1.38290213311e-11 -0.0618663377981)
    (-3.4036738612e-05 0 -0.0618969385015)
    (-2.82118286935e-05 0 -0.0619439413303)
    (-2.17644840397e-05 0 -0.0620252805425)
    (-1.42960863994e-05 0 -0.0621749897908)
    (-5.1254188667e-06 0 -0.0624560755144)
    (2.07215737493e-06 0 -0.0623459626412)
    (4.7175628065e-06 -9.39147871566e-11 -0.0623462057536)
    (7.42733822361e-06 0 -0.0623467448545)
    (9.90454213535e-06 0 -0.0623475993531)
    (1.20697451105e-05 0 -0.0623488269286)
    (1.38518853535e-05 3.48477952425e-11 -0.0623505023258)
    (1.51791827381e-05 0 -0.0623527074781)
    (1.59814772942e-05 0 -0.0623555351315)
    (1.6190297696e-05 0 -0.0623590778991)
    (1.57457442534e-05 1.37163016874e-11 -0.0623634286744)
    (1.4601449995e-05 0 -0.062368678971)
    (1.2726869346e-05 0 -0.0623749178519)
    (1.01101149018e-05 0 -0.0623822292267)
    (6.76034453648e-06 -1.30864353457e-11 -0.0623906906329)
    (2.71000728803e-06 0 -0.0624003724653)
    (-1.98283279624e-06 0 -0.0624113371561)
    (-7.2318760442e-06 -1.34256879643e-11 -0.0624236357378)
    (-1.29231599851e-05 0 -0.0624372991643)
    (-1.89241502222e-05 0 -0.0624523281277)
    (-2.50904089071e-05 0 -0.062468697683)
    (-3.12718490848e-05 0 -0.0624863557481)
    (-3.73166707035e-05 0 -0.0625052293555)
    (-4.30749306431e-05 0 -0.0625252244828)
    (-4.84019081349e-05 0 -0.0625462253483)
    (-5.3163603149e-05 -8.19190883082e-12 -0.0625680952413)
    (-5.72413805341e-05 0 -0.0625906789176)
    (-6.05363610742e-05 0 -0.0626138056561)
    (-6.29732485842e-05 0 -0.0626372939787)
    (-6.45025443468e-05 0 -0.0626609564065)
    (-6.51014790222e-05 0 -0.0626846055496)
    (-6.47749742815e-05 0 -0.0627080615451)
    (-6.35539671563e-05 0 -0.0627311645801)
    (-6.14810333795e-05 0 -0.0627538063943)
    (-5.86017546016e-05 0 -0.0627759194958)
    (-5.49815770747e-05 0 -0.0627975472112)
    (-5.06956351458e-05 0 -0.0628190220025)
    (-4.58092991106e-05 0 -0.0628412594985)
    (-4.03741539587e-05 0 -0.0628663961312)
    (-3.44237537285e-05 0 -0.0628990501952)
    (-2.79631464145e-05 0 -0.0629487004085)
    (-2.09528643906e-05 0 -0.0630340017918)
    (-1.32683997143e-05 0 -0.0631904140946)
    (-4.62189740502e-06 0 -0.0634836506418)
    (2.30660406825e-06 0 -0.0633603080369)
    (5.27006342047e-06 0 -0.0633605897036)
    (8.35401691126e-06 -6.00670803641e-11 -0.063361204552)
    (1.12557103089e-05 0 -0.0633621567335)
    (1.39060045398e-05 0 -0.0633634873922)
    (1.62419665508e-05 0 -0.0633652558149)
    (1.81941685046e-05 0 -0.0633675274685)
    (1.96897064006e-05 2.94405595742e-11 -0.063370378243)
    (2.06534918957e-05 0 -0.0633738858981)
    (2.10137288422e-05 0 -0.0633781299712)
    (2.070715053e-05 0 -0.0633831903558)
    (1.96818709737e-05 0 -0.063389146224)
    (1.79010797058e-05 0 -0.0633960747925)
    (1.53445686322e-05 0 -0.0634040508568)
    (1.20117663199e-05 0 -0.0634131471054)
    (7.92442890984e-06 0 -0.0634234363572)
    (3.13471759883e-06 0 -0.0634349938396)
    (-2.26495865594e-06 0 -0.0634478905491)
    (-8.14774279037e-06 0 -0.063462161751)
    (-1.43759223243e-05 0 -0.0634777924597)
    (-2.08115705527e-05 0 -0.0634947527456)
    (-2.73108980989e-05 0 -0.0635130016547)
    (-3.37214436992e-05 0 -0.0635324807377)
    (-3.98860115012e-05 0 -0.0635531092964)
    (-4.56483909116e-05 0 -0.0635747829523)
    (-5.08592547592e-05 1.67311118644e-11 -0.0635973733737)
    (-5.53821981947e-05 8.66087266826e-12 -0.0636207301195)
    (-5.90983338111e-05 0 -0.0636446833603)
    (-6.19120515722e-05 0 -0.0636690485426)
    (-6.37527601489e-05 0 -0.0636936316626)
    (-6.45774331803e-05 0 -0.0637182371398)
    (-6.4369619523e-05 0 -0.0637426773368)
    (-6.31412823248e-05 0 -0.0637667890505)
    (-6.09278370233e-05 0 -0.0637904814403)
    (-5.77723147675e-05 0 -0.0638138026546)
    (-5.37187869248e-05 0 -0.0638370759597)
    (-4.88082295331e-05 0 -0.0638612177274)
    (-4.30738499142e-05 -6.7483464115e-12 -0.0638883859219)
    (-3.65446503541e-05 0 -0.0639232560249)
    (-2.92610701858e-05 0 -0.0639754299834)
    (-2.13041300072e-05 0 -0.0640638174417)
    (-1.28527865465e-05 0 -0.0642244108076)
    (-4.27108630097e-06 0 -0.0645240501376)
    (2.51594446276e-06 0 -0.06439339922)
    (5.76591725612e-06 -9.16035580076e-11 -0.0643937411986)
    (9.1930401154e-06 -5.93214417177e-11 -0.0643944759529)
    (1.24938342545e-05 0 -0.0643955888204)
    (1.56117953916e-05 0 -0.0643971031752)
    (1.84942300834e-05 0 -0.0643990606405)
    (2.10769209461e-05 0 -0.064401508602)
    (2.32869815679e-05 0 -0.0644045042391)
    (2.50452670495e-05 0 -0.0644081067843)
    (2.62707166596e-05 0 -0.0644123784065)
    (2.68859537991e-05 0 -0.0644173822761)
    (2.68203376751e-05 0 -0.064423182054)
    (2.60134819832e-05 0 -0.0644298412801)
    (2.4416738109e-05 0 -0.0644374230274)
    (2.19942428493e-05 0 -0.0644459905961)
    (1.87222480302e-05 0 -0.0644556115511)
    (1.45959767794e-05 0 -0.0644663719683)
    (9.67093453972e-06 0 -0.0644784113892)
    (4.09578662051e-06 0 -0.0644918469362)
    (-1.9874681234e-06 0 -0.0645065946957)
    (-8.48230620848e-06 -1.4211119244e-11 -0.0645226429517)
    (-1.52726864496e-05 0 -0.0645399892073)
    (-2.22186293258e-05 0 -0.0645586185242)
    (-2.91625886162e-05 0 -0.0645784956493)
    (-3.59361984629e-05 0 -0.0645995610199)
    (-4.23668802245e-05 8.26183627118e-12 -0.0646217293177)
    (-4.82843285595e-05 1.71072286675e-11 -0.0646448884785)
    (-5.35266998706e-05 0 -0.0646689002388)
    (-5.79476523416e-05 0 -0.0646936029579)
    (-6.14215966636e-05 0 -0.0647188151406)
    (-6.3849289216e-05 0 -0.0647443434811)
    (-6.51598150689e-05 0 -0.0647699955046)
    (-6.53098408754e-05 0 -0.0647955997078)
    (-6.42802252656e-05 0 -0.0648210409922)
    (-6.20693047727e-05 0 -0.0648463368748)
    (-5.86822917662e-05 0 -0.0648717952)
    (-5.41226578321e-05 0 -0.0648983351798)
    (-4.83875485287e-05 -6.66608372037e-12 -0.0649281413673)
    (-4.14765036832e-05 0 -0.0649659495556)
    (-3.3420961897e-05 0 -0.065021470245)
    (-2.43417867184e-05 0 -0.0651137922553)
    (-1.45596173985e-05 0 -0.0652791874464)
    (-4.77902782941e-06 0 -0.0655849129945)
    (2.69024853599e-06 0 -0.0654377284926)
    (6.18238631928e-06 0 -0.0654381916371)
    (9.90705908501e-06 0 -0.065439175135)
    (1.35655851302e-05 0 -0.0654406413416)
    (1.71160753696e-05 0 -0.0654425970524)
    (2.05184519229e-05 3.35658023782e-11 -0.0654450690978)
    (2.37162299405e-05 0 -0.0654480901389)
    (2.66397834606e-05 0 -0.0654517010909)
    (2.92092824488e-05 0 -0.0654559446587)
    (3.1337854575e-05 1.32110964999e-11 -0.0654608653668)
    (3.29380563298e-05 0 -0.0654665078475)
    (3.39243399189e-05 0 -0.0654729169923)
    (3.42170946986e-05 0 -0.0654801366951)
    (3.37439143543e-05 -1.26038600556e-11 -0.0654882095227)
    (3.24388689888e-05 0 -0.0654971749928)
    (3.02312155996e-05 0 -0.065507067493)
    (2.70081085454e-05 -1.2930426993e-11 -0.0655179136342)
    (2.27155124842e-05 0 -0.0655297169393)
    (1.76464932231e-05 0 -0.0655424896264)
    (1.20070844893e-05 0 -0.0655563634543)
    (5.7518526281e-06 0 -0.0655714097332)
    (-1.05505480044e-06 0 -0.0655876801986)
    (-8.3007127568e-06 0 -0.0656052086758)
    (-1.58425456587e-05 0 -0.0656240098723)
    (-2.35162746241e-05 -1.57816933465e-11 -0.0656440777715)
    (-3.1141595592e-05 0 -0.0656653828979)
    (-3.8527013392e-05 0 -0.0656878698893)
    (-4.54766581518e-05 0 -0.0657114548635)
    (-5.17959329313e-05 0 -0.0657360245674)
    (-5.72995548003e-05 0 -0.0657614371926)
    (-6.18181951239e-05 0 -0.0657875269641)
    (-6.52044291202e-05 0 -0.0658141141086)
    (-6.73364900947e-05 0 -0.0658410270057)
    (-6.8117330683e-05 0 -0.0658681445457)
    (-6.74668619306e-05 0 -0.0658954769127)
    (-6.53110693027e-05 0 -0.0659233256819)
    (-6.15725531082e-05 0 -0.065952608727)
    (-5.61683464103e-05 0 -0.0659855160156)
    (-4.90271743078e-05 0 -0.0660267982507)
    (-4.01326233432e-05 0 -0.0660862039523)
    (-2.96081404121e-05 -7.54663728121e-12 -0.0661829161126)
    (-1.78670258302e-05 0 -0.0663534224567)
    (-5.8894165838e-06 0 -0.0666650377481)
    (2.79931179126e-06 0 -0.06649102519)
    (6.44768268206e-06 -8.93655906424e-11 -0.066491540125)
    (1.03750823581e-05 0 -0.0664926222366)
    (1.429290757e-05 0 -0.0664942119362)
    (1.81743014095e-05 0 -0.0664962924397)
    (2.19916632657e-05 0 -0.0664988662822)
    (2.56981038839e-05 0 -0.0665019401753)
    (2.92293067176e-05 2.83615049347e-11 -0.0665055279356)
    (3.25077444021e-05 0 -0.066509644822)
    (3.54449693051e-05 0 -0.0665143076681)
    (3.79476538957e-05 0 -0.0665195339961)
    (3.9920719238e-05 0 -0.0665253422457)
    (4.12717924807e-05 0 -0.0665317515842)
    (4.19140024287e-05 0 -0.0665387805038)
    (4.17693611575e-05 0 -0.066546444209)
    (4.07700804363e-05 0 -0.0665547446602)
    (3.88561571262e-05 0 -0.0665636439804)
    (3.59899616085e-05 0 -0.0665738982205)
    (3.21906256728e-05 0 -0.0665870202837)
    (2.74852046917e-05 0 -0.066601011135)
    (2.18957110692e-05 -1.38563392476e-11 -0.0666160169082)
    (1.54784629046e-05 0 -0.066632126867)
    (8.31900308798e-06 0 -0.0666494072737)
    (5.2989566406e-07 0 -0.0666679111171)
    (-7.75044560917e-06 0 -0.0666876786666)
    (-1.63586028386e-05 8.05621008193e-12 -0.0667087358011)
    (-2.51077273757e-05 1.66819255436e-11 -0.0667310902069)
    (-3.37907541095e-05 0 -0.066754726994)
    (-4.21846235712e-05 0 -0.0667796048264)
    (-5.00556805651e-05 0 -0.0668056533175)
    (-5.71660203143e-05 0 -0.0668327734692)
    (-6.3279083528e-05 0 -0.0668608457482)
    (-6.8163906979e-05 0 -0.0668897503333)
    (-7.15959254839e-05 0 -0.0669194128582)
    (-7.33476533561e-05 0 -0.066949891962)
    (-7.3178617545e-05 0 -0.0669815464822)
    (-7.08282461572e-05 0 -0.0670153579875)
    (-6.60360056435e-05 -1.30074569932e-11 -0.0670535671022)
    (-5.86197704289e-05 0 -0.067100925837)
    (-4.86408532394e-05 0 -0.0671670847407)
    (-3.66949282477e-05 0 -0.0672709613184)
    (-2.28929424664e-05 0 -0.0674484702067)
    (-7.72635538373e-06 0 -0.0677667783351)
    (2.83439155193e-06 0 -0.0676016423824)
    (6.54126585511e-06 0 -0.0676023318971)
    (1.05620887441e-05 -5.7239066034e-11 -0.0676037760474)
    (1.46240993189e-05 0 -0.0676058872169)
    (1.87145975242e-05 0 -0.0676086324387)
    (2.28184213017e-05 0 -0.067612000221)
    (2.68990827835e-05 0 -0.0676159839544)
    (3.08998242515e-05 2.80508772289e-11 -0.0676205819147)
    (3.47482626307e-05 0 -0.0676257921338)
    (3.83582778213e-05 0 -0.0676316118186)
    (4.16356615882e-05 0 -0.0676380361882)
    (4.4481253586e-05 0 -0.0676450591622)
    (4.67959108595e-05 0 -0.0676526736267)
    (4.84848511594e-05 0 -0.0676608715349)
    (4.9465711778e-05 0 -0.0676696435915)
    (4.96850532575e-05 0 -0.0676789766988)
    (4.91630224689e-05 0 -0.0676888493803)
    (4.78996261969e-05 0 -0.0676992433099)
    (4.5582847832e-05 0 -0.0677101918033)
    (4.20312303243e-05 0 -0.0677217758047)
    (3.73605764496e-05 0 -0.0677340907658)
    (3.16200595675e-05 0 -0.0677472230843)
    (2.48574569527e-05 0 -0.0677612574541)
    (1.71379006042e-05 0 -0.0677762798527)
    (8.55069140771e-06 0 -0.0677923779233)
    (-7.87514161227e-07 1.59269126862e-11 -0.0678096395621)
    (-1.07294016733e-05 1.64889795619e-11 -0.0678281499015)
    (-2.1096456996e-05 0 -0.0678479866709)
    (-3.16785987255e-05 0 -0.0678692150014)
    (-4.22347457499e-05 0 -0.0678918840335)
    (-5.24949627696e-05 0 -0.0679160237245)
    (-6.21617938009e-05 0 -0.067941649625)
    (-7.0911095386e-05 0 -0.0679687808483)
    (-7.83875489135e-05 0 -0.0679974842785)
    (-8.41855854705e-05 0 -0.068027961927)
    (-8.78184624696e-05 0 -0.0680607071101)
    (-8.86830425621e-05 0 -0.0680967795142)
    (-8.60525427705e-05 -1.28522698048e-11 -0.0681383111649)
    (-7.9155477703e-05 0 -0.068189496987)
    (-6.74032126469e-05 0 -0.0682585310802)
    (-5.08029605411e-05 0 -0.0683612688589)
    (-3.05346543286e-05 0 -0.0685497206928)
    (-9.86882446966e-06 0 -0.068879720518)
    (2.80635215167e-06 0 -0.0687289665908)
    (6.48904615766e-06 0 -0.068729820473)
    (1.05127795858e-05 0 -0.0687316042816)
    (1.46262996387e-05 0 -0.0687342026911)
    (1.88316630538e-05 0 -0.0687375653496)
    (2.31269298984e-05 3.2429923764e-11 -0.0687416653632)
    (2.74877533981e-05 0 -0.0687464812216)
    (3.18675480804e-05 0 -0.0687519938065)
    (3.62027241493e-05 0 -0.0687581826591)
    (4.04137308676e-05 0 -0.0687650234641)
    (4.44105733084e-05 0 -0.068772488072)
    (4.80954813497e-05 0 -0.0687805446002)
    (5.13676530578e-05 0 -0.0687891588964)
    (5.41271744419e-05 -1.21727686577e-11 -0.0687982963812)
    (5.62809458857e-05 -1.22225849694e-11 -0.0688079248978)
    (5.77491397585e-05 0 -0.0688180216371)
    (5.84664999137e-05 -1.24855482042e-11 -0.0688285899791)
    (5.83366038829e-05 0 -0.0688397051661)
    (5.7175512904e-05 -1.29341545175e-11 -0.0688514474824)
    (5.48512318824e-05 0 -0.0688637092294)
    (5.13352722494e-05 -1.35465865292e-11 -0.0688764915626)
    (4.66075496406e-05 1.39108130443e-11 -0.0688898333023)
    (4.06560991916e-05 0 -0.0689037928346)
    (3.34827373774e-05 0 -0.0689184436364)
    (2.51071851925e-05 -1.52308453691e-11 -0.0689338736474)
    (1.55715126033e-05 0 -0.0689501871226)
    (4.94531425204e-06 0 -0.0689675027222)
    (-6.67161108902e-06 0 -0.0689859517975)
    (-1.91442644071e-05 0 -0.0690056770097)
    (-3.22990168856e-05 0 -0.0690268308756)
    (-4.59180180615e-05 0 -0.0690495766563)
    (-5.97346041338e-05 9.85584103666e-12 -0.0690740947215)
    (-7.34251503941e-05 0 -0.069100606443)
    (-8.65930063584e-05 0 -0.0691294309144)
    (-9.87314093002e-05 1.11592043206e-11 -0.0691610983371)
    (-0.000109150185461 0 -0.0691965468316)
    (-0.00011685625191 -6.08176020249e-12 -0.0692374274054)
    (-0.000120428040763 0 -0.0692865720247)
    (-0.00011797042183 0 -0.0693488262001)
    (-0.000107274755961 6.95569079281e-12 -0.0694326817946)
    (-8.63031478049e-05 0 -0.0695535750092)
    (-5.55816297071e-05 0 -0.069740313042)
    (-1.90822835283e-05 0 -0.070046521143)
    (2.70593217598e-06 0 -0.06992974934)
    (6.26892391006e-06 -8.6392992423e-11 -0.069930790719)
    (1.01896700691e-05 -5.59464295268e-11 -0.069932964346)
    (1.42440206868e-05 0 -0.0699361258451)
    (1.84486862995e-05 0 -0.0699402101221)
    (2.28147387861e-05 0 -0.0699451770303)
    (2.73312335276e-05 0 -0.0699509932447)
    (3.19638931217e-05 2.74161207241e-11 -0.0699576257654)
    (3.66610059057e-05 0 -0.0699650382335)
    (4.13536165907e-05 0 -0.0699731878439)
    (4.59607201624e-05 0 -0.0699820250143)
    (5.03914873962e-05 0 -0.0699914937763)
    (5.45490599705e-05 0 -0.0700015333787)
    (5.83333828419e-05 0 -0.0700120812422)
    (6.16443036727e-05 0 -0.0700230768312)
    (6.43817933825e-05 0 -0.0700344685055)
    (6.64412776464e-05 0 -0.0700462230156)
    (6.76996756088e-05 0 -0.070058334394)
    (6.80149667038e-05 0 -0.0700707867858)
    (6.72642042384e-05 0 -0.070083506973)
    (6.53575207725e-05 -1.33869325821e-11 -0.0700964595718)
    (6.221907438e-05 0 -0.0701096382427)
    (5.77811571155e-05 0 -0.070123059065)
    (5.19832921247e-05 0 -0.0701367574265)
    (4.47716377245e-05 0 -0.0701507881241)
    (3.61011537746e-05 1.55611427191e-11 -0.0701652311431)
    (2.59400054081e-05 8.05517652176e-12 -0.0701801921609)
    (1.42711226603e-05 0 -0.070195802963)
    (1.09486473614e-06 0 -0.0702122257985)
    (-1.35661096256e-05 0 -0.0702296597869)
    (-2.965767484e-05 0 -0.0702483502087)
    (-4.70831861788e-05 0 -0.0702686068607)
    (-6.56849059495e-05 0 -0.0702908447549)
    (-8.52118863583e-05 0 -0.0703156716594)
    (-0.000105256185598 0 -0.0703440614319)
    (-0.000125125515562 0 -0.0703776459829)
    (-0.000143600258255 0 -0.0704191360828)
    (-0.000158585865188 -1.25649034563e-11 -0.0704728943618)
    (-0.000166767599858 0 -0.0705456344338)
    (-0.000163522061771 0 -0.0706475193945)
    (-0.000143472944196 0 -0.0707944524974)
    (-0.000102038074703 0 -0.0710132743567)
    (-3.77887610952e-05 0 -0.0713524396912)
    (2.52088324574e-06 0 -0.0712700294608)
    (5.85177740976e-06 -8.53008570826e-11 -0.0712712965485)
    (9.54324828224e-06 -5.52390589677e-11 -0.0712739430722)
    (1.34036802718e-05 0 -0.0712777944665)
    (1.74630425195e-05 0 -0.0712827752258)
    (2.17444080715e-05 0 -0.0712888371694)
    (2.62501933993e-05 0 -0.0712959416871)
    (3.09599600629e-05 0 -0.0713040482468)
    (3.5835797511e-05 0 -0.0713131114105)
    (4.0822955508e-05 0 -0.0713230756172)
    (4.58536904077e-05 0 -0.0713338754029)
    (5.08493418393e-05 0 -0.0713454351844)
    (5.57232092253e-05 0 -0.0713576707815)
    (6.0382310181e-05 0 -0.0713704925506)
    (6.47289705513e-05 0 -0.0713838086002)
    (6.86600770189e-05 0 -0.0713975297489)
    (7.20648768789e-05 0 -0.0714115725413)
    (7.48212828816e-05 0 -0.0714258578668)
    (7.67998121155e-05 0 -0.0714403013216)
    (7.78779921718e-05 0 -0.0714548122474)
    (7.79459755423e-05 -1.32143726424e-11 -0.0714693121717)
    (7.69002868918e-05 0 -0.0714837400306)
    (7.46405467082e-05 0 -0.0714980518242)
    (7.10673382673e-05 0 -0.0715122185764)
    (6.60763300966e-05 0 -0.0715262239176)
    (5.95571970106e-05 1.53592037726e-11 -0.0715400754024)
    (5.13952555157e-05 7.95054928585e-12 -0.0715538020009)
    (4.14667731581e-05 0 -0.0715674519885)
    (2.96316033309e-05 0 -0.0715811010949)
    (1.57289695721e-05 0 -0.0715948628891)
    (-4.24815137025e-07 0 -0.0716089061523)
    (-1.90346378976e-05 0 -0.0716234871646)
    (-4.03194906969e-05 0 -0.071639014361)
    (-6.44900121993e-05 0 -0.0716561830749)
    (-9.16507271678e-05 0 -0.0716762367392)
    (-0.000121549061578 0 -0.0717014755708)
    (-0.000153322163171 0 -0.071736122869)
    (-0.000184846752167 -6.20233415255e-12 -0.0717872032662)
    (-0.000211577150287 0 -0.0718655478283)
    (-0.000225449164007 0 -0.0719864914921)
    (-0.00021452904268 0 -0.0721704591072)
    (-0.000164634194038 0 -0.0724449259356)
    (-6.41291266416e-05 0 -0.072851627962)
    (2.23154785672e-06 0 -0.0729038130579)
    (5.19046476249e-06 0 -0.0729053246538)
    (8.49307150536e-06 -5.44416100482e-11 -0.072908485177)
    (1.19850284724e-05 0 -0.072913089937)
    (1.57061717694e-05 0 -0.072919055903)
    (1.96886935837e-05 0 -0.0729263303554)
    (2.39465529752e-05 0 -0.0729348732271)
    (2.84726992445e-05 2.66766457199e-11 -0.0729446413979)
    (3.32441078671e-05 0 -0.0729555843948)
    (3.82219262235e-05 0 -0.0729676389797)
    (4.33548607168e-05 0 -0.0729807283177)
    (4.85807673434e-05 0 -0.0729947611584)
    (5.38287863739e-05 0 -0.0730096338557)
    (5.90205624045e-05 0 -0.0730252321975)
    (6.40710768966e-05 0 -0.0730414347125)
    (6.88883692375e-05 0 -0.0730581156579)
    (7.33728318935e-05 0 -0.0730751470663)
    (7.7417584042e-05 0 -0.073092398872)
    (8.09120235656e-05 0 -0.0731097366634)
    (8.37470882869e-05 0 -0.0731270236979)
    (8.58170636519e-05 -1.30174856152e-11 -0.0731441298772)
    (8.70187221644e-05 0 -0.0731609358734)
    (8.72502266544e-05 0 -0.0731773334651)
    (8.64110464989e-05 0 -0.0731932238599)
    (8.43938334127e-05 0 -0.073208508718)
    (8.10807771735e-05 1.51267409747e-11 -0.0732231004432)
    (7.63459337727e-05 1.56597001352e-11 -0.0732369147705)
    (7.00443450493e-05 0 -0.0732498606911)
    (6.19938179698e-05 0 -0.0732618413828)
    (5.19580841356e-05 0 -0.0732727542783)
    (3.96213501086e-05 0 -0.0732824965559)
    (2.45567315389e-05 0 -0.0732909877666)
    (6.18719297513e-06 0 -0.0732982330544)
    (-1.62551292956e-05 0 -0.0733044808442)
    (-4.37412050875e-05 0 -0.0733109122126)
    (-7.73655275093e-05 0 -0.0733206853461)
    (-0.00011804116492 0 -0.0733377901807)
    (-0.000165567064319 -1.22145251226e-11 -0.0733722834592)
    (-0.000216601923619 0 -0.0734416995213)
    (-0.000261400684522 0 -0.0735729522261)
    (-0.000279977346456 0 -0.0738019506429)
    (-0.000240123151428 0 -0.0741698027413)
    (-0.000100576999764 0 -0.0747175165021)
    (1.8158510657e-06 0 -0.0751249633095)
    (4.23229349116e-06 0 -0.0751267937021)
    (6.94910777061e-06 0 -0.0751306302495)
    (9.85343591437e-06 0 -0.07513623742)
    (1.29891377556e-05 0 -0.0751435334033)
    (1.63927302664e-05 0 -0.0751524735353)
    (2.00857319818e-05 0 -0.075163029796)
    (2.40722904163e-05 2.61885904071e-11 -0.0751751706401)
    (2.83430809503e-05 0 -0.0751888553792)
    (3.28756195299e-05 0 -0.0752040266888)
    (3.76365387056e-05 0 -0.0752206088357)
    (4.25831725692e-05 0 -0.0752385067859)
    (4.76647834679e-05 0 -0.0752576068066)
    (5.28236537558e-05 0 -0.0752777789746)
    (5.79959804597e-05 0 -0.0752988792758)
    (6.31115045308e-05 0 -0.0753207520987)
    (6.80945821296e-05 0 -0.0753432328323)
    (7.28645347531e-05 0 -0.0753661486373)
    (7.73382218234e-05 0 -0.0753893207799)
    (8.14328736389e-05 0 -0.0754125681326)
    (8.50669382213e-05 -1.27740322105e-11 -0.0754357115153)
    (8.81603362721e-05 0 -0.0754585768145)
    (9.06345115073e-05 0 -0.075480996817)
    (9.24151714675e-05 0 -0.0755028094033)
    (9.34419935287e-05 0 -0.0755238346579)
    (9.36664781216e-05 1.48400995687e-11 -0.0755439136467)
    (9.30396874517e-05 7.68107882301e-12 -0.0755628850159)
    (9.15142779932e-05 0 -0.0755805523157)
    (8.9042844432e-05 0 -0.0755966792013)
    (8.55646484674e-05 0 -0.0756109660066)
    (8.09750449735e-05 0 -0.075623019248)
    (7.50728562114e-05 0 -0.0756323190134)
    (6.74679670935e-05 0 -0.0756382026577)
    (5.74236355485e-05 0 -0.0756399170237)
    (4.35789585519e-05 0 -0.0756368850476)
    (2.35176989231e-05 0 -0.0756294530421)
    (-6.40405937028e-06 0 -0.0756206113797)
    (-5.07924476462e-05 -1.1975682601e-11 -0.0756196650776)
    (-0.000113503897054 0 -0.0756481268387)
    (-0.000192231715397 0 -0.0757473801722)
    (-0.000267273718103 0 -0.0759848832935)
    (-0.000283967678265 0 -0.076451589345)
    (-0.000134577022051 0 -0.0772614272789)
    (1.24958454036e-06 0 -0.0784927583466)
    (2.91909946756e-06 0 -0.078494977682)
    (4.81124443033e-06 0 -0.0784996430879)
    (6.85817365201e-06 0 -0.0785064894193)
    (9.09895307876e-06 0 -0.0785154459266)
    (1.15667081096e-05 0 -0.0785264893992)
    (1.42842586899e-05 0 -0.0785396187182)
    (1.72623101529e-05 -2.54952721024e-11 -0.0785548298409)
    (2.05019831258e-05 0 -0.0785721071099)
    (2.39952137221e-05 0 -0.0785914144498)
    (2.77261042014e-05 -2.29034488077e-11 -0.0786126914282)
    (3.16719739142e-05 0 -0.078635852057)
    (3.58044716752e-05 0 -0.0786607850223)
    (4.00899807795e-05 -1.11815564697e-11 -0.0786873550196)
    (4.44906820796e-05 -1.12257143336e-11 -0.0787154057546)
    (4.89647360115e-05 0 -0.0787447621651)
    (5.34667290608e-05 -1.1463587095e-11 -0.0787752337394)
    (5.79491385143e-05 0 -0.0788066171011)
    (6.23632499371e-05 0 -0.0788386994408)
    (6.66610846219e-05 0 -0.0788712628114)
    (7.07966184202e-05 1.24285996959e-11 -0.0789040884913)
    (7.47261935994e-05 0 -0.0789369605257)
    (7.8409842453e-05 0 -0.0789696684871)
    (8.18144838987e-05 1.35271507863e-11 -0.0790020118822)
    (8.49346409834e-05 0 -0.0790338069825)
    (8.77973706865e-05 -7.21659417467e-12 -0.0790648692108)
    (9.04514460504e-05 0 -0.0790950172355)
    (9.29913579835e-05 0 -0.0791240763669)
    (9.55902120415e-05 0 -0.079151862244)
    (9.8530717785e-05 0 -0.079178158163)
    (0.000102238700013 0 -0.0792026765616)
    (0.000107316203505 0 -0.0792249938621)
    (0.000114549334764 -9.39714236624e-12 -0.079244446531)
    (0.000124846745451 0 -0.079259986845)
    (0.000138997992859 0 -0.0792700446859)
    (0.000157065098468 1.06586464393e-11 -0.0792726026597)
    (0.000177139640232 0 -0.0792660915366)
    (0.000193163430543 0 -0.0792525778884)
    (0.000192171786983 0 -0.0792457705255)
    (0.000153575921777 0 -0.0792876052411)
    (5.83928947316e-05 -6.69785204708e-12 -0.0794768711565)
    (-7.27084026471e-05 0 -0.0800092941367)
    (-7.09932511884e-05 0 -0.0812135951639)
    (4.98158411933e-07 0 -0.0841272048505)
    (1.16740973909e-06 -7.69976660871e-11 -0.0841299244008)
    (1.93407778458e-06 0 -0.0841356624683)
    (2.77649816792e-06 0 -0.0841441275723)
    (3.71511828846e-06 0 -0.0841552776257)
    (4.76753200294e-06 0 -0.084169134171)
    (5.94727288801e-06 0 -0.0841857484104)
    (7.26293946832e-06 2.44278370298e-11 -0.0842051708875)
    (8.71909954192e-06 0 -0.084227437424)
    (1.03166663244e-05 0 -0.0842525579639)
    (1.2053266881e-05 0 -0.0842805110381)
    (1.39237075704e-05 0 -0.0843112403542)
    (1.59204359132e-05 0 -0.0843446550351)
    (1.80338611996e-05 0 -0.084380630817)
    (2.02527564642e-05 0 -0.0844190129006)
    (2.25645289191e-05 0 -0.0844596192254)
    (2.4955604506e-05 0 -0.0845022444523)
    (2.74119277608e-05 0 -0.0845466644549)
    (2.99195783931e-05 0 -0.0845926410669)
    (3.2465403587e-05 0 -0.0846399277118)
    (3.50379741487e-05 -1.18983528174e-11 -0.0846882748547)
    (3.76287053257e-05 0 -0.0847374355804)
    (4.02339146766e-05 0 -0.0847871708843)
    (4.28583621673e-05 0 -0.0848372571043)
    (4.5510586559e-05 0 -0.0848875130703)
    (4.82097741787e-05 1.38092112693e-11 -0.0849377612197)
    (5.10071252616e-05 1.42918575983e-11 -0.0849878560637)
    (5.40004767234e-05 0 -0.0850377223019)
    (5.73592684337e-05 0 -0.0850873637546)
    (6.13779946741e-05 0 -0.0851368938312)
    (6.65644476078e-05 0 -0.0851865814769)
    (7.37924278875e-05 0 -0.0852369145442)
    (8.45527524714e-05 0 -0.0852886868311)
    (0.000101362116213 0 -0.0853431100676)
    (0.000128390200824 0 -0.0854019515955)
    (0.000172304605349 0 -0.0854677216995)
    (0.000243110713395 0 -0.0855441030597)
    (0.000354088724094 -1.11032180926e-11 -0.0856374422087)
    (0.000518327573235 0 -0.0857619764063)
    (0.000735952890342 0 -0.0859564374085)
    (0.000959822928735 0 -0.0863317439583)
    (0.00101924075298 0 -0.087200570533)
    (0.000495257069008 0 -0.0894419347829)
)
;

boundaryField {
  top
  {
    type            calculated;
    value           nonuniform List<vector>
    43
    (
        (4.81356474688e-07 0 -0.0868341847588)
        (1.12803378219e-06 -7.44005858335e-11 -0.0868371508699)
        (1.868837402e-06 0 -0.0868434183548)
        (2.68282954522e-06 0 -0.0868526830529)
        (3.58976217129e-06 0 -0.0868649176965)
        (4.60662760607e-06 0 -0.0868801666381)
        (5.74649193596e-06 0 -0.0868985077604)
        (7.01764930948e-06 2.36028393754e-11 -0.0869200195855)
        (8.42449545027e-06 0 -0.0869447641044)
        (9.96789097908e-06 0 -0.0869727750181)
        (1.16455174952e-05 0 -0.0870040510057)
        (1.34523275818e-05 0 -0.0870385514643)
        (1.53809915639e-05 0 -0.0870761967641)
        (1.74222078973e-05 0 -0.0871168692287)
        (1.95650923386e-05 0 -0.0871604161173)
        (2.17974400842e-05 0 -0.087206653374)
        (2.41060981751e-05 0 -0.0872553701016)
        (2.64774492445e-05 0 -0.0873063336738)
        (2.88980079166e-05 0 -0.0873592952745)
        (3.13550320553e-05 0 -0.0874139960325)
        (3.38374466053e-05 -1.14906722757e-11 -0.0874701734552)
        (3.63369258541e-05 0 -0.0875275679045)
        (3.88498799568e-05 0 -0.0875859305643)
        (4.13808704417e-05 0 -0.0876450330264)
        (4.39380940757e-05 0 -0.0877046797739)
        (4.65400367759e-05 1.33309315646e-11 -0.087764701024)
        (4.92360865995e-05 1.37956243323e-11 -0.0878249785462)
        (5.21206184965e-05 0 -0.0878854837098)
        (5.53570721287e-05 0 -0.0879463177454)
        (5.92294952388e-05 0 -0.0880077800419)
        (6.42276216968e-05 0 -0.0880704811366)
        (7.11940877197e-05 0 -0.0881355262591)
        (8.15663734546e-05 0 -0.0882048124629)
        (9.77708521254e-05 0 -0.0882815005661)
        (0.000123827116654 0 -0.0883707468168)
        (0.000166162073221 0 -0.0884807792353)
        (0.000234418220278 0 -0.0886243235791)
        (0.000341384633569 -1.07048538461e-11 -0.0888200784735)
        (0.000499603818453 0 -0.0890931224647)
        (0.000708804882019 0 -0.0894712571028)
        (0.000921973611987 0 -0.0899704831037)
        (0.000970996925732 0 -0.0905561224715)
        (0.000460592985829 0 -0.0910595855061)
    )
    ;
  }
  bottom
  {
    type            calculated;
    value           nonuniform List<vector>
    43
    (
        (-2.1628724148e-08 0 -0.0508196979231)
        (-5.64063291849e-08 0 -0.0508207400213)
        (-1.09876520433e-07 0 -0.0508229861234)
        (-1.88633252881e-07 0 -0.0508264122231)
        (-2.9855527314e-07 -4.58597042158e-11 -0.0508310952149)
        (-4.43564239641e-07 0 -0.05083713378)
        (-6.25368337666e-07 0 -0.0508446211022)
        (-8.43820638321e-07 0 -0.0508536283688)
        (-1.09702174762e-06 0 -0.050864195003)
        (-1.38137278562e-06 0 -0.0508763229725)
        (-1.69209031928e-06 0 -0.0508899758005)
        (-2.02326131285e-06 0 -0.0509050798367)
        (-2.36853974745e-06 0 -0.050921528136)
        (-2.72130556217e-06 0 -0.0509391869903)
        (-3.07536756583e-06 0 -0.0509579013796)
        (-3.42482810772e-06 0 -0.0509775032991)
        (-3.76479302862e-06 0 -0.0509978173933)
        (-4.0915191857e-06 0 -0.0510186685482)
        (-4.40212202322e-06 0 -0.0510398866294)
        (-4.69464671263e-06 0 -0.0510613098289)
        (-4.96842988246e-06 0 -0.0510827894185)
        (-5.2238604764e-06 -1.73806488768e-11 -0.05110419064)
        (-5.46201273342e-06 0 -0.0511253950687)
        (-5.68508632964e-06 0 -0.0511463006235)
        (-5.89600764425e-06 0 -0.0511668220231)
        (-6.09816989712e-06 1.96628617594e-11 -0.0511868900278)
        (-6.29629471418e-06 2.03529466463e-11 -0.0512064510011)
        (-6.49574064213e-06 0 -0.0512254659727)
        (-6.70371171579e-06 0 -0.0512439108397)
        (-6.9287475339e-06 0 -0.0512617754336)
        (-7.18254829935e-06 0 -0.051279063781)
        (-7.48073303052e-06 0 -0.0512957967095)
        (-7.84521833043e-06 0 -0.0513120150779)
        (-8.30591346504e-06 0 -0.051327790416)
        (-8.90255090102e-06 0 -0.0513432418329)
        (-9.68595086987e-06 0 -0.0513585731277)
        (-1.07084221354e-05 0 -0.0513741358806)
        (-1.20000397918e-05 0 -0.0513905332335)
        (-1.35041435443e-05 0 -0.0514087671767)
        (-1.49398066744e-05 0 -0.0514304098329)
        (-1.55429272959e-05 0 -0.0514577196895)
        (-1.36203534202e-05 0 -0.0514935369594)
        (-5.86388806546e-06 0 -0.0515406607329)
    )
    ;
  }
  wedge1
  {
    type            wedge;
  }
  wedge2
  {
    type            wedge;
  }
  porousMat_to_tank
  {
    type            calculated;
    value           nonuniform List<vector>
    30
    (
        (0 0 -0.051663019406)
        (0 0 -0.0518710229826)
        (0 0 -0.052200741066)
        (0 -9.85088419678e-12 -0.0525989692684)
        (0 -9.80374336311e-12 -0.0530710429984)
        (0 9.74780333023e-12 -0.0536076814454)
        (0 0 -0.0542058191647)
        (0 0 -0.0548610591744)
        (0 0 -0.0555700407059)
        (0 0 -0.0563294167382)
        (0 0 -0.0571350318353)
        (0 9.27376505865e-12 -0.0579818239172)
        (0 0 -0.0588648815716)
        (0 0 -0.0597831460338)
        (0 -8.98075241671e-12 -0.0607343004406)
        (0 0 -0.0617158267784)
        (0 0 -0.0627255727907)
        (0 0 -0.0637609277388)
        (0 0 -0.0648106869748)
        (0 0 -0.0658756209832)
        (0 0 -0.0669591547673)
        (0 0 -0.0680640315168)
        (0 0 -0.069181076622)
        (0 0 -0.0703148296893)
        (0 0 -0.0716340889894)
        (0 0 -0.0731653469884)
        (0 0 -0.0751117916669)
        (0 0 -0.0778663751225)
        (0 0 -0.0823707934781)
        (0 0 -0.0925694747625)
    )
    ;
  }
}


// ************************************************************************* //
