/*--------------------------------*- C++ -*----------------------------------*\
  =========                 |
  \\      /  F ield         | OpenFOAM: The Open Source CFD Toolbox
   \\    /   O peration     | Website:  https://openfoam.org
    \\  /    A nd           | Version:  7
     \\/     M anipulation  |
\*---------------------------------------------------------------------------*/
FoamFile {
  version     2.0;
  format      ascii;
  class       volVectorField;
  location    "3600/porousMat";
  object      vG;
}
// * * * * * * * * * * * * * * * * * * * * * * * * * * * * * * * * * * * * * //

dimensions      [0 1 -1 0 0 0 0];

internalField   nonuniform List<vector>
1290
(
    (-5.40718103699e-08 0 -0.127315727172)
    (-1.41015822962e-07 0 -0.127318331867)
    (-2.74691301083e-07 0 -0.127323945662)
    (-4.71583132201e-07 0 -0.127332507934)
    (-7.46388182849e-07 -1.1464926054e-10 -0.127344211504)
    (-1.1089105991e-06 0 -0.127359301799)
    (-1.56342084416e-06 0 -0.127378011544)
    (-2.1095515958e-06 0 -0.127400518175)
    (-2.74255436904e-06 0 -0.127426920007)
    (-3.45343196404e-06 0 -0.127457221353)
    (-4.2302257982e-06 0 -0.127491330921)
    (-5.05815328213e-06 0 -0.127529063821)
    (-5.92134936864e-06 0 -0.127570152748)
    (-6.80326390543e-06 0 -0.127614262313)
    (-7.68841891458e-06 0 -0.127661005114)
    (-8.5620702693e-06 0 -0.127709959647)
    (-9.41198257155e-06 0 -0.127760686911)
    (-1.02287979643e-05 0 -0.127812748047)
    (-1.10053050581e-05 0 -0.127865715714)
    (-1.17366167816e-05 0 -0.127919184795)
    (-1.24210747062e-05 0 -0.1279727803)
    (-1.3059651191e-05 -4.3451622192e-11 -0.128026164049)
    (-1.36550318335e-05 0 -0.1280790369)
    (-1.42127158241e-05 0 -0.128131140917)
    (-1.47400191106e-05 0 -0.128182259443)
    (-1.52454247428e-05 4.91571543985e-11 -0.128232215672)
    (-1.57407367855e-05 5.08823666158e-11 -0.128280870442)
    (-1.62393516053e-05 0 -0.128328121096)
    (-1.67592792895e-05 0 -0.128373898602)
    (-1.73218688348e-05 0 -0.12841816638)
    (-1.79563707484e-05 0 -0.128460919454)
    (-1.87018325763e-05 0 -0.128502186548)
    (-1.96130458261e-05 0 -0.128542036047)
    (-2.07647836626e-05 0 -0.128580594888)
    (-2.22563772526e-05 0 -0.128618086083)
    (-2.42148771747e-05 0 -0.128654909417)
    (-2.67710553386e-05 0 -0.128691794302)
    (-3.00000994796e-05 0 -0.128730060354)
    (-3.37603588607e-05 0 -0.128772013185)
    (-3.73495166861e-05 0 -0.128821449927)
    (-3.88573182398e-05 0 -0.128884119437)
    (-3.40508835505e-05 0 -0.128967767745)
    (-1.46597201637e-05 0 -0.129081068551)
    (-1.57934325543e-07 0 -0.127692218)
    (-4.13469302529e-07 -2.72131174021e-10 -0.127694793795)
    (-8.07066100309e-07 1.76229735035e-10 -0.127700346538)
    (-1.38900588025e-06 -1.35970425358e-10 -0.127708819959)
    (-2.20302123494e-06 -2.28495100958e-10 -0.127720408568)
    (-3.27743693224e-06 -1.00976064738e-10 -0.127735359357)
    (-4.62554127322e-06 0 -0.12775390712)
    (-6.24619971704e-06 0 -0.127776232071)
    (-8.12486370353e-06 0 -0.127802435203)
    (-1.02348193757e-05 0 -0.127832525355)
    (-1.254011e-05 0 -0.127866413896)
    (-1.49967589363e-05 0 -0.127903920561)
    (-1.75571756208e-05 -3.79551930659e-11 -0.127944781448)
    (-2.01718272208e-05 0 -0.127988663575)
    (-2.27934269588e-05 0 -0.128035181466)
    (-2.53777335014e-05 0 -0.128083913854)
    (-2.78883386204e-05 0 -0.12813442135)
    (-3.02951811082e-05 0 -0.128186263526)
    (-3.25757967145e-05 0 -0.128239010299)
    (-3.4715286469e-05 0 -0.128292252882)
    (-3.67067972186e-05 0 -0.128345612073)
    (-3.85504965699e-05 0 -0.12839874376)
    (-4.02540687474e-05 0 -0.128451342796)
    (-4.18296164235e-05 0 -0.12850314428)
    (-4.32954900587e-05 0 -0.128553922885)
    (-4.4674612561e-05 0 -0.128603492427)
    (-4.59941722306e-05 -5.0706389938e-11 -0.128651703096)
    (-4.72858143086e-05 -2.6274892717e-11 -0.12869843744)
    (-4.85875541295e-05 0 -0.128743608424)
    (-4.99434506912e-05 0 -0.128787154578)
    (-5.14056848523e-05 0 -0.128829038506)
    (-5.30384925924e-05 0 -0.128869242618)
    (-5.49172224617e-05 0 -0.128907774812)
    (-5.71335945068e-05 0 -0.128944680019)
    (-5.97849927764e-05 0 -0.128980084634)
    (-6.2970011201e-05 0 -0.129014298092)
    (-6.67377706451e-05 0 -0.12904803682)
    (-7.0990793327e-05 0 -0.129082865998)
    (-7.52480264097e-05 0 -0.129121997293)
    (-7.81684648599e-05 0 -0.129171594143)
    (-7.65930651103e-05 0 -0.129242676142)
    (-6.38302571077e-05 0 -0.129353505773)
    (-2.67431586291e-05 0 -0.129531920386)
    (-2.43734926255e-07 0 -0.12844716504)
    (-6.43003271715e-07 0 -0.12844968648)
    (-1.26740262597e-06 0 -0.128455125668)
    (-2.20134260553e-06 0 -0.128463433861)
    (-3.51669605209e-06 -1.13815609802e-10 -0.128474808357)
    (-5.26016720629e-06 1.00594361947e-10 -0.12848950062)
    (-7.45356932188e-06 0 -0.128507748795)
    (-1.00953605194e-05 0 -0.12852973871)
    (-1.31616502528e-05 0 -0.128555577598)
    (-1.66087460314e-05 0 -0.128585280931)
    (-2.03771695733e-05 0 -0.128618768491)
    (-2.43951046927e-05 0 -0.128655866713)
    (-2.85822750129e-05 0 -0.128696318635)
    (-3.28572016402e-05 0 -0.128739797148)
    (-3.71391984244e-05 3.79204400708e-11 -0.128785919292)
    (-4.13547993772e-05 0 -0.128834265517)
    (-4.54410058319e-05 0 -0.128884394918)
    (-4.93464410578e-05 0 -0.128935864155)
    (-5.30302509075e-05 0 -0.128988238705)
    (-5.646529225e-05 0 -0.129041102976)
    (-5.96356987386e-05 0 -0.1290940693)
    (-6.25384637293e-05 0 -0.129146783724)
    (-6.517949528e-05 4.43803237174e-11 -0.129198930172)
    (-6.75740040879e-05 0 -0.12925023177)
    (-6.97444351395e-05 2.36062079429e-11 -0.129300450854)
    (-7.17185139407e-05 0 -0.129349386665)
    (-7.35277989572e-05 0 -0.129396873432)
    (-7.52080836111e-05 -2.61777591579e-11 -0.129442776897)
    (-7.67963125336e-05 0 -0.129486989303)
    (-7.83309319146e-05 0 -0.129529426327)
    (-7.98508340545e-05 0 -0.129570022363)
    (-8.13907774335e-05 0 -0.129608729886)
    (-8.29816852683e-05 0 -0.129645521706)
    (-8.46397279688e-05 3.31040299759e-11 -0.1296804077)
    (-8.63580087995e-05 0 -0.129713484969)
    (-8.80810963429e-05 0 -0.129745053351)
    (-8.96650929034e-05 0 -0.129775870919)
    (-9.07938021014e-05 0 -0.129807671553)
    (-9.08199132049e-05 0 -0.129844142006)
    (-8.84345983344e-05 0 -0.129892647789)
    (-8.10334550776e-05 0 -0.12996707056)
    (-6.34559017878e-05 2.35408173094e-11 -0.130092134307)
    (-2.5618709532e-05 0 -0.130309468973)
    (-2.95894460103e-07 0 -0.129324925289)
    (-7.93710940709e-07 2.69717421021e-10 -0.129327352788)
    (-1.59634421348e-06 1.74666671788e-10 -0.129332595357)
    (-2.82349357179e-06 -1.34764519969e-10 -0.129340616891)
    (-4.57425233454e-06 0 -0.129351621105)
    (-6.91316435214e-06 -1.00080735165e-10 -0.12936586499)
    (-9.87108453657e-06 0 -0.12938359401)
    (-1.34465742306e-05 0 -0.12940500308)
    (-1.76077032803e-05 0 -0.129430209894)
    (-2.22957556191e-05 0 -0.129459243096)
    (-2.74285900462e-05 -7.69323035673e-11 -0.129492035391)
    (-3.29074250435e-05 0 -0.129528426931)
    (-3.86218634935e-05 0 -0.129568173645)
    (-4.44568609931e-05 0 -0.129610958791)
    (-5.02991985862e-05 0 -0.12965640841)
    (-5.604421977e-05 0 -0.129704106924)
    (-6.16009183264e-05 -3.85376724853e-11 -0.129753613866)
    (-6.68945813997e-05 0 -0.129804485795)
    (-7.18643025458e-05 3.99183641926e-11 -0.129856284464)
    (-7.64656660495e-05 0 -0.129908587607)
    (-8.06710394583e-05 0 -0.129960998575)
    (-8.44695555878e-05 0 -0.130013152977)
    (-8.78618698195e-05 0 -0.130064723565)
    (-9.08613474529e-05 4.55076940765e-11 -0.130115421515)
    (-9.34878641227e-05 4.69750714324e-11 -0.13016499705)
    (-9.57692077906e-05 0 -0.13021323812)
    (-9.77358573576e-05 2.51326973067e-11 -0.130259968147)
    (-9.94180234813e-05 0 -0.130305041924)
    (-0.000100846459074 0 -0.130348343519)
    (-0.0001020485254 0 -0.130389781861)
    (-0.000103046946524 0 -0.130429288407)
    (-0.00010385622795 0 -0.130466818121)
    (-0.000104483641699 -3.16104745941e-11 -0.130502355825)
    (-0.000104920750061 0 -0.130535940988)
    (-0.000105141559762 0 -0.130567728922)
    (-0.000105086634063 0 -0.130598134911)
    (-0.000104627068765 0 -0.130628142535)
    (-0.000103491583643 0 -0.130659928431)
    (-0.000101100183551 0 -0.130698047912)
    (-9.62306082756e-05 0 -0.130751562545)
    (-8.63541791264e-05 0 -0.130837642612)
    (-6.64022165316e-05 0 -0.130987360607)
    (-2.65230975692e-05 -2.45817307977e-11 -0.131254583545)
    (-3.03422469828e-07 0 -0.130402054661)
    (-8.39000044478e-07 2.6811537732e-10 -0.1304043618)
    (-1.74970534032e-06 0 -0.130409352172)
    (-3.19225688616e-06 -1.33964151575e-10 -0.130417005767)
    (-5.29185506254e-06 0 -0.130427535012)
    (-8.13039205633e-06 0 -0.13044120426)
    (-1.17481919222e-05 0 -0.130458268911)
    (-1.61451933205e-05 0 -0.130478935011)
    (-2.12836323506e-05 0 -0.130503335938)
    (-2.7091026106e-05 3.91565241098e-11 -0.130531516377)
    (-3.34656592071e-05 -3.82381590596e-11 -0.13056342751)
    (-4.02836298198e-05 0 -0.130598928172)
    (-4.74051153897e-05 7.47938309474e-11 -0.130637791875)
    (-5.46831223127e-05 0 -0.130679717511)
    (-6.19710793505e-05 0 -0.13072434408)
    (-6.91312947085e-05 0 -0.130771263562)
    (-7.60441727433e-05 -3.83103634764e-11 -0.130820037004)
    (-8.26089036464e-05 0 -0.130870223103)
    (-8.87411496595e-05 0 -0.13092138119)
    (-9.43769095877e-05 0 -0.130973082162)
    (-9.94723933558e-05 0 -0.131024920505)
    (-0.000104004704877 0 -0.131076521262)
    (-0.00010796718867 0 -0.131127545703)
    (-0.000111366207824 0 -0.131177693671)
    (-0.000114219478214 0 -0.131226705671)
    (-0.000116551114105 0 -0.131274361127)
    (-0.0001183887468 2.4986400202e-11 -0.131320476639)
    (-0.000119760810084 0 -0.131364904438)
    (-0.000120693625854 0 -0.131407528913)
    (-0.000121209955282 0 -0.131448263622)
    (-0.000121326694759 0 -0.131487050346)
    (-0.000121052852703 0 -0.131523859358)
    (-0.000120389909411 0 -0.131558698467)
    (-0.000119325462674 0 -0.131591638397)
    (-0.00011783311562 0 -0.131622879205)
    (-0.000115854946668 0 -0.131652905085)
    (-0.000113274668277 0 -0.131682826897)
    (-0.000109849454597 0 -0.131715084173)
    (-0.000105065924062 0 -0.131754816091)
    (-9.78415876694e-05 0 -0.131812385455)
    (-8.59325908918e-05 0 -0.131907787564)
    (-6.48074318557e-05 0 -0.132077996313)
    (-2.55888061547e-05 -2.44560040472e-11 -0.132388781947)
    (-2.5453723509e-07 0 -0.131635260403)
    (-7.52109462959e-07 0 -0.131637418671)
    (-1.68280948053e-06 0 -0.13164209717)
    (-3.243356787e-06 -1.33047486513e-10 -0.131649295666)
    (-5.58346772236e-06 -1.11791836378e-10 -0.131659235932)
    (-8.80184848783e-06 0 -0.13167219201)
    (-1.29491807044e-05 9.0302675308e-11 -0.13168842969)
    (-1.80283648354e-05 8.451859102e-11 -0.131708170269)
    (-2.39981128913e-05 0 -0.131731564195)
    (-3.07755816771e-05 0 -0.131758678097)
    (-3.82423695618e-05 -7.59540293322e-11 -0.131789486168)
    (-4.62519282506e-05 3.74185707e-11 -0.131823871217)
    (-5.46379192438e-05 0 -0.13186163003)
    (-6.32227094244e-05 0 -0.131902483599)
    (-7.18267894436e-05 3.72492409699e-11 -0.13194608896)
    (-8.0277714325e-05 3.757296641e-11 -0.13199205282)
    (-8.84260370811e-05 0 -0.132039939163)
    (-9.61443290961e-05 0 -0.132089313324)
    (-0.000103320671563 0 -0.132139735206)
    (-0.000109867583801 0 -0.132190770885)
    (-0.000115723685351 0 -0.132242006311)
    (-0.000120850461545 0 -0.132293057398)
    (-0.000125231258083 0 -0.132343575059)
    (-0.000128866358153 0 -0.132393249777)
    (-0.000131769208389 0 -0.132441813506)
    (-0.000133962516735 2.39763508661e-11 -0.132489039135)
    (-0.000135474846086 0 -0.132534740877)
    (-0.000136337909018 0 -0.132578771063)
    (-0.000136581706481 0 -0.132621018117)
    (-0.000136234296896 0 -0.132661404315)
    (-0.000135321962601 0 -0.132699884446)
    (-0.000133863882176 0 -0.132736445997)
    (-0.000131874287422 0 -0.132771118977)
    (-0.000129361618144 0 -0.132804003379)
    (-0.000126319363337 0 -0.132835341836)
    (-0.000122718694568 0 -0.132865691353)
    (-0.000118475802864 0 -0.132896300695)
    (-0.00011338679157 -3.86144150568e-11 -0.132929897939)
    (-0.000106986163481 4.0365082793e-11 -0.132972234415)
    (-9.82693388756e-05 -2.11111464656e-11 -0.133034972187)
    (-8.51422791293e-05 2.20997375819e-11 -0.133140812632)
    (-6.33979470116e-05 0 -0.133332252391)
    (-2.48347905512e-05 2.43089395704e-11 -0.133686108)
    (-1.40604394474e-07 0 -0.133026325027)
    (-5.12483460222e-07 0 -0.133028313125)
    (-1.36144658038e-06 -1.71127370817e-10 -0.13303263407)
    (-2.92717617639e-06 0 -0.133039309658)
    (-5.38219626562e-06 0 -0.13304857236)
    (-8.84166742707e-06 0 -0.133060705384)
    (-1.33670728442e-05 0 -0.133075987125)
    (-1.89669274443e-05 0 -0.133094654879)
    (-2.55992120336e-05 0 -0.133116880112)
    (-3.31744260722e-05 0 -0.133142753398)
    (-4.15612078376e-05 0 -0.133172277)
    (-5.0594762424e-05 0 -0.133205362298)
    (-6.00846944631e-05 0 -0.133241835105)
    (-6.98264475322e-05 0 -0.133281443743)
    (-7.96092794843e-05 0 -0.133323871274)
    (-8.92252446397e-05 0 -0.133368746406)
    (-9.84931263956e-05 0 -0.133415640484)
    (-0.000107256662864 0 -0.13346413028)
    (-0.000115374491804 0 -0.13351377816)
    (-0.000122732176675 0 -0.133564146629)
    (-0.00012924775652 -4.09643026418e-11 -0.133614814787)
    (-0.000134867028626 0 -0.133665390212)
    (-0.000139561318335 0 -0.13371551439)
    (-0.000143323782238 0 -0.133764868443)
    (-0.000146165505821 0 -0.133813175576)
    (-0.000148110637351 4.75939067147e-11 -0.133860202542)
    (-0.000149193105238 4.92665591967e-11 -0.133905759636)
    (-0.000149451826568 0 -0.133949697828)
    (-0.000148929365325 0 -0.133991908229)
    (-0.000147669001945 0 -0.134032318396)
    (-0.000145712327126 0 -0.13407089065)
    (-0.00014309924653 0 -0.134107623265)
    (-0.000139864217092 0 -0.134142559051)
    (-0.000136038542488 0 -0.134175814986)
    (-0.00013163965438 0 -0.134207660215)
    (-0.000126660727107 0 -0.134238702728)
    (-0.000121041898709 0 -0.134270302991)
    (-0.000114604001826 -3.83303939757e-11 -0.134305439991)
    (-0.000106920857329 0 -0.134350428444)
    (-9.70593420115e-05 0 -0.13441814944)
    (-8.30876999681e-05 0 -0.13453386801)
    (-6.11484822383e-05 0 -0.134745311652)
    (-2.37775240504e-05 0 -0.135139738819)
    (4.51019526823e-08 0 -0.13456179885)
    (-1.03164506727e-07 -2.62046691161e-10 -0.134563598344)
    (-7.57060709864e-07 0 -0.134567522236)
    (-2.20182200254e-06 0 -0.134573616516)
    (-4.63080034509e-06 1.10014693097e-10 -0.134582122949)
    (-8.17470511188e-06 0 -0.134593334308)
    (-1.29073962419e-05 0 -0.134607541349)
    (-1.88447558512e-05 0 -0.13462499845)
    (-2.59478980415e-05 0 -0.134645899195)
    (-3.41252091251e-05 0 -0.134670361442)
    (-4.32368875614e-05 0 -0.134698418566)
    (-5.31043703727e-05 0 -0.134730015607)
    (-6.35187213766e-05 0 -0.134765012393)
    (-7.42519683064e-05 0 -0.134803190357)
    (-8.50681141426e-05 3.66598104762e-11 -0.134844264552)
    (-9.57260287582e-05 0 -0.134887896793)
    (-0.000106008661038 -3.74490166256e-11 -0.134933683363)
    (-0.000115725106724 0 -0.134981211221)
    (-0.000124701205414 0 -0.135030043124)
    (-0.000132796500719 0 -0.135079739268)
    (-0.000139907036977 0 -0.135129875492)
    (-0.000145960596779 0 -0.135180052134)
    (-0.000150915818693 0 -0.13522990128)
    (-0.000154759058487 0 -0.135279094281)
    (-0.000157498706217 0 -0.135327343641)
    (-0.000159162385052 -2.36018420389e-11 -0.135374407086)
    (-0.000159792159369 -4.88631525677e-11 -0.13542008658)
    (-0.000159439377148 0 -0.135464228017)
    (-0.00015816344368 0 -0.135506718998)
    (-0.000156025745964 0 -0.135547485204)
    (-0.000153092088261 0 -0.135586489464)
    (-0.000149424856016 0 -0.135623731895)
    (-0.000145086095724 0 -0.135659259984)
    (-0.000140130101406 0 -0.135693199839)
    (-0.000134602419913 0 -0.135725841754)
    (-0.000128519850622 0 -0.13575784231)
    (-0.000121842581229 -3.63925156045e-11 -0.135790676615)
    (-0.000114415009649 0 -0.135827582603)
    (-0.000105833092994 0 -0.135875438799)
    (-9.5211239766e-05 4.15780221751e-11 -0.135948317452)
    (-8.07320172311e-05 0 -0.136073928241)
    (-5.88346917075e-05 0 -0.136304914055)
    (-2.27278370565e-05 0 -0.136738277222)
    (3.08147708146e-07 0 -0.136234218016)
    (4.87888506789e-07 -2.59687827965e-10 -0.136235824605)
    (1.51344146171e-07 0 -0.136239341654)
    (-1.03575108792e-06 0 -0.136244837582)
    (-3.28473264672e-06 1.09024553987e-10 -0.136252563821)
    (-6.74154428451e-06 0 -0.136262821043)
    (-1.14927811348e-05 0 -0.136275911463)
    (-1.75648107972e-05 0 -0.136292107021)
    (-2.49253660314e-05 0 -0.136311623891)
    (-3.34859166436e-05 3.7927545074e-11 -0.136334608927)
    (-4.31041778884e-05 0 -0.136361129322)
    (-5.35927426697e-05 0 -0.136391167019)
    (-6.47301539307e-05 0 -0.136424619577)
    (-7.62705523912e-05 0 -0.13646130551)
    (-8.79603822705e-05 0 -0.136500972808)
    (-9.95492761624e-05 0 -0.136543313611)
    (-0.00011076879474 -3.71141203315e-11 -0.136587919419)
    (-0.000121363970476 0 -0.136634415409)
    (-0.000131135558178 0 -0.136682387731)
    (-0.000139923768817 0 -0.136731403523)
    (-0.000147602031263 0 -0.136781039352)
    (-0.000154078365368 0 -0.136830890203)
    (-0.000159296909083 0 -0.136880580019)
    (-0.000163234358378 -4.38406574119e-11 -0.136929767218)
    (-0.000165896287916 0 -0.136978151775)
    (-0.000167313781869 0 -0.137025476867)
    (-0.000167537162555 0 -0.137071531383)
    (-0.000166632352147 0 -0.137116148799)
    (-0.000164675797327 0 -0.137159205138)
    (-0.000161750442465 0 -0.137200616421)
    (-0.000157945119306 0 -0.137240337116)
    (-0.000153347312228 0 -0.137278359934)
    (-0.000148045328721 0 -0.137314727316)
    (-0.000142119590553 0 -0.137349565841)
    (-0.00013563998827 0 -0.137383177153)
    (-0.000128648519183 0 -0.137416259168)
    (-0.000121132639393 -3.60747273474e-11 -0.137450394262)
    (-0.000112960517804 3.76895053012e-11 -0.137489076054)
    (-0.000103758639273 0 -0.137539746787)
    (-9.26797971107e-05 0 -0.137617657877)
    (-7.79922777047e-05 0 -0.137752890403)
    (-5.6373288333e-05 0 -0.138002741854)
    (-2.16518789217e-05 0 -0.138473304982)
    (6.46010274847e-07 0 -0.138031200929)
    (1.25598246448e-06 -2.57195579795e-10 -0.138032618419)
    (1.3569368363e-06 0 -0.138035735186)
    (5.63116357595e-07 0 -0.13804064036)
    (-1.35253662642e-06 0 -0.138047592239)
    (-4.54920453623e-06 0 -0.138056898638)
    (-9.12789227946e-06 0 -0.138068870833)
    (-1.51276061119e-05 8.16369151791e-11 -0.138083797191)
    (-2.25273848645e-05 0 -0.138101915901)
    (-3.12468943032e-05 0 -0.138123403598)
    (-4.11470031349e-05 0 -0.138148362104)
    (-5.20392889313e-05 0 -0.138176813129)
    (-6.36934229188e-05 0 -0.138208695549)
    (-7.58505384058e-05 0 -0.1382438681)
    (-8.82377456647e-05 0 -0.13828211329)
    (-0.000100591502389 0 -0.138323148294)
    (-0.000112606856612 0 -0.138366595642)
    (-0.000123982170475 0 -0.138412105239)
    (-0.000134493046085 0 -0.138459290023)
    (-0.000143952019804 0 -0.138507733638)
    (-0.000152204012449 -3.98819693702e-11 -0.13855701767)
    (-0.000159134125832 0 -0.138606734151)
    (-0.000164667440723 0 -0.138656496783)
    (-0.000168767689881 0 -0.138705950007)
    (-0.00017143550951 0 -0.13875477602)
    (-0.000172701287786 2.31721462662e-11 -0.138802698843)
    (-0.000172623359402 4.79746639679e-11 -0.138849486887)
    (-0.000171278354892 0 -0.138894953503)
    (-0.000168759753468 0 -0.138938955029)
    (-0.000165169765378 0 -0.138981389527)
    (-0.000160618856613 0 -0.139022194052)
    (-0.000155217456081 0 -0.139061346886)
    (-0.000149074470096 0 -0.139098878277)
    (-0.000142295893201 0 -0.139134907812)
    (-0.000134970478822 0 -0.13916974359)
    (-0.000127162445733 0 -0.139204117358)
    (-0.000118885277123 0 -0.139239713208)
    (-0.000110045083123 -1.86692260382e-11 -0.139280273592)
    (-0.00010032958111 0 -0.139333802651)
    (-8.89860663695e-05 0 -0.139416734763)
    (-7.4418934049e-05 0 -0.139561499033)
    (-5.35010578095e-05 0 -0.13982981657)
    (-2.04808583361e-05 0 -0.140336181545)
    (1.05140719098e-06 0 -0.139942013004)
    (2.18422034681e-06 -2.54597100149e-10 -0.139943241524)
    (2.83261671512e-06 0 -0.139945957586)
    (2.55788674868e-06 0 -0.139950267137)
    (1.12003652728e-06 1.06887419585e-10 -0.139956432661)
    (-1.65236812116e-06 0 -0.139964765672)
    (-5.87502523201e-06 0 -0.13997558354)
    (-1.1602671684e-05 0 -0.139989188882)
    (-1.88289860653e-05 0 -0.140005839888)
    (-2.74880746485e-05 7.4369214017e-11 -0.140025740471)
    (-3.7451321398e-05 0 -0.140049028909)
    (-4.8534517829e-05 0 -0.14007576814)
    (-6.05069631063e-05 0 -0.140105942541)
    (-7.30993701705e-05 0 -0.140139456745)
    (-8.60157628307e-05 3.56213825503e-11 -0.140176138335)
    (-9.89431859172e-05 0 -0.140215738885)
    (-0.000111580390547 -3.63900107429e-11 -0.140258010765)
    (-0.000123643684403 0 -0.140302580171)
    (-0.000134865102107 0 -0.140349059046)
    (-0.000145011326633 0 -0.140397049917)
    (-0.000153892010161 0 -0.140446141912)
    (-0.000161361996991 0 -0.140495924442)
    (-0.000167322406228 0 -0.140546001233)
    (-0.000171720484564 -4.29919031929e-11 -0.140596000723)
    (-0.000174544559629 0 -0.140645583033)
    (-0.000175821558983 0 -0.140694447695)
    (-0.000175610885208 0 -0.140742335998)
    (-0.000173997627322 0 -0.140789033359)
    (-0.000171087276125 0 -0.140834369147)
    (-0.00016699860932 0 -0.140878214852)
    (-0.000161860045159 0 -0.140920484217)
    (-0.000155801770195 0 -0.140961134226)
    (-0.000148952832378 0 -0.141000178716)
    (-0.000141433227184 0 -0.141037728432)
    (-0.000133348444072 0 -0.141074095305)
    (-0.00012477392659 0 -0.141110042955)
    (-0.000115735147967 -1.7692974312e-11 -0.141147345968)
    (-0.000106161154548 1.84853879816e-11 -0.141189969807)
    (-9.57977443634e-05 0 -0.141246428871)
    (-8.40295567078e-05 0 -0.141334278997)
    (-6.95263343447e-05 0 -0.141488315928)
    (-4.95691243366e-05 0 -0.141774743286)
    (-1.88972161527e-05 0 -0.142315976956)
    (1.52233470089e-06 0 -0.141959189879)
    (3.2680080058e-06 -2.51914493878e-10 -0.141960242128)
    (4.5726432646e-06 -1.63137903029e-10 -0.141962583966)
    (4.943568707e-06 -1.25869821503e-10 -0.141966332449)
    (4.13053719781e-06 1.05761212327e-10 -0.141971749847)
    (1.95222328853e-06 0 -0.141979148132)
    (-1.7221716947e-06 0 -0.141988846667)
    (-6.96546909533e-06 7.99610162668e-11 -0.142001158213)
    (-1.37896447935e-05 0 -0.142016358127)
    (-2.21491678652e-05 0 -0.142034674937)
    (-3.19330426782e-05 -3.59310299982e-11 -0.142056280772)
    (-4.2970651511e-05 7.08071981808e-11 -0.142081280687)
    (-5.503828256e-05 0 -0.142109706495)
    (-6.78679161678e-05 0 -0.142141514679)
    (-8.11552345154e-05 3.52471758406e-11 -0.142176587469)
    (-9.45679492724e-05 0 -0.142214736769)
    (-0.000107791983703 0 -0.14225568987)
    (-0.000120530667255 0 -0.142299157946)
    (-0.000132483012871 0 -0.14234480159)
    (-0.000143379141694 0 -0.142392241299)
    (-0.000152992909641 0 -0.142441076297)
    (-0.00016114637555 0 -0.142490898066)
    (-0.000167711359014 0 -0.142541303075)
    (-0.000172609887809 -4.25438247067e-11 -0.142591902528)
    (-0.000175812258972 0 -0.142642334406)
    (-0.000177333871658 4.54052605078e-11 -0.142692269102)
    (-0.00017722846054 4.70036296423e-11 -0.142741415637)
    (-0.000175583130317 0 -0.142789525205)
    (-0.000172510484764 0 -0.142836392842)
    (-0.000168141218214 0 -0.142881856962)
    (-0.000162619834349 0 -0.1429258002)
    (-0.000156093749749 0 -0.142968152715)
    (-0.00014871316618 0 -0.143008907517)
    (-0.000140616737827 0 -0.143048164654)
    (-0.000131926934731 0 -0.143086242194)
    (-0.000122732765091 0 -0.143123938964)
    (-0.000113068157108 0 -0.143163123835)
    (-0.000102868097689 0 -0.143207972269)
    (-9.18918280856e-05 3.82532082156e-11 -0.143267444619)
    (-7.95815061561e-05 -2.00102790003e-11 -0.143360023078)
    (-6.48124362697e-05 0 -0.143522423379)
    (-4.53930451498e-05 0 -0.143825147843)
    (-1.70915190101e-05 2.30956485801e-11 -0.144399585363)
    (2.05406279735e-06 0 -0.144074577727)
    (4.49650722583e-06 -2.49158836125e-10 -0.144075464375)
    (6.56024319833e-06 0 -0.144077454932)
    (7.69947357145e-06 0 -0.144080671012)
    (7.65689389787e-06 0 -0.144085368941)
    (6.24398394e-06 0 -0.144091856323)
    (3.31449423851e-06 0 -0.144100448308)
    (-1.22341668848e-06 7.90863682909e-11 -0.144111463824)
    (-7.40367331355e-06 0 -0.144125190899)
    (-1.5205994819e-05 0 -0.144141877571)
    (-2.45458929136e-05 0 -0.144161725386)
    (-3.52745281816e-05 0 -0.14418488058)
    (-4.71861004758e-05 0 -0.144211422602)
    (-6.00245369116e-05 0 -0.144241362263)
    (-7.34933167638e-05 0 -0.14427463956)
    (-8.72692944184e-05 0 -0.144311130564)
    (-0.000101015998989 0 -0.144350660701)
    (-0.000114396483791 0 -0.14439296015)
    (-0.000127088796496 0 -0.144437710562)
    (-0.000138795563608 0 -0.14448455968)
    (-0.000149255601061 -3.86452665311e-11 -0.144533125782)
    (-0.000158254346118 0 -0.144583008472)
    (-0.000165627515328 0 -0.144633800382)
    (-0.000171264765025 0 -0.144685099744)
    (-0.000175108801905 0 -0.144736520813)
    (-0.000177153399101 4.49149149441e-11 -0.144787703285)
    (-0.000177438378594 2.3248294383e-11 -0.144838320143)
    (-0.000176043290854 0 -0.144888082698)
    (-0.00017307997016 0 -0.144936744418)
    (-0.000168685985836 0 -0.144984103044)
    (-0.000163015282029 0 -0.145030002089)
    (-0.000156232812557 0 -0.145074336398)
    (-0.00014850703081 0 -0.145117069568)
    (-0.00014000172747 0 -0.145158285266)
    (-0.000130860374793 0 -0.145198304728)
    (-0.00012119250159 0 -0.145237963639)
    (-0.000111053557152 0 -0.145279233028)
    (-0.000100398318712 -3.61994611859e-11 -0.145326521078)
    (-8.9007302324e-05 0 -0.145389267407)
    (-7.6359701097e-05 0 -0.145486887345)
    (-6.14247602751e-05 0 -0.145657850488)
    (-4.23274071061e-05 0 -0.145975908896)
    (-1.57304632872e-05 0 -0.146578912053)
    (2.63570048002e-06 0 -0.146282871848)
    (5.84385143423e-06 -2.46348631136e-10 -0.146283617361)
    (8.75388769953e-06 -1.59533416169e-10 -0.14628531348)
    (1.07697298851e-05 0 -0.146288076277)
    (1.16302189146e-05 0 -0.146292148628)
    (1.11425484257e-05 0 -0.146297828568)
    (9.14647293179e-06 0 -0.146305419839)
    (5.52843903204e-06 7.81942914007e-11 -0.146315242074)
    (2.31997639886e-07 0 -0.146327592539)
    (-6.75249076521e-06 0 -0.146342730378)
    (-1.53743524312e-05 0 -0.146360880647)
    (-2.55172892394e-05 0 -0.146382224049)
    (-3.70028176288e-05 0 -0.146406886856)
    (-4.95976290011e-05 0 -0.146434932851)
    (-6.30209851454e-05 0 -0.146466359686)
    (-7.69551395159e-05 0 -0.146501097643)
    (-9.10613313085e-05 0 -0.146539007087)
    (-0.000104990790136 0 -0.146579889137)
    (-0.000118398550592 0 -0.146623484978)
    (-0.000130956573674 0 -0.14666948536)
    (-0.000142367450752 0 -0.146717538722)
    (-0.000152376066352 0 -0.14676726309)
    (-0.000160775770872 0 -0.146818256765)
    (-0.000167414960457 0 -0.146870110947)
    (-0.000172198979283 0 -0.146922421217)
    (-0.000175087810967 4.44141487155e-11 -0.146974798339)
    (-0.000176095039205 4.59787444029e-11 -0.14702687753)
    (-0.000175281698146 0 -0.147078327102)
    (-0.000172747840231 0 -0.147128853664)
    (-0.000168627307765 0 -0.147178207442)
    (-0.000163077778096 0 -0.147226184726)
    (-0.000156273446958 0 -0.147272634788)
    (-0.000148400132137 0 -0.147317479673)
    (-0.000139644688731 0 -0.147360777906)
    (-0.000130172733641 0 -0.147402847992)
    (-0.000120114218865 0 -0.147444552956)
    (-0.000109545400125 0 -0.147487954397)
    (-9.84481255731e-05 -1.79000696762e-11 -0.147537677275)
    (-8.6640963521e-05 0 -0.147603620573)
    (-7.36704553587e-05 0 -0.147706113904)
    (-5.86340348574e-05 0 -0.147885368338)
    (-3.99015648954e-05 0 -0.148218350676)
    (-1.46884446832e-05 0 -0.148848751017)
    (3.25615350881e-06 0 -0.148576647586)
    (7.28213933581e-06 0 -0.148577270193)
    (1.11074162063e-05 0 -0.148578691383)
    (1.40921896242e-05 -1.21663939395e-10 -0.148581062792)
    (1.59738653223e-05 0 -0.148584607579)
    (1.65596031339e-05 0 -0.148589586663)
    (1.56763601171e-05 0 -0.148596310984)
    (1.31867129707e-05 0 -0.148605058606)
    (9.01207143023e-06 0 -0.148616126218)
    (3.11139788639e-06 3.55637865147e-11 -0.148629797386)
    (-4.50535918564e-06 0 -0.148646315006)
    (-1.37646150404e-05 0 -0.148665880997)
    (-2.45267094346e-05 0 -0.148688654488)
    (-3.65924818749e-05 0 -0.148714746904)
    (-4.97087920418e-05 3.40713645134e-11 -0.148744215483)
    (-6.35780570661e-05 0 -0.148777055854)
    (-7.78681315168e-05 -3.48085333653e-11 -0.148813199367)
    (-9.22255581702e-05 0 -0.148852506)
    (-0.0001062914612 0 -0.148894773295)
    (-0.00011971449813 0 -0.148939742951)
    (-0.000132163253276 0 -0.148987105299)
    (-0.000143340609376 0 -0.149036507398)
    (-0.000152993191883 0 -0.149087564853)
    (-0.000160920258186 0 -0.149139871882)
    (-0.000166977342959 -4.2467159305e-11 -0.149193013529)
    (-0.000171078703306 0 -0.149246577081)
    (-0.000173197185173 0 -0.149300163067)
    (-0.000173359710993 0 -0.149353396006)
    (-0.000171642037135 0 -0.149405932315)
    (-0.000168161195236 0 -0.149457469058)
    (-0.000163065393594 0 -0.149507749666)
    (-0.000156527061996 -2.74664684005e-11 -0.149556569253)
    (-0.000148743672511 0 -0.149603789466)
    (-0.00013992680694 0 -0.14964943436)
    (-0.000130264153187 0 -0.14969381652)
    (-0.000119904630388 0 -0.149737818888)
    (-0.000108948397031 0 -0.149783588174)
    (-9.74026086984e-05 0 -0.149835959692)
    (-8.51206360498e-05 0 -0.149905274892)
    (-7.17064146598e-05 0 -0.150012720233)
    (-5.63776670379e-05 -2.02742853513e-11 -0.150200095315)
    (-3.77813214042e-05 0 -0.150547249012)
    (-1.37391031295e-05 -2.23583280111e-11 -0.151203078291)
    (3.90770042809e-06 0 -0.150949783078)
    (8.80493937586e-06 -2.40617312018e-10 -0.150950343656)
    (1.35978005722e-05 -1.55821705087e-10 -0.150951606381)
    (1.76075303664e-05 0 -0.150953712296)
    (2.06025347976e-05 0 -0.150956867328)
    (2.23796828848e-05 0 -0.150961305634)
    (2.27681461534e-05 0 -0.150967316767)
    (2.16199212271e-05 7.63745154839e-11 -0.150975162199)
    (1.88045626436e-05 0 -0.150985122654)
    (1.42447001532e-05 0 -0.150997478671)
    (7.92006664995e-06 0 -0.151012483767)
    (-1.38253852143e-07 0 -0.151030357969)
    (-9.84215865782e-06 0 -0.15105128983)
    (-2.10443898241e-05 0 -0.151075430529)
    (-3.35367550318e-05 0 -0.151102888791)
    (-4.70545710693e-05 0 -0.151133720538)
    (-6.12864913987e-05 0 -0.151167922913)
    (-7.58869234648e-05 0 -0.151205425977)
    (-9.04937449734e-05 0 -0.151246094112)
    (-0.00010473881101 0 -0.151289732145)
    (-0.000118263089524 0 -0.151336084878)
    (-0.000130729658274 0 -0.151384844618)
    (-0.000141837843756 0 -0.151435658219)
    (-0.000151331680495 0 -0.151488139191)
    (-0.000159007814179 0 -0.15154187655)
    (-0.000164720801564 4.33913725299e-11 -0.151596445064)
    (-0.000168386823057 4.49211287535e-11 -0.15165141912)
    (-0.000169981348601 0 -0.151706382664)
    (-0.000169538552418 0 -0.151760942662)
    (-0.000167143848847 0 -0.151814739704)
    (-0.000162923675352 0 -0.151867459456)
    (-0.000157028787477 0 -0.151918841163)
    (-0.000149651063551 0 -0.151968666051)
    (-0.000141020001975 0 -0.15201690621)
    (-0.000131338038495 0 -0.152063860839)
    (-0.000120773364389 0 -0.152110410742)
    (-0.000109461795888 0 -0.15215876952)
    (-9.74583433188e-05 -3.49849651365e-11 -0.152213971371)
    (-8.46736722835e-05 0 -0.152286791909)
    (-7.07819870866e-05 0 -0.152399264444)
    (-5.50990093414e-05 0 -0.152594718918)
    (-3.6453767812e-05 0 -0.152955648921)
    (-1.31167001765e-05 0 -0.153635457892)
    (4.55218316313e-06 0 -0.15337883822)
    (1.03178641348e-05 -2.37701150677e-10 -0.15337942243)
    (1.6108249485e-05 -1.53933165201e-10 -0.153380724624)
    (2.12070945154e-05 0 -0.15338282393)
    (2.53961736027e-05 0 -0.15338590083)
    (2.84826809077e-05 0 -0.153390179574)
    (3.02882796408e-05 0 -0.153395899947)
    (3.06496567007e-05 0 -0.153403331895)
    (2.94155815322e-05 0 -0.153412734835)
    (2.64710975974e-05 0 -0.153424361818)
    (2.17467387268e-05 0 -0.153438458905)
    (1.52210800775e-05 0 -0.153455259375)
    (6.92608297577e-06 0 -0.153474971772)
    (-3.04810392705e-06 0 -0.153497776606)
    (-1.45493348071e-05 0 -0.153523820136)
    (-2.73640508252e-05 0 -0.153553210956)
    (-4.12187928602e-05 0 -0.153586009748)
    (-5.57914239492e-05 0 -0.153622214015)
    (-7.07298383151e-05 0 -0.153661753576)
    (-8.56632695856e-05 0 -0.153704499097)
    (-0.000100215246466 -3.68780621322e-11 -0.153750254534)
    (-0.000114019054456 0 -0.153798765949)
    (-0.000126729771051 0 -0.153849728004)
    (-0.000138035615175 0 -0.153902788129)
    (-0.00014766727358 0 -0.153957554593)
    (-0.000155407096968 4.28724718849e-11 -0.154013605534)
    (-0.000161097736458 4.43847291127e-11 -0.154070500076)
    (-0.000164643295436 0 -0.154127790567)
    (-0.000166014056932 0 -0.154185036293)
    (-0.000165242953146 0 -0.154241817542)
    (-0.000162422452434 0 -0.154297753513)
    (-0.000157692014248 0 -0.154352531476)
    (-0.000151202535419 0 -0.154405563466)
    (-0.000143113131511 0 -0.154456765057)
    (-0.000133616869178 0 -0.154506694287)
    (-0.000122921498738 0 -0.15455619366)
    (-0.000111206852868 0 -0.154607513762)
    (-9.85922227722e-05 -3.45725533278e-11 -0.154665844495)
    (-8.50918465301e-05 0 -0.154742346254)
    (-7.05295717338e-05 0 -0.154859853326)
    (-5.44112100992e-05 0 -0.155063201356)
    (-3.57402159986e-05 0 -0.155437474477)
    (-1.28135471667e-05 0 -0.156140188786)
    (5.18039343732e-06 0 -0.155864906603)
    (1.17939070162e-05 -2.34786967892e-10 -0.155865514384)
    (1.8568345559e-05 0 -0.155866862136)
    (2.47613553384e-05 0 -0.155868998383)
    (3.01743627762e-05 0 -0.155872067321)
    (3.46297133839e-05 8.71194881061e-11 -0.155876255814)
    (3.79479568452e-05 0 -0.155881768695)
    (3.99536932354e-05 0 -0.155888837829)
    (4.047574424e-05 0 -0.155897694748)
    (3.93643606334e-05 3.42907542185e-11 -0.155908571686)
    (3.65036249875e-05 0 -0.155921697427)
    (3.18171733651e-05 0 -0.15593729463)
    (2.52752872544e-05 0 -0.155955573067)
    (1.69008613412e-05 -3.27160883642e-11 -0.155976726582)
    (6.77501822007e-06 0 -0.156000931163)
    (-4.9570819906e-06 0 -0.15602834289)
    (-1.80796901105e-05 -3.35642199107e-11 -0.156059089344)
    (-3.23078999627e-05 0 -0.156093247911)
    (-4.73103755556e-05 0 -0.156130820319)
    (-6.27260222679e-05 0 -0.156171744208)
    (-7.81796227119e-05 0 -0.15621588937)
    (-9.32916767589e-05 0 -0.156263073389)
    (-0.000107687326608 0 -0.156313061207)
    (-0.000121004770337 0 -0.156365563371)
    (-0.000132909007873 -2.04797720771e-11 -0.156420238103)
    (-0.000143103451335 0 -0.156476697294)
    (-0.000151340902686 0 -0.15653451414)
    (-0.00015743312146 0 -0.156593234947)
    (-0.000161256360867 0 -0.156652391016)
    (-0.000162753697555 0 -0.156711513874)
    (-0.000161937435704 0 -0.156770153863)
    (-0.000158884917891 0 -0.15682791145)
    (-0.000153702583449 0 -0.156884515986)
    (-0.000146504386504 0 -0.156939798739)
    (-0.000137453942687 0 -0.156993868028)
    (-0.000126739087864 0 -0.157047555006)
    (-0.000114523247776 0 -0.157103148746)
    (-0.000100935384897 0 -0.157165990328)
    (-8.60593843212e-05 0 -0.157247625488)
    (-6.99078660362e-05 0 -0.157371751021)
    (-5.23821609765e-05 0 -0.157585004479)
    (-3.31709992858e-05 0 -0.157976035237)
    (-1.15547435126e-05 0 -0.158709126605)
    (5.76651017064e-06 0 -0.158400770092)
    (1.31751585512e-05 0 -0.158401474259)
    (2.08850422781e-05 -1.5016770091e-10 -0.15840301138)
    (2.81392757723e-05 0 -0.158405391834)
    (3.47650113495e-05 0 -0.158408718481)
    (4.0604916377e-05 0 -0.158413139537)
    (4.54854212616e-05 0 -0.158418818671)
    (4.92242660014e-05 7.36013989355e-11 -0.158425945608)
    (5.16337297393e-05 0 -0.158434714745)
    (5.25343221056e-05 0 -0.158445324928)
    (5.1767876325e-05 0 -0.158457975889)
    (4.92046774342e-05 0 -0.15847286556)
    (4.47526992645e-05 0 -0.158490186981)
    (3.83614215804e-05 0 -0.158510127142)
    (3.00294157997e-05 0 -0.158532867763)
    (1.98110722746e-05 0 -0.158558590893)
    (7.83679399707e-06 0 -0.158587484599)
    (-5.66239663986e-06 0 -0.158619726373)
    (-2.03693569759e-05 0 -0.158655404377)
    (-3.59398058107e-05 0 -0.158694481149)
    (-5.20289263818e-05 0 -0.158736881864)
    (-6.82772452474e-05 0 -0.158782504137)
    (-8.43036092479e-05 0 -0.158831201844)
    (-9.9715028753e-05 0 -0.158882773241)
    (-0.000114120977279 0 -0.158936957381)
    (-0.000127148136898 4.18277796609e-11 -0.158993433434)
    (-0.000138455495487 2.16521816707e-11 -0.159051825299)
    (-0.000147745834528 0 -0.159111708401)
    (-0.00015478012893 0 -0.159172621357)
    (-0.000159381900372 0 -0.159234079156)
    (-0.000161443582951 0 -0.159295592849)
    (-0.000160924048807 0 -0.159356693342)
    (-0.000157853205812 0 -0.159416972626)
    (-0.000152319592558 0 -0.159476203601)
    (-0.000144430786919 0 -0.159534506636)
    (-0.000134296967312 0 -0.159592689899)
    (-0.000122020573833 0 -0.159653044318)
    (-0.000107684624785 -1.68708660287e-11 -0.159720964805)
    (-9.13616258852e-05 0 -0.159808140062)
    (-7.31526754646e-05 0 -0.159938574959)
    (-5.32603250181e-05 0 -0.160159543604)
    (-3.21319663661e-05 0 -0.160561027019)
    (-1.06777157524e-05 0 -0.161310125344)
    (6.28986115691e-06 0 -0.16098349805)
    (1.44147931403e-05 -2.29008895019e-10 -0.160984352997)
    (2.29826002885e-05 -1.48303604294e-10 -0.160986189882)
    (3.12345856362e-05 0 -0.160988972051)
    (3.90294884791e-05 0 -0.160992757938)
    (4.62355752085e-05 0 -0.160997651601)
    (5.26923023652e-05 0 -0.161003771505)
    (5.82174539197e-05 0 -0.161011260598)
    (6.26131676239e-05 0 -0.161020266961)
    (6.56767916489e-05 0 -0.161030946016)
    (6.72148844977e-05 0 -0.16104345569)
    (6.70508441879e-05 0 -0.161057955135)
    (6.50337049579e-05 0 -0.1610746032)
    (6.10418452725e-05 0 -0.161093557569)
    (5.49856071233e-05 0 -0.16111497649)
    (4.68056200756e-05 0 -0.161139028878)
    (3.64899419485e-05 0 -0.161165929921)
    (2.41773363493e-05 0 -0.161196028473)
    (1.02394665513e-05 0 -0.161229617341)
    (-4.9686703085e-06 0 -0.161266486739)
    (-2.12057655212e-05 -3.55277981099e-11 -0.161306607379)
    (-3.81817161239e-05 0 -0.161349973018)
    (-5.55465733145e-05 0 -0.16139654631)
    (-7.29064715406e-05 0 -0.161446239123)
    (-8.98404961571e-05 0 -0.16149890255)
    (-0.000105917200561 2.06545906779e-11 -0.161554323294)
    (-0.000120710821399 4.27680716688e-11 -0.161612221196)
    (-0.000133816749677 0 -0.161672250597)
    (-0.000144869130854 0 -0.161734007395)
    (-0.000153553991659 0 -0.161797037852)
    (-0.00015962322304 0 -0.161860858703)
    (-0.000162899537672 0 -0.161924988761)
    (-0.000163274602189 0 -0.16198899927)
    (-0.000160700563164 0 -0.16205260248)
    (-0.000155173261932 0 -0.162115842187)
    (-0.000146705729416 0 -0.162179488)
    (-0.00013530664458 0 -0.162245837949)
    (-0.000120968871322 -1.66652093009e-11 -0.162320353418)
    (-0.000103691259208 0 -0.162414873889)
    (-8.35524047424e-05 0 -0.162553675613)
    (-6.08544667961e-05 0 -0.162784480638)
    (-3.63990434963e-05 0 -0.163197968616)
    (-1.19475695735e-05 0 -0.163962282486)
    (6.72562133997e-06 0 -0.163594321231)
    (1.54559657982e-05 0 -0.163595479093)
    (2.47676477125e-05 0 -0.163597937837)
    (3.39139628255e-05 0 -0.163601603354)
    (4.27901884239e-05 0 -0.163606492631)
    (5.12961298073e-05 8.39145059454e-11 -0.163612672744)
    (5.92905748513e-05 0 -0.163620225347)
    (6.65994586516e-05 0 -0.163629252727)
    (7.30232061221e-05 0 -0.163639861647)
    (7.83446364374e-05 3.30277412497e-11 -0.163652163417)
    (8.23451408246e-05 0 -0.163666269619)
    (8.48108497973e-05 0 -0.163682292481)
    (8.55427367465e-05 0 -0.163700341738)
    (8.43597858859e-05 -3.1509650139e-11 -0.163720523807)
    (8.10971724721e-05 0 -0.163742937482)
    (7.5578038999e-05 0 -0.163767668733)
    (6.75202713634e-05 -3.23260674824e-11 -0.163794784086)
    (5.67887812106e-05 0 -0.163824292348)
    (4.41162330578e-05 0 -0.163856224066)
    (3.00177112233e-05 0 -0.163890908636)
    (1.43796315703e-05 0 -0.163928524333)
    (-2.63763700111e-06 0 -0.163969200496)
    (-2.0751781892e-05 0 -0.164013021689)
    (-3.96063641467e-05 0 -0.164060024681)
    (-5.87906865601e-05 -3.94542333663e-11 -0.164110194429)
    (-7.78539889799e-05 0 -0.164163457245)
    (-9.63175334801e-05 0 -0.164219674723)
    (-0.000113691645379 0 -0.164278637159)
    (-0.000129489832328 0 -0.164340061418)
    (-0.000143248887001 0 -0.164403592981)
    (-0.00015454548781 0 -0.16446881741)
    (-0.000163011072801 0 -0.164535285271)
    (-0.000168341225237 0 -0.164602567514)
    (-0.000170293326708 0 -0.164670361364)
    (-0.000168667154826 0 -0.164738692282)
    (-0.000163277673257 0 -0.164808314205)
    (-0.000153931382771 0 -0.164881521817)
    (-0.000140420866026 0 -0.164963790039)
    (-0.000122567935769 0 -0.165066995627)
    (-0.000100331558358 0 -0.165215509881)
    (-7.40203510302e-05 -1.8866593203e-11 -0.165457290282)
    (-4.46675645755e-05 0 -0.165883556142)
    (-1.47235414595e-05 0 -0.16666259437)
    (6.99827947814e-06 0 -0.166227562975)
    (1.61192067051e-05 -2.23413976606e-10 -0.166228850313)
    (2.59377058953e-05 0 -0.166231555592)
    (3.57322689249e-05 0 -0.16623552984)
    (4.54357535239e-05 0 -0.166240731099)
    (5.49791581642e-05 0 -0.166247165706)
    (6.42452597097e-05 0 -0.166254850438)
    (7.30732667939e-05 7.09037623369e-11 -0.166263819839)
    (8.12693610053e-05 0 -0.166274112055)
    (8.86124232629e-05 0 -0.16628576917)
    (9.48691347394e-05 0 -0.16629883499)
    (9.98017980951e-05 0 -0.166313355614)
    (0.000103179481202 0 -0.16632937896)
    (0.000104785006072 0 -0.16634695126)
    (0.000104423402894 0 -0.166366110523)
    (0.000101925201091 0 -0.166386861651)
    (9.71403928155e-05 0 -0.166409109951)
    (8.99749040212e-05 0 -0.166434745551)
    (8.0476564182e-05 0 -0.166467550709)
    (6.87130117294e-05 0 -0.166502527837)
    (5.47392776729e-05 -3.4640848119e-11 -0.16654004227)
    (3.86961572615e-05 0 -0.166580317168)
    (2.079750772e-05 0 -0.166623518184)
    (1.32473916015e-06 0 -0.166669777793)
    (-1.93761140229e-05 0 -0.166719196666)
    (-4.08965070964e-05 2.01405252048e-11 -0.166771839503)
    (-6.27693184391e-05 4.17048138591e-11 -0.166827725517)
    (-8.44768852738e-05 0 -0.166886817485)
    (-0.000105461558928 0 -0.166949012066)
    (-0.000125139201413 0 -0.167014133294)
    (-0.000142915050786 0 -0.167081933673)
    (-0.00015819770882 0 -0.16715211437)
    (-0.000170409767447 0 -0.167224375833)
    (-0.00017898981371 0 -0.167298532146)
    (-0.00018336913339 0 -0.167374729905)
    (-0.000182946543863 0 -0.167453866205)
    (-0.000177070615393 0 -0.167538394969)
    (-0.000165090014109 -3.25186424829e-11 -0.167633917756)
    (-0.000146549426072 0 -0.167752314592)
    (-0.000121602133099 0 -0.167917711852)
    (-9.17373206192e-05 0 -0.168177403296)
    (-5.7232356166e-05 0 -0.168621175517)
    (-1.93158884593e-05 0 -0.169416945838)
    (7.08597887983e-06 0 -0.169004105956)
    (1.63531646378e-05 0 -0.169005829743)
    (2.64052218603e-05 -1.43097665085e-10 -0.169009440119)
    (3.65602482972e-05 0 -0.169014718042)
    (4.67864938105e-05 0 -0.169021581097)
    (5.70460532542e-05 0 -0.169030000552)
    (6.72477069588e-05 0 -0.169039959886)
    (7.72495606288e-05 7.01271930722e-11 -0.169051454787)
    (8.68706565768e-05 0 -0.169064480334)
    (9.58956945531e-05 0 -0.169079029546)
    (0.000104089153971 0 -0.16909509047)
    (0.000111203133965 0 -0.169112647906)
    (0.000116989777149 0 -0.169131684067)
    (0.000121212127898 0 -0.169152178837)
    (0.000123664279445 0 -0.169174108979)
    (0.000124212633144 0 -0.169197441747)
    (0.000122907556172 0 -0.169222123451)
    (0.000119749065492 0 -0.169248108275)
    (0.00011395711958 0 -0.169275479508)
    (0.000105078075811 0 -0.169304439512)
    (9.34014411239e-05 0 -0.169335226915)
    (7.90501489188e-05 0 -0.169368057711)
    (6.21436423818e-05 0 -0.169403143635)
    (4.28447515104e-05 0 -0.169440699632)
    (2.13767285193e-05 0 -0.169480944808)
    (-1.96878540307e-06 3.98172817156e-11 -0.169524098905)
    (-2.68235041832e-05 4.12224489048e-11 -0.169570374754)
    (-5.27411424901e-05 0 -0.169619966677)
    (-7.91964968139e-05 0 -0.169673037504)
    (-0.000105586864375 0 -0.169729710084)
    (-0.000131237406924 0 -0.169790059311)
    (-0.000155404484502 0 -0.169854124062)
    (-0.000177277738465 0 -0.169921952121)
    (-0.000195968872284 0 -0.169993710696)
    (-0.000210463963676 0 -0.170069904817)
    (-0.000219546156174 0 -0.170151767775)
    (-0.000221707606405 0 -0.170241948786)
    (-0.000215131356926 -3.21306745119e-11 -0.170345777912)
    (-0.000197888694258 0 -0.170473742467)
    (-0.000168508031617 0 -0.170646327701)
    (-0.000127007401353 0 -0.170903172147)
    (-7.63366358215e-05 0 -0.171374301732)
    (-2.46720611742e-05 0 -0.172199301295)
    (7.01588037918e-06 0 -0.171822416477)
    (1.62226153942e-05 0 -0.171824551183)
    (2.62819489646e-05 0 -0.171829010704)
    (3.65657490968e-05 0 -0.171835506728)
    (4.70791576346e-05 0 -0.171843913374)
    (5.78173247461e-05 8.10748094101e-11 -0.171854163408)
    (6.87193834952e-05 0 -0.171866203054)
    (7.96688702011e-05 0 -0.171879984516)
    (9.05068103733e-05 0 -0.171895456648)
    (0.000101034327169 0 -0.17191255866)
    (0.000111026433271 0 -0.17193122018)
    (0.000120238703374 0 -0.1719513615)
    (0.000128419132644 0 -0.171972897241)
    (0.000135317936105 -3.04319216442e-11 -0.171995740953)
    (0.000140702364714 -3.05564624234e-11 -0.172019812245)
    (0.000144372849396 0 -0.172045054093)
    (0.000146166249784 -3.12138705104e-11 -0.172071474948)
    (0.000145841509707 0 -0.172099262915)
    (0.00014293878226 -3.23353862937e-11 -0.172128618706)
    (0.000137128079706 0 -0.172159273073)
    (0.000128338180624 -3.38664663229e-11 -0.172191228907)
    (0.000116518874102 3.47770326107e-11 -0.172224583256)
    (0.000101640247979 0 -0.172259482087)
    (8.37068434436e-05 0 -0.172296109091)
    (6.27679629812e-05 -3.80771134228e-11 -0.172334684118)
    (3.89287815081e-05 0 -0.172375467807)
    (1.23632856301e-05 0 -0.172418756806)
    (-1.66790277225e-05 0 -0.172464879494)
    (-4.78606610178e-05 0 -0.172514192524)
    (-8.07475422141e-05 0 -0.172567077189)
    (-0.000114795045154 0 -0.172623941641)
    (-0.000149336510334 2.46396025916e-11 -0.172685236804)
    (-0.000183562875985 0 -0.172751516107)
    (-0.000216482515896 0 -0.172823577286)
    (-0.00024682852325 2.78980108014e-11 -0.172902745843)
    (-0.000272875463654 0 -0.172991367079)
    (-0.000292140629776 -1.52044005062e-11 -0.173093568513)
    (-0.000301070101908 0 -0.173216430062)
    (-0.000294926054575 0 -0.1733720655)
    (-0.000268186889903 1.7389226982e-11 -0.173581704487)
    (-0.000215757869512 0 -0.173883937523)
    (-0.000138954074268 0 -0.174350782605)
    (-4.77057088208e-05 0 -0.175116302857)
    (6.76483043995e-06 0 -0.17482437335)
    (1.56723097752e-05 -2.15982481057e-10 -0.174826976797)
    (2.54741751727e-05 -1.39866073817e-10 -0.174832410865)
    (3.5610051717e-05 0 -0.174840314613)
    (4.61217157488e-05 0 -0.174850525305)
    (5.70368469652e-05 0 -0.174862942576)
    (6.8328083819e-05 0 -0.174877483112)
    (7.99097328044e-05 6.85403018102e-11 -0.174894064414)
    (9.16525147641e-05 0 -0.174912595584)
    (0.000103384041477 0 -0.17493296961)
    (0.000114901800406 0 -0.174955062536)
    (0.00012597871849 0 -0.174978734441)
    (0.000136372649926 0 -0.175003833447)
    (0.000145833457105 0 -0.175030203106)
    (0.000154110759182 0 -0.175057692078)
    (0.000160954483456 0 -0.175086171264)
    (0.000166103194116 0 -0.175115557539)
    (0.000169249189022 0 -0.175145835985)
    (0.00017003741676 0 -0.175176966964)
    (0.000168160510596 0 -0.175208767432)
    (0.000163393801931 -3.34673314553e-11 -0.175241148929)
    (0.00015554768595 0 -0.175274095607)
    (0.000144452892789 0 -0.175307647663)
    (0.000129958230312 0 -0.175341893566)
    (0.000111929094311 0 -0.17537697031)
    (9.02528844364e-05 3.89028567977e-11 -0.175413077858)
    (6.48500135204e-05 2.01379413044e-11 -0.175450480402)
    (3.56778066507e-05 0 -0.175489507408)
    (2.73716184034e-06 0 -0.175530564496)
    (-3.39152740639e-05 0 -0.175574149467)
    (-7.41441871001e-05 0 -0.175620875522)
    (-0.000117707965447 0 -0.175671517152)
    (-0.000164212264874 0 -0.175727111887)
    (-0.000213029715896 0 -0.175789179148)
    (-0.000263140463996 0 -0.17586015358)
    (-0.000312813788906 0 -0.175944114957)
    (-0.000359000645637 0 -0.176047840207)
    (-0.00039646466297 -3.14122586407e-11 -0.176182235905)
    (-0.000416918999644 0 -0.176364086085)
    (-0.000408805154428 0 -0.176618798486)
    (-0.000358682360489 0 -0.176986131244)
    (-0.000255095186758 0 -0.177533185892)
    (-9.44719027381e-05 0 -0.178381099228)
    (6.30220811434e-06 0 -0.178175073652)
    (1.46294435244e-05 -2.13252142707e-10 -0.178178241371)
    (2.38581207056e-05 -1.38097647419e-10 -0.17818485768)
    (3.35092006794e-05 0 -0.178194486166)
    (4.36576062986e-05 0 -0.178206938064)
    (5.43610201788e-05 0 -0.178222092923)
    (6.56254834983e-05 0 -0.178239854218)
    (7.73999001573e-05 0 -0.178260120617)
    (8.95894937775e-05 0 -0.178282778526)
    (0.00010205738877 0 -0.178307689043)
    (0.000114634226019 0 -0.178334688507)
    (0.000127123354598 0 -0.178363587961)
    (0.000139308023063 0 -0.178394176954)
    (0.000150955775452 0 -0.178426231376)
    (0.000161822426378 0 -0.178459521501)
    (0.000171650192547 0 -0.178493824372)
    (0.000180162192197 0 -0.178528931353)
    (0.000187053207204 0 -0.178564644667)
    (0.000191999530289 0 -0.178600753304)
    (0.000194694980429 0 -0.178637030618)
    (0.000194864938856 -3.3035931606e-11 -0.178673280429)
    (0.00019225071723 0 -0.178709350077)
    (0.000186601366771 0 -0.17874512956)
    (0.000177668345668 0 -0.178780546441)
    (0.000165190825242 0 -0.178815559794)
    (0.000148892992526 3.83980094315e-11 -0.178850188506)
    (0.000128488138789 1.98763732146e-11 -0.178884505002)
    (0.000103666932895 0 -0.178918629971)
    (7.40790083272e-05 0 -0.178952752737)
    (3.93224239302e-05 0 -0.178987157223)
    (-1.06203784256e-06 0 -0.179022265381)
    (-4.75865947439e-05 0 -0.179058717912)
    (-0.000100798726742 0 -0.179097535902)
    (-0.000161225030498 0 -0.179140457687)
    (-0.000229126817919 0 -0.179190591848)
    (-0.000303872653945 0 -0.179253688927)
    (-0.000383305407927 0 -0.179340307172)
    (-0.000462116880417 -1.55058353814e-11 -0.179468008166)
    (-0.000528942875716 0 -0.179663869571)
    (-0.000563622910018 0 -0.17996622873)
    (-0.000536322606701 0 -0.180426147768)
    (-0.000411585485094 0 -0.181112314839)
    (-0.000160322816604 0 -0.182129069905)
    (5.57886964181e-06 0 -0.182259532645)
    (1.29761619062e-05 0 -0.182263311635)
    (2.12326787634e-05 -1.36104025121e-10 -0.182271212942)
    (2.9962571181e-05 0 -0.182282724842)
    (3.92654294234e-05 0 -0.182297639757)
    (4.92217339593e-05 0 -0.182315825889)
    (5.98663824379e-05 0 -0.182337183068)
    (7.11817481112e-05 6.66916142999e-11 -0.182361603495)
    (8.31102696678e-05 0 -0.182388960987)
    (9.55548155588e-05 0 -0.182419097449)
    (0.000108387151792 0 -0.182451820794)
    (0.000121451918359 0 -0.182486902896)
    (0.000134571965935 0 -0.182524084639)
    (0.000147551406011 0 -0.182563080494)
    (0.000160177692242 0 -0.182603586781)
    (0.000172220923094 0 -0.182645289145)
    (0.000183432079734 0 -0.182687867666)
    (0.000193543960105 0 -0.18273099718)
    (0.000202280058914 0 -0.182774341658)
    (0.000209367720717 0 -0.182817559245)
    (0.00021454265913 -3.25437140381e-11 -0.182860324693)
    (0.000217546805411 0 -0.182902339684)
    (0.000218125566636 0 -0.182943333663)
    (0.000216027616247 0 -0.18298305965)
    (0.000210984583532 0 -0.183021271795)
    (0.000202701942934 3.78168524367e-11 -0.183057751108)
    (0.000190864834432 3.91492503379e-11 -0.183092286926)
    (0.000175110862623 0 -0.183124651728)
    (0.000154984544925 0 -0.183154603457)
    (0.000129895210339 0 -0.183181885696)
    (9.90533752714e-05 0 -0.18320624139)
    (6.13918288473e-05 0 -0.183227469417)
    (1.54679824378e-05 0 -0.183245582636)
    (-4.06378232389e-05 0 -0.18326120211)
    (-0.000109353012719 0 -0.183277280531)
    (-0.000193413818773 0 -0.183301713365)
    (-0.0002951029123 0 -0.183344475452)
    (-0.000413917660798 -3.05363128064e-11 -0.183430708648)
    (-0.000541504809048 0 -0.183604248803)
    (-0.000653501711306 0 -0.183932380565)
    (-0.000699943366141 0 -0.184504876607)
    (-0.00060030787857 0 -0.185424506853)
    (-0.000251442499409 0 -0.186793791255)
    (4.53962766425e-06 0 -0.187812408274)
    (1.05807337279e-05 0 -0.187816984255)
    (1.73727694265e-05 0 -0.187826575624)
    (2.46335897859e-05 0 -0.18784059355)
    (3.24728443891e-05 0 -0.187858833508)
    (4.0981825666e-05 0 -0.187881183838)
    (5.02143299545e-05 0 -0.18790757449)
    (6.01807260407e-05 6.54714760177e-11 -0.1879379266)
    (7.08577023757e-05 0 -0.187972138448)
    (8.21890488247e-05 0 -0.188010066722)
    (9.40913467641e-05 0 -0.188051522089)
    (0.000106457931423 0 -0.188096266965)
    (0.00011916195867 0 -0.188144017017)
    (0.000132059134389 0 -0.188194447437)
    (0.000144989951149 0 -0.188247198189)
    (0.000157778761327 0 -0.188301880247)
    (0.000170236455324 0 -0.188358082081)
    (0.000182161336883 0 -0.188415371593)
    (0.000193345554558 0 -0.18847330195)
    (0.000203582184097 0 -0.188531420331)
    (0.000212667345553 -3.19350805263e-11 -0.188589278788)
    (0.00022040084068 0 -0.188646442036)
    (0.000226586278768 0 -0.188702492042)
    (0.000231037928669 0 -0.188757023508)
    (0.000233604983822 0 -0.188809586645)
    (0.000234166195304 3.71002489217e-11 -0.188859784117)
    (0.000232599218629 1.92026970575e-11 -0.18890721254)
    (0.000228785694983 0 -0.188951380789)
    (0.00022260711108 0 -0.188991698003)
    (0.000213911621168 0 -0.189027415016)
    (0.000202437612434 0 -0.18905754812)
    (0.000187682140529 0 -0.189080797533)
    (0.000168669917734 0 -0.189095506644)
    (0.000143559088871 0 -0.189099792559)
    (0.00010894739638 0 -0.189092212619)
    (5.87942473077e-05 0 -0.189073632605)
    (-1.60101484257e-05 0 -0.189051528449)
    (-0.000126981119116 -2.99392065026e-11 -0.189049162694)
    (-0.000283759742635 0 -0.189120317097)
    (-0.000480579288493 0 -0.189368450431)
    (-0.000668184295258 0 -0.189962208234)
    (-0.000709919195661 0 -0.191128973363)
    (-0.000336442555128 0 -0.193153568197)
    (3.1239613509e-06 0 -0.196231895866)
    (7.2977486689e-06 0 -0.196237444205)
    (1.20281110758e-05 0 -0.19624910772)
    (1.714543413e-05 0 -0.196266223548)
    (2.27473826969e-05 0 -0.196288614816)
    (2.8916770274e-05 0 -0.196316223498)
    (3.57106467247e-05 0 -0.196349046795)
    (4.31557753823e-05 -6.3738180256e-11 -0.196387074602)
    (5.12549578144e-05 0 -0.196430267775)
    (5.99880343053e-05 0 -0.196478536124)
    (6.93152605035e-05 -5.72586220194e-11 -0.196531728571)
    (7.91799347855e-05 0 -0.196589630143)
    (8.95111791879e-05 0 -0.196651962556)
    (0.000100224951949 -2.79538911741e-11 -0.196718387549)
    (0.000111226705199 -2.8064285834e-11 -0.196788514387)
    (0.000122411840029 0 -0.196861905413)
    (0.000133666822652 -2.86589677374e-11 -0.196938084349)
    (0.000144872846286 0 -0.197016542753)
    (0.000155908124843 0 -0.197096748602)
    (0.000166652711555 0 -0.197178157029)
    (0.000176991546051 3.10714992398e-11 -0.197260221228)
    (0.000186815483998 0 -0.197342401314)
    (0.000196024606133 0 -0.197424171218)
    (0.000204536209747 3.38178769658e-11 -0.197505029706)
    (0.000212336602458 0 -0.197584517456)
    (0.000219493426716 -1.80414854367e-11 -0.197662173027)
    (0.000226128615126 0 -0.197737543089)
    (0.000232478394959 0 -0.197810190917)
    (0.000238975530104 0 -0.19787965561)
    (0.000246326794462 0 -0.197945395408)
    (0.000255596750032 0 -0.198006691404)
    (0.000268290508761 0 -0.198062484655)
    (0.000286373336909 -2.34928559156e-11 -0.198111116327)
    (0.000312116863627 0 -0.198149967112)
    (0.000347494982147 0 -0.198175111715)
    (0.000392662746169 2.66466160982e-11 -0.198181506649)
    (0.000442849100581 0 -0.198165228841)
    (0.000482908576359 0 -0.198131444721)
    (0.000480429467457 0 -0.198114426314)
    (0.000383939804442 0 -0.198219013103)
    (0.000145982236829 -1.67446301177e-11 -0.198692177891)
    (-0.000181771006618 0 -0.200023235342)
    (-0.000177483127971 0 -0.20303398791)
    (1.24539602983e-06 0 -0.210318012126)
    (2.91852434772e-06 -1.92494165218e-10 -0.210324811002)
    (4.83519446145e-06 0 -0.210339156171)
    (6.94124541981e-06 0 -0.210360318931)
    (9.28779572116e-06 0 -0.210388194064)
    (1.19188300073e-05 0 -0.210422835428)
    (1.486818222e-05 0 -0.210464371026)
    (1.81573486708e-05 6.10695925744e-11 -0.210512927219)
    (2.17977488548e-05 0 -0.21056859356)
    (2.57916658109e-05 0 -0.21063139491)
    (3.01331672024e-05 0 -0.210701277595)
    (3.48092689261e-05 0 -0.210778100885)
    (3.98010897831e-05 0 -0.210861637588)
    (4.5084652999e-05 0 -0.210951577042)
    (5.06318911604e-05 0 -0.211047532251)
    (5.64113222977e-05 0 -0.211149048063)
    (6.2389011265e-05 0 -0.211255611131)
    (6.85298194021e-05 0 -0.211366661137)
    (7.47989459827e-05 0 -0.211481602667)
    (8.11635089674e-05 0 -0.21159981928)
    (8.75949353717e-05 -2.97458820434e-11 -0.211720687137)
    (9.40717633143e-05 0 -0.211843588951)
    (0.000100584786691 0 -0.211967927211)
    (0.000107145905418 0 -0.212093142761)
    (0.000113776466397 0 -0.212218782676)
    (0.000120524435447 3.45230281733e-11 -0.212344403049)
    (0.000127517813154 3.57296439958e-11 -0.212469640159)
    (0.000135001191808 0 -0.212594305755)
    (0.000143398171084 0 -0.212718409387)
    (0.000153444986685 0 -0.212842234578)
    (0.00016641111902 0 -0.212966453692)
    (0.000184481069719 0 -0.213092286361)
    (0.000211381881179 0 -0.213221717078)
    (0.000253405290533 0 -0.213357775169)
    (0.000320975502061 0 -0.213504878989)
    (0.000430761513373 0 -0.213669304249)
    (0.000607776783487 0 -0.213860257649)
    (0.000885221810236 -2.77580452316e-11 -0.214093605522)
    (0.00129581893309 0 -0.214404941016)
    (0.00183988222585 0 -0.214891093521)
    (0.00239955732184 0 -0.215829359896)
    (0.00254810188244 0 -0.218001426333)
    (0.00123814267252 0 -0.223604836957)
)
;

boundaryField {
  top
  {
    type            calculated;
    value           nonuniform List<vector>
    43
    (
        (1.20339118672e-06 0 -0.217085461897)
        (2.82008445547e-06 -1.86001464584e-10 -0.217092877175)
        (4.67209350501e-06 0 -0.217108545887)
        (6.70707386306e-06 0 -0.217131707632)
        (8.97440542822e-06 0 -0.217162294241)
        (1.15165690152e-05 0 -0.217200416595)
        (1.43662298399e-05 0 -0.217246269401)
        (1.75441232737e-05 5.90070984385e-11 -0.217300048964)
        (2.10612386257e-05 0 -0.217361910261)
        (2.49197274477e-05 0 -0.217431937545)
        (2.91137937379e-05 0 -0.217510127514)
        (3.36308189544e-05 0 -0.217596378661)
        (3.84524789097e-05 0 -0.21769049191)
        (4.35555197432e-05 0 -0.217792173072)
        (4.89127308465e-05 0 -0.217901040293)
        (5.44936002105e-05 0 -0.218016633435)
        (6.02652454377e-05 0 -0.218138425254)
        (6.61936231112e-05 0 -0.218265834185)
        (7.22450197914e-05 0 -0.218398238186)
        (7.83875801382e-05 0 -0.218534990081)
        (8.45936165132e-05 -2.87266806893e-11 -0.218675433638)
        (9.08423146352e-05 0 -0.218818919761)
        (9.7124699892e-05 0 -0.218964826411)
        (0.000103452176104 0 -0.219112582566)
        (0.000109845235189 0 -0.219261699435)
        (0.00011635009194 3.33273289115e-11 -0.21941175256)
        (0.000123090216499 3.44890608308e-11 -0.219562446366)
        (0.000130301546241 0 -0.219713709275)
        (0.000138392680322 0 -0.219865794363)
        (0.000148073738097 0 -0.220019450105)
        (0.000160569054242 0 -0.220176202841)
        (0.000177985219299 0 -0.220338815648)
        (0.000203915933636 0 -0.220512031157)
        (0.000244427130313 0 -0.220703751415)
        (0.000309567791635 0 -0.220926867042)
        (0.000415405183052 0 -0.221201948088)
        (0.000586045550695 0 -0.221560808948)
        (0.000853461583921 -2.67621346153e-11 -0.222050196184)
        (0.00124900954613 0 -0.222732806162)
        (0.00177201220505 0 -0.223678142757)
        (0.00230493402997 0 -0.224926207759)
        (0.00242749231433 0 -0.226390306179)
        (0.00115148246457 0 -0.227648963765)
    )
    ;
  }
  bottom
  {
    type            calculated;
    value           nonuniform List<vector>
    43
    (
        (-5.40718103699e-08 0 -0.127049244808)
        (-1.41015822962e-07 0 -0.127051850053)
        (-2.74691301083e-07 0 -0.127057465308)
        (-4.71583132201e-07 0 -0.127066030558)
        (-7.46388182849e-07 -1.1464926054e-10 -0.127077738037)
        (-1.1089105991e-06 0 -0.12709283445)
        (-1.56342084416e-06 0 -0.127111552755)
        (-2.1095515958e-06 0 -0.127134070922)
        (-2.74255436904e-06 0 -0.127160487507)
        (-3.45343196404e-06 0 -0.127190807431)
        (-4.2302257982e-06 0 -0.127224939501)
        (-5.05815328213e-06 0 -0.127262699592)
        (-5.92134936864e-06 0 -0.12730382034)
        (-6.80326390543e-06 0 -0.127347967476)
        (-7.68841891458e-06 0 -0.127394753449)
        (-8.5620702693e-06 0 -0.127443758248)
        (-9.41198257155e-06 0 -0.127494543483)
        (-1.02287979643e-05 0 -0.127546671371)
        (-1.10053050581e-05 0 -0.127599716574)
        (-1.17366167816e-05 0 -0.127653274572)
        (-1.24210747062e-05 0 -0.127706973546)
        (-1.3059651191e-05 -4.3451622192e-11 -0.1277604766)
        (-1.36550318335e-05 0 -0.127813487672)
        (-1.42127158241e-05 0 -0.127865751559)
        (-1.47400191106e-05 0 -0.127917055058)
        (-1.52454247428e-05 4.91571543985e-11 -0.12796722507)
        (-1.57407367855e-05 5.08823666158e-11 -0.128016127503)
        (-1.62393516053e-05 0 -0.128063664932)
        (-1.67592792895e-05 0 -0.128109777099)
        (-1.73218688348e-05 0 -0.128154438584)
        (-1.79563707484e-05 0 -0.128197659453)
        (-1.87018325763e-05 0 -0.128239491774)
        (-1.96130458261e-05 0 -0.128280037695)
        (-2.07647836626e-05 0 -0.12831947604)
        (-2.22563772526e-05 0 -0.128358104582)
        (-2.42148771747e-05 0 -0.128396432819)
        (-2.67710553386e-05 0 -0.128435339701)
        (-3.00000994796e-05 0 -0.128476333084)
        (-3.37603588607e-05 0 -0.128521917942)
        (-3.73495166861e-05 0 -0.128576024582)
        (-3.88573182398e-05 0 -0.128644299224)
        (-3.40508835505e-05 0 -0.128733842399)
        (-1.46597201637e-05 0 -0.128851651832)
    )
    ;
  }
  wedge1
  {
    type            wedge;
  }
  wedge2
  {
    type            wedge;
  }
  porousMat_to_tank
  {
    type            calculated;
    value           nonuniform List<vector>
    30
    (
        (0 0 -0.129157548515)
        (0 0 -0.129677557456)
        (0 0 -0.130501852665)
        (0 -2.46272104919e-11 -0.131497423171)
        (0 -2.45093584078e-11 -0.132677607496)
        (0 2.43695083256e-11 -0.134019203613)
        (0 0 -0.135514547912)
        (0 0 -0.137152647936)
        (0 0 -0.138925101765)
        (0 0 -0.140823541846)
        (0 0 -0.142837579588)
        (0 2.31844126466e-11 -0.144954559793)
        (0 0 -0.147162203929)
        (0 0 -0.149457865084)
        (0 -2.24518810418e-11 -0.151835751101)
        (0 0 -0.154289566946)
        (0 0 -0.156813931977)
        (0 0 -0.159402319347)
        (0 0 -0.162026717437)
        (0 0 -0.164689052458)
        (0 0 -0.167397886918)
        (0 0 -0.170160078792)
        (0 0 -0.172952691555)
        (0 0 -0.175787074223)
        (0 0 -0.179085222473)
        (0 0 -0.182913367471)
        (0 0 -0.187779479167)
        (0 0 -0.194665937806)
        (0 0 -0.205926983695)
        (0 0 -0.231423686906)
    )
    ;
  }
}


// ************************************************************************* //
