FoamFile {
  version     2.0;
  format      ascii;
  class       labelList;
  location    "constant/polyMesh";
  object      owner;
}

12150
(
    0 1 2 3 4 5 6 7 8 9
    10 11 12 13 14 15 16 17 18 19
    20 21 22 23 24 25 26 27 28 29
    30 31 32 33 34 35 36 0 1 38
    2 39 3 40 4 41 5 42 6 43
    7 44 8 45 9 46 10 47 11 48
    12 49 13 50 14 51 15 52 16 53
    17 54 18 55 19 56 20 57 21 58
    22 59 23 60 24 61 25 62 26 63
    27 64 28 65 29 66 30 67 31 68
    32 69 33 70 34 71 35 72 36 73
    37 74 38 39 76 40 77 41 78 42
    79 43 80 44 81 45 82 46 83 47
    84 48 85 49 86 50 87 51 88 52
    89 53 90 54 91 55 92 56 93 57
    94 58 95 59 96 60 97 61 98 62
    99 63 100 64 101 65 102 66 103 67
    104 68 105 69 106 70 107 71 108 72
    109 73 110 74 111 75 112 76 77 114
    78 115 79 116 80 117 81 118 82 119
    83 120 84 121 85 122 86 123 87 124
    88 125 89 126 90 127 91 128 92 129
    93 130 94 131 95 132 96 133 97 134
    98 135 99 136 100 137 101 138 102 139
    103 140 104 141 105 142 106 143 107 144
    108 145 109 146 110 147 111 148 112 149
    113 150 114 115 152 116 153 117 154 118
    155 119 156 120 157 121 158 122 159 123
    160 124 161 125 162 126 163 127 164 128
    165 129 166 130 167 131 168 132 169 133
    170 134 171 135 172 136 173 137 174 138
    175 139 176 140 177 141 178 142 179 143
    180 144 181 145 182 146 183 147 184 148
    185 149 186 150 187 151 188 152 153 190
    154 191 155 192 156 193 157 194 158 195
    159 196 160 197 161 198 162 199 163 200
    164 201 165 202 166 203 167 204 168 205
    169 206 170 207 171 208 172 209 173 210
    174 211 175 212 176 213 177 214 178 215
    179 216 180 217 181 218 182 219 183 220
    184 221 185 222 186 223 187 224 188 225
    189 226 190 191 228 192 229 193 230 194
    231 195 232 196 233 197 234 198 235 199
    236 200 237 201 238 202 239 203 240 204
    241 205 242 206 243 207 244 208 245 209
    246 210 247 211 248 212 249 213 250 214
    251 215 252 216 253 217 254 218 255 219
    256 220 257 221 258 222 259 223 260 224
    261 225 262 226 263 227 264 228 229 266
    230 267 231 268 232 269 233 270 234 271
    235 272 236 273 237 274 238 275 239 276
    240 277 241 278 242 279 243 280 244 281
    245 282 246 283 247 284 248 285 249 286
    250 287 251 288 252 289 253 290 254 291
    255 292 256 293 257 294 258 295 259 296
    260 297 261 298 262 299 263 300 264 301
    265 302 266 267 304 268 305 269 306 270
    307 271 308 272 309 273 310 274 311 275
    312 276 313 277 314 278 315 279 316 280
    317 281 318 282 319 283 320 284 321 285
    322 286 323 287 324 288 325 289 326 290
    327 291 328 292 329 293 330 294 331 295
    332 296 333 297 334 298 335 299 336 300
    337 301 338 302 339 303 340 0 1 342
    2 343 3 344 4 345 5 346 6 347
    7 348 8 349 9 350 10 351 11 352
    12 353 13 354 14 355 15 356 16 357
    17 358 18 359 19 360 20 361 21 362
    22 363 23 364 24 365 25 366 26 367
    27 368 28 369 29 370 30 371 31 372
    32 373 33 374 34 375 35 376 36 377
    37 378 38 342 39 343 380 40 344 381
    41 345 382 42 346 383 43 347 384 44
    348 385 45 349 386 46 350 387 47 351
    388 48 352 389 49 353 390 50 354 391
    51 355 392 52 356 393 53 357 394 54
    358 395 55 359 396 56 360 397 57 361
    398 58 362 399 59 363 400 60 364 401
    61 365 402 62 366 403 63 367 404 64
    368 405 65 369 406 66 370 407 67 371
    408 68 372 409 69 373 410 70 374 411
    71 375 412 72 376 413 73 377 414 74
    378 415 75 379 416 76 380 77 381 418
    78 382 419 79 383 420 80 384 421 81
    385 422 82 386 423 83 387 424 84 388
    425 85 389 426 86 390 427 87 391 428
    88 392 429 89 393 430 90 394 431 91
    395 432 92 396 433 93 397 434 94 398
    435 95 399 436 96 400 437 97 401 438
    98 402 439 99 403 440 100 404 441 101
    405 442 102 406 443 103 407 444 104 408
    445 105 409 446 106 410 447 107 411 448
    108 412 449 109 413 450 110 414 451 111
    415 452 112 416 453 113 417 454 114 418
    115 419 456 116 420 457 117 421 458 118
    422 459 119 423 460 120 424 461 121 425
    462 122 426 463 123 427 464 124 428 465
    125 429 466 126 430 467 127 431 468 128
    432 469 129 433 470 130 434 471 131 435
    472 132 436 473 133 437 474 134 438 475
    135 439 476 136 440 477 137 441 478 138
    442 479 139 443 480 140 444 481 141 445
    482 142 446 483 143 447 484 144 448 485
    145 449 486 146 450 487 147 451 488 148
    452 489 149 453 490 150 454 491 151 455
    492 152 456 153 457 494 154 458 495 155
    459 496 156 460 497 157 461 498 158 462
    499 159 463 500 160 464 501 161 465 502
    162 466 503 163 467 504 164 468 505 165
    469 506 166 470 507 167 471 508 168 472
    509 169 473 510 170 474 511 171 475 512
    172 476 513 173 477 514 174 478 515 175
    479 516 176 480 517 177 481 518 178 482
    519 179 483 520 180 484 521 181 485 522
    182 486 523 183 487 524 184 488 525 185
    489 526 186 490 527 187 491 528 188 492
    529 189 493 530 190 494 191 495 532 192
    496 533 193 497 534 194 498 535 195 499
    536 196 500 537 197 501 538 198 502 539
    199 503 540 200 504 541 201 505 542 202
    506 543 203 507 544 204 508 545 205 509
    546 206 510 547 207 511 548 208 512 549
    209 513 550 210 514 551 211 515 552 212
    516 553 213 517 554 214 518 555 215 519
    556 216 520 557 217 521 558 218 522 559
    219 523 560 220 524 561 221 525 562 222
    526 563 223 527 564 224 528 565 225 529
    566 226 530 567 227 531 568 228 532 229
    533 570 230 534 571 231 535 572 232 536
    573 233 537 574 234 538 575 235 539 576
    236 540 577 237 541 578 238 542 579 239
    543 580 240 544 581 241 545 582 242 546
    583 243 547 584 244 548 585 245 549 586
    246 550 587 247 551 588 248 552 589 249
    553 590 250 554 591 251 555 592 252 556
    593 253 557 594 254 558 595 255 559 596
    256 560 597 257 561 598 258 562 599 259
    563 600 260 564 601 261 565 602 262 566
    603 263 567 604 264 568 605 265 569 606
    266 570 267 571 608 268 572 609 269 573
    610 270 574 611 271 575 612 272 576 613
    273 577 614 274 578 615 275 579 616 276
    580 617 277 581 618 278 582 619 279 583
    620 280 584 621 281 585 622 282 586 623
    283 587 624 284 588 625 285 589 626 286
    590 627 287 591 628 288 592 629 289 593
    630 290 594 631 291 595 632 292 596 633
    293 597 634 294 598 635 295 599 636 296
    600 637 297 601 638 298 602 639 299 603
    640 300 604 641 301 605 642 302 606 643
    303 607 644 304 608 305 609 646 306 610
    647 307 611 648 308 612 649 309 613 650
    310 614 651 311 615 652 312 616 653 313
    617 654 314 618 655 315 619 656 316 620
    657 317 621 658 318 622 659 319 623 660
    320 624 661 321 625 662 322 626 663 323
    627 664 324 628 665 325 629 666 326 630
    667 327 631 668 328 632 669 329 633 670
    330 634 671 331 635 672 332 636 673 333
    637 674 334 638 675 335 639 676 336 640
    677 337 641 678 338 642 679 339 643 680
    340 644 681 341 645 682 8 7 684 6
    685 5 686 4 687 3 688 2 689 1
    690 0 691 684 685 693 686 694 687 695
    688 696 689 697 690 698 691 699 692 700
    693 694 702 695 703 696 704 697 705 698
    706 699 707 700 708 701 709 702 703 711
    704 712 705 713 706 714 707 715 708 716
    709 717 710 718 711 712 720 713 721 714
    722 715 723 716 724 717 725 718 726 719
    727 720 721 729 722 730 723 731 724 732
    725 733 726 734 727 735 728 736 729 730
    738 731 739 732 740 733 741 734 742 735
    743 736 744 737 745 738 739 747 740 748
    741 749 742 750 743 751 744 752 745 753
    746 754 747 748 756 749 757 750 758 751
    759 752 760 753 761 754 762 755 763 684
    350 685 349 765 686 348 766 687 347 767
    688 346 768 689 345 769 690 344 770 691
    343 771 692 342 772 693 765 694 766 774
    695 767 775 696 768 776 697 769 777 698
    770 778 699 771 779 700 772 780 701 773
    781 702 774 703 775 783 704 776 784 705
    777 785 706 778 786 707 779 787 708 780
    788 709 781 789 710 782 790 711 783 712
    784 792 713 785 793 714 786 794 715 787
    795 716 788 796 717 789 797 718 790 798
    719 791 799 720 792 721 793 801 722 794
    802 723 795 803 724 796 804 725 797 805
    726 798 806 727 799 807 728 800 808 729
    801 730 802 810 731 803 811 732 804 812
    733 805 813 734 806 814 735 807 815 736
    808 816 737 809 817 738 810 739 811 819
    740 812 820 741 813 821 742 814 822 743
    815 823 744 816 824 745 817 825 746 818
    826 747 819 748 820 828 749 821 829 750
    822 830 751 823 831 752 824 832 753 825
    833 754 826 834 755 827 835 756 828 757
    829 837 758 830 838 759 831 839 760 832
    840 761 833 841 762 834 842 763 835 843
    764 836 844 313 312 314 846 315 847 316
    848 317 849 318 850 319 851 320 852 321
    853 322 854 323 855 324 856 325 857 326
    858 327 859 328 860 329 861 330 862 331
    863 332 864 333 865 334 866 335 867 336
    868 337 869 338 870 339 871 340 872 341
    873 846 311 847 875 848 876 849 877 850
    878 851 879 852 880 853 881 854 882 855
    883 856 884 857 885 858 886 859 887 860
    888 861 889 862 890 863 891 864 892 865
    893 866 894 867 895 868 896 869 897 870
    898 871 899 872 900 873 901 874 902 875
    310 876 904 877 905 878 906 879 907 880
    908 881 909 882 910 883 911 884 912 885
    913 886 914 887 915 888 916 889 917 890
    918 891 919 892 920 893 921 894 922 895
    923 896 924 897 925 898 926 899 927 900
    928 901 929 902 930 903 931 904 309 905
    933 906 934 907 935 908 936 909 937 910
    938 911 939 912 940 913 941 914 942 915
    943 916 944 917 945 918 946 919 947 920
    948 921 949 922 950 923 951 924 952 925
    953 926 954 927 955 928 956 929 957 930
    958 931 959 932 960 933 308 934 962 935
    963 936 964 937 965 938 966 939 967 940
    968 941 969 942 970 943 971 944 972 945
    973 946 974 947 975 948 976 949 977 950
    978 951 979 952 980 953 981 954 982 955
    983 956 984 957 985 958 986 959 987 960
    988 961 989 962 307 963 991 964 992 965
    993 966 994 967 995 968 996 969 997 970
    998 971 999 972 1000 973 1001 974 1002 975
    1003 976 1004 977 1005 978 1006 979 1007 980
    1008 981 1009 982 1010 983 1011 984 1012 985
    1013 986 1014 987 1015 988 1016 989 1017 990
    1018 991 306 992 1020 993 1021 994 1022 995
    1023 996 1024 997 1025 998 1026 999 1027 1000
    1028 1001 1029 1002 1030 1003 1031 1004 1032 1005
    1033 1006 1034 1007 1035 1008 1036 1009 1037 1010
    1038 1011 1039 1012 1040 1013 1041 1014 1042 1015
    1043 1016 1044 1017 1045 1018 1046 1019 1047 1020
    305 1021 1049 1022 1050 1023 1051 1024 1052 1025
    1053 1026 1054 1027 1055 1028 1056 1029 1057 1030
    1058 1031 1059 1032 1060 1033 1061 1034 1062 1035
    1063 1036 1064 1037 1065 1038 1066 1039 1067 1040
    1068 1041 1069 1042 1070 1043 1071 1044 1072 1045
    1073 1046 1074 1047 1075 1048 1076 1049 304 1050
    1078 1051 1079 1052 1080 1053 1081 1054 1082 1055
    1083 1056 1084 1057 1085 1058 1086 1059 1087 1060
    1088 1061 1089 1062 1090 1063 1091 1064 1092 1065
    1093 1066 1094 1067 1095 1068 1096 1069 1097 1070
    1098 1071 1099 1072 1100 1073 1101 1074 1102 1075
    1103 1076 1104 1077 1105 1078 304 1079 1107 1080
    1108 1081 1109 1082 1110 1083 1111 1084 1112 1085
    1113 1086 1114 1087 1115 1088 1116 1089 1117 1090
    1118 1091 1119 1092 1120 1093 1121 1094 1122 1095
    1123 1096 1124 1097 1125 1098 1126 1099 1127 1100
    1128 1101 1129 1102 1130 1103 1131 1104 1132 1105
    1133 1106 1134 1107 266 1108 1136 1109 1137 1110
    1138 1111 1139 1112 1140 1113 1141 1114 1142 1115
    1143 1116 1144 1117 1145 1118 1146 1119 1147 1120
    1148 1121 1149 1122 1150 1123 1151 1124 1152 1125
    1153 1126 1154 1127 1155 1128 1156 1129 1157 1130
    1158 1131 1159 1132 1160 1133 1161 1134 1162 1135
    1163 1136 228 1137 1165 1138 1166 1139 1167 1140
    1168 1141 1169 1142 1170 1143 1171 1144 1172 1145
    1173 1146 1174 1147 1175 1148 1176 1149 1177 1150
    1178 1151 1179 1152 1180 1153 1181 1154 1182 1155
    1183 1156 1184 1157 1185 1158 1186 1159 1187 1160
    1188 1161 1189 1162 1190 1163 1191 1164 1192 1165
    190 1166 1194 1167 1195 1168 1196 1169 1197 1170
    1198 1171 1199 1172 1200 1173 1201 1174 1202 1175
    1203 1176 1204 1177 1205 1178 1206 1179 1207 1180
    1208 1181 1209 1182 1210 1183 1211 1184 1212 1185
    1213 1186 1214 1187 1215 1188 1216 1189 1217 1190
    1218 1191 1219 1192 1220 1193 1221 1194 152 1195
    1223 1196 1224 1197 1225 1198 1226 1199 1227 1200
    1228 1201 1229 1202 1230 1203 1231 1204 1232 1205
    1233 1206 1234 1207 1235 1208 1236 1209 1237 1210
    1238 1211 1239 1212 1240 1213 1241 1214 1242 1215
    1243 1216 1244 1217 1245 1218 1246 1219 1247 1220
    1248 1221 1249 1222 1250 1223 114 1224 1252 1225
    1253 1226 1254 1227 1255 1228 1256 1229 1257 1230
    1258 1231 1259 1232 1260 1233 1261 1234 1262 1235
    1263 1236 1264 1237 1265 1238 1266 1239 1267 1240
    1268 1241 1269 1242 1270 1243 1271 1244 1272 1245
    1273 1246 1274 1247 1275 1248 1276 1249 1277 1250
    1278 1251 1279 1252 76 1253 1281 1254 1282 1255
    1283 1256 1284 1257 1285 1258 1286 1259 1287 1260
    1288 1261 1289 1262 1290 1263 1291 1264 1292 1265
    1293 1266 1294 1267 1295 1268 1296 1269 1297 1270
    1298 1271 1299 1272 1300 1273 1301 1274 1302 1275
    1303 1276 1304 1277 1305 1278 1306 1279 1307 1280
    1308 1281 38 1282 1310 1283 1311 1284 1312 1285
    1313 1286 1314 1287 1315 1288 1316 1289 1317 1290
    1318 1291 1319 1292 1320 1293 1321 1294 1322 1295
    1323 1296 1324 1297 1325 1298 1326 1299 1327 1300
    1328 1301 1329 1302 1330 1303 1331 1304 1332 1305
    1333 1306 1334 1307 1335 1308 1336 1309 1337 1310
    0 1311 1339 1312 1340 1313 1341 1314 1342 1315
    1343 1316 1344 1317 1345 1318 1346 1319 1347 1320
    1348 1321 1349 1322 1350 1323 1351 1324 1352 1325
    1353 1326 1354 1327 1355 1328 1356 1329 1357 1330
    1358 1331 1359 1332 1360 1333 1361 1334 1362 1335
    1363 1336 1364 1337 1365 1338 1366 1339 692 1340
    1368 1341 1369 1342 1370 1343 1371 1344 1372 1345
    1373 1346 1374 1347 1375 1348 1376 1349 1377 1350
    1378 1351 1379 1352 1380 1353 1381 1354 1382 1355
    1383 1356 1384 1357 1385 1358 1386 1359 1387 1360
    1388 1361 1389 1362 1390 1363 1391 1364 1392 1365
    1393 1366 1394 1367 1395 1368 701 1369 1397 1370
    1398 1371 1399 1372 1400 1373 1401 1374 1402 1375
    1403 1376 1404 1377 1405 1378 1406 1379 1407 1380
    1408 1381 1409 1382 1410 1383 1411 1384 1412 1385
    1413 1386 1414 1387 1415 1388 1416 1389 1417 1390
    1418 1391 1419 1392 1420 1393 1421 1394 1422 1395
    1423 1396 1424 1397 710 1398 1426 1399 1427 1400
    1428 1401 1429 1402 1430 1403 1431 1404 1432 1405
    1433 1406 1434 1407 1435 1408 1436 1409 1437 1410
    1438 1411 1439 1412 1440 1413 1441 1414 1442 1415
    1443 1416 1444 1417 1445 1418 1446 1419 1447 1420
    1448 1421 1449 1422 1450 1423 1451 1424 1452 1425
    1453 1426 719 1427 1455 1428 1456 1429 1457 1430
    1458 1431 1459 1432 1460 1433 1461 1434 1462 1435
    1463 1436 1464 1437 1465 1438 1466 1439 1467 1440
    1468 1441 1469 1442 1470 1443 1471 1444 1472 1445
    1473 1446 1474 1447 1475 1448 1476 1449 1477 1450
    1478 1451 1479 1452 1480 1453 1481 1454 1482 1455
    728 1456 1484 1457 1485 1458 1486 1459 1487 1460
    1488 1461 1489 1462 1490 1463 1491 1464 1492 1465
    1493 1466 1494 1467 1495 1468 1496 1469 1497 1470
    1498 1471 1499 1472 1500 1473 1501 1474 1502 1475
    1503 1476 1504 1477 1505 1478 1506 1479 1507 1480
    1508 1481 1509 1482 1510 1483 1511 1484 737 1485
    1513 1486 1514 1487 1515 1488 1516 1489 1517 1490
    1518 1491 1519 1492 1520 1493 1521 1494 1522 1495
    1523 1496 1524 1497 1525 1498 1526 1499 1527 1500
    1528 1501 1529 1502 1530 1503 1531 1504 1532 1505
    1533 1506 1534 1507 1535 1508 1536 1509 1537 1510
    1538 1511 1539 1512 1540 1513 746 1514 1542 1515
    1543 1516 1544 1517 1545 1518 1546 1519 1547 1520
    1548 1521 1549 1522 1550 1523 1551 1524 1552 1525
    1553 1526 1554 1527 1555 1528 1556 1529 1557 1530
    1558 1531 1559 1532 1560 1533 1561 1534 1562 1535
    1563 1536 1564 1537 1565 1538 1566 1539 1567 1540
    1568 1541 1569 1542 755 1543 1571 1544 1572 1545
    1573 1546 1574 1547 1575 1548 1576 1549 1577 1550
    1578 1551 1579 1552 1580 1553 1581 1554 1582 1555
    1583 1556 1584 1557 1585 1558 1586 1559 1587 1560
    1588 1561 1589 1562 1590 1563 1591 1564 1592 1565
    1593 1566 1594 1567 1595 1568 1596 1569 1597 1570
    1598 1571 764 1572 1600 1573 1601 1574 1602 1575
    1603 1576 1604 1577 1605 1578 1606 1579 1607 1580
    1608 1581 1609 1582 1610 1583 1611 1584 1612 1585
    1613 1586 1614 1587 1615 1588 1616 1589 1617 1590
    1618 1591 1619 1592 1620 1593 1621 1594 1622 1595
    1623 1596 1624 1597 1625 1598 1626 1599 1627 1600
    764 1601 1629 1602 1630 1603 1631 1604 1632 1605
    1633 1606 1634 1607 1635 1608 1636 1609 1637 1610
    1638 1611 1639 1612 1640 1613 1641 1614 1642 1615
    1643 1616 1644 1617 1645 1618 1646 1619 1647 1620
    1648 1621 1649 1622 1650 1623 1651 1624 1652 1625
    1653 1626 1654 1627 1655 1628 1656 1629 763 1630
    1658 1631 1659 1632 1660 1633 1661 1634 1662 1635
    1663 1636 1664 1637 1665 1638 1666 1639 1667 1640
    1668 1641 1669 1642 1670 1643 1671 1644 1672 1645
    1673 1646 1674 1647 1675 1648 1676 1649 1677 1650
    1678 1651 1679 1652 1680 1653 1681 1654 1682 1655
    1683 1656 1684 1657 1685 1658 762 1659 1687 1660
    1688 1661 1689 1662 1690 1663 1691 1664 1692 1665
    1693 1666 1694 1667 1695 1668 1696 1669 1697 1670
    1698 1671 1699 1672 1700 1673 1701 1674 1702 1675
    1703 1676 1704 1677 1705 1678 1706 1679 1707 1680
    1708 1681 1709 1682 1710 1683 1711 1684 1712 1685
    1713 1686 1714 1687 761 1688 1716 1689 1717 1690
    1718 1691 1719 1692 1720 1693 1721 1694 1722 1695
    1723 1696 1724 1697 1725 1698 1726 1699 1727 1700
    1728 1701 1729 1702 1730 1703 1731 1704 1732 1705
    1733 1706 1734 1707 1735 1708 1736 1709 1737 1710
    1738 1711 1739 1712 1740 1713 1741 1714 1742 1715
    1743 1716 760 1717 1745 1718 1746 1719 1747 1720
    1748 1721 1749 1722 1750 1723 1751 1724 1752 1725
    1753 1726 1754 1727 1755 1728 1756 1729 1757 1730
    1758 1731 1759 1732 1760 1733 1761 1734 1762 1735
    1763 1736 1764 1737 1765 1738 1766 1739 1767 1740
    1768 1741 1769 1742 1770 1743 1771 1744 1772 1745
    759 1746 1774 1747 1775 1748 1776 1749 1777 1750
    1778 1751 1779 1752 1780 1753 1781 1754 1782 1755
    1783 1756 1784 1757 1785 1758 1786 1759 1787 1760
    1788 1761 1789 1762 1790 1763 1791 1764 1792 1765
    1793 1766 1794 1767 1795 1768 1796 1769 1797 1770
    1798 1771 1799 1772 1800 1773 1801 1774 758 1775
    1803 1776 1804 1777 1805 1778 1806 1779 1807 1780
    1808 1781 1809 1782 1810 1783 1811 1784 1812 1785
    1813 1786 1814 1787 1815 1788 1816 1789 1817 1790
    1818 1791 1819 1792 1820 1793 1821 1794 1822 1795
    1823 1796 1824 1797 1825 1798 1826 1799 1827 1800
    1828 1801 1829 1802 1830 1803 757 1804 1832 1805
    1833 1806 1834 1807 1835 1808 1836 1809 1837 1810
    1838 1811 1839 1812 1840 1813 1841 1814 1842 1815
    1843 1816 1844 1817 1845 1818 1846 1819 1847 1820
    1848 1821 1849 1822 1850 1823 1851 1824 1852 1825
    1853 1826 1854 1827 1855 1828 1856 1829 1857 1830
    1858 1831 1859 1832 756 1833 1861 1834 1862 1835
    1863 1836 1864 1837 1865 1838 1866 1839 1867 1840
    1868 1841 1869 1842 1870 1843 1871 1844 1872 1845
    1873 1846 1874 1847 1875 1848 1876 1849 1877 1850
    1878 1851 1879 1852 1880 1853 1881 1854 1882 1855
    1883 1856 1884 1857 1885 1858 1886 1859 1887 1860
    1888 1861 756 1862 1890 1863 1891 1864 1892 1865
    1893 1866 1894 1867 1895 1868 1896 1869 1897 1870
    1898 1871 1899 1872 1900 1873 1901 1874 1902 1875
    1903 1876 1904 1877 1905 1878 1906 1879 1907 1880
    1908 1881 1909 1882 1910 1883 1911 1884 1912 1885
    1913 1886 1914 1887 1915 1888 1916 1889 1917 1890
    747 1891 1919 1892 1920 1893 1921 1894 1922 1895
    1923 1896 1924 1897 1925 1898 1926 1899 1927 1900
    1928 1901 1929 1902 1930 1903 1931 1904 1932 1905
    1933 1906 1934 1907 1935 1908 1936 1909 1937 1910
    1938 1911 1939 1912 1940 1913 1941 1914 1942 1915
    1943 1916 1944 1917 1945 1918 1946 1919 738 1920
    1948 1921 1949 1922 1950 1923 1951 1924 1952 1925
    1953 1926 1954 1927 1955 1928 1956 1929 1957 1930
    1958 1931 1959 1932 1960 1933 1961 1934 1962 1935
    1963 1936 1964 1937 1965 1938 1966 1939 1967 1940
    1968 1941 1969 1942 1970 1943 1971 1944 1972 1945
    1973 1946 1974 1947 1975 1948 729 1949 1977 1950
    1978 1951 1979 1952 1980 1953 1981 1954 1982 1955
    1983 1956 1984 1957 1985 1958 1986 1959 1987 1960
    1988 1961 1989 1962 1990 1963 1991 1964 1992 1965
    1993 1966 1994 1967 1995 1968 1996 1969 1997 1970
    1998 1971 1999 1972 2000 1973 2001 1974 2002 1975
    2003 1976 2004 1977 720 1978 2006 1979 2007 1980
    2008 1981 2009 1982 2010 1983 2011 1984 2012 1985
    2013 1986 2014 1987 2015 1988 2016 1989 2017 1990
    2018 1991 2019 1992 2020 1993 2021 1994 2022 1995
    2023 1996 2024 1997 2025 1998 2026 1999 2027 2000
    2028 2001 2029 2002 2030 2003 2031 2004 2032 2005
    2033 2006 711 2007 2035 2008 2036 2009 2037 2010
    2038 2011 2039 2012 2040 2013 2041 2014 2042 2015
    2043 2016 2044 2017 2045 2018 2046 2019 2047 2020
    2048 2021 2049 2022 2050 2023 2051 2024 2052 2025
    2053 2026 2054 2027 2055 2028 2056 2029 2057 2030
    2058 2031 2059 2032 2060 2033 2061 2034 2062 2035
    702 2036 2064 2037 2065 2038 2066 2039 2067 2040
    2068 2041 2069 2042 2070 2043 2071 2044 2072 2045
    2073 2046 2074 2047 2075 2048 2076 2049 2077 2050
    2078 2051 2079 2052 2080 2053 2081 2054 2082 2055
    2083 2056 2084 2057 2085 2058 2086 2059 2087 2060
    2088 2061 2089 2062 2090 2063 2091 2064 693 2065
    2093 2066 2094 2067 2095 2068 2096 2069 2097 2070
    2098 2071 2099 2072 2100 2073 2101 2074 2102 2075
    2103 2076 2104 2077 2105 2078 2106 2079 2107 2080
    2108 2081 2109 2082 2110 2083 2111 2084 2112 2085
    2113 2086 2114 2087 2115 2088 2116 2089 2117 2090
    2118 2091 2119 2092 2120 2093 9 684 2094 10
    2122 2095 11 2123 2096 12 2124 2097 13 2125
    2098 14 2126 2099 15 2127 2100 16 2128 2101
    17 2129 2102 18 2130 2103 19 2131 2104 20
    2132 2105 21 2133 2106 22 2134 2107 23 2135
    2108 24 2136 2109 25 2137 2110 26 2138 2111
    27 2139 2112 28 2140 2113 29 2141 2114 30
    2142 2115 31 2143 2116 32 2144 2117 33 2145
    2118 34 2146 2119 35 2147 2120 36 2148 2121
    37 2149 846 655 654 847 656 2151 848 657
    2152 849 658 2153 850 659 2154 851 660 2155
    852 661 2156 853 662 2157 854 663 2158 855
    664 2159 856 665 2160 857 666 2161 858 667
    2162 859 668 2163 860 669 2164 861 670 2165
    862 671 2166 863 672 2167 864 673 2168 865
    674 2169 866 675 2170 867 676 2171 868 677
    2172 869 678 2173 870 679 2174 871 680 2175
    872 681 2176 873 682 2177 874 683 2178 875
    2151 653 876 2152 2180 877 2153 2181 878 2154
    2182 879 2155 2183 880 2156 2184 881 2157 2185
    882 2158 2186 883 2159 2187 884 2160 2188 885
    2161 2189 886 2162 2190 887 2163 2191 888 2164
    2192 889 2165 2193 890 2166 2194 891 2167 2195
    892 2168 2196 893 2169 2197 894 2170 2198 895
    2171 2199 896 2172 2200 897 2173 2201 898 2174
    2202 899 2175 2203 900 2176 2204 901 2177 2205
    902 2178 2206 903 2179 2207 904 2180 652 905
    2181 2209 906 2182 2210 907 2183 2211 908 2184
    2212 909 2185 2213 910 2186 2214 911 2187 2215
    912 2188 2216 913 2189 2217 914 2190 2218 915
    2191 2219 916 2192 2220 917 2193 2221 918 2194
    2222 919 2195 2223 920 2196 2224 921 2197 2225
    922 2198 2226 923 2199 2227 924 2200 2228 925
    2201 2229 926 2202 2230 927 2203 2231 928 2204
    2232 929 2205 2233 930 2206 2234 931 2207 2235
    932 2208 2236 933 2209 651 934 2210 2238 935
    2211 2239 936 2212 2240 937 2213 2241 938 2214
    2242 939 2215 2243 940 2216 2244 941 2217 2245
    942 2218 2246 943 2219 2247 944 2220 2248 945
    2221 2249 946 2222 2250 947 2223 2251 948 2224
    2252 949 2225 2253 950 2226 2254 951 2227 2255
    952 2228 2256 953 2229 2257 954 2230 2258 955
    2231 2259 956 2232 2260 957 2233 2261 958 2234
    2262 959 2235 2263 960 2236 2264 961 2237 2265
    962 2238 650 963 2239 2267 964 2240 2268 965
    2241 2269 966 2242 2270 967 2243 2271 968 2244
    2272 969 2245 2273 970 2246 2274 971 2247 2275
    972 2248 2276 973 2249 2277 974 2250 2278 975
    2251 2279 976 2252 2280 977 2253 2281 978 2254
    2282 979 2255 2283 980 2256 2284 981 2257 2285
    982 2258 2286 983 2259 2287 984 2260 2288 985
    2261 2289 986 2262 2290 987 2263 2291 988 2264
    2292 989 2265 2293 990 2266 2294 991 2267 649
    992 2268 2296 993 2269 2297 994 2270 2298 995
    2271 2299 996 2272 2300 997 2273 2301 998 2274
    2302 999 2275 2303 1000 2276 2304 1001 2277 2305
    1002 2278 2306 1003 2279 2307 1004 2280 2308 1005
    2281 2309 1006 2282 2310 1007 2283 2311 1008 2284
    2312 1009 2285 2313 1010 2286 2314 1011 2287 2315
    1012 2288 2316 1013 2289 2317 1014 2290 2318 1015
    2291 2319 1016 2292 2320 1017 2293 2321 1018 2294
    2322 1019 2295 2323 1020 2296 648 1021 2297 2325
    1022 2298 2326 1023 2299 2327 1024 2300 2328 1025
    2301 2329 1026 2302 2330 1027 2303 2331 1028 2304
    2332 1029 2305 2333 1030 2306 2334 1031 2307 2335
    1032 2308 2336 1033 2309 2337 1034 2310 2338 1035
    2311 2339 1036 2312 2340 1037 2313 2341 1038 2314
    2342 1039 2315 2343 1040 2316 2344 1041 2317 2345
    1042 2318 2346 1043 2319 2347 1044 2320 2348 1045
    2321 2349 1046 2322 2350 1047 2323 2351 1048 2324
    2352 1049 2325 647 1050 2326 2354 1051 2327 2355
    1052 2328 2356 1053 2329 2357 1054 2330 2358 1055
    2331 2359 1056 2332 2360 1057 2333 2361 1058 2334
    2362 1059 2335 2363 1060 2336 2364 1061 2337 2365
    1062 2338 2366 1063 2339 2367 1064 2340 2368 1065
    2341 2369 1066 2342 2370 1067 2343 2371 1068 2344
    2372 1069 2345 2373 1070 2346 2374 1071 2347 2375
    1072 2348 2376 1073 2349 2377 1074 2350 2378 1075
    2351 2379 1076 2352 2380 1077 2353 2381 1078 2354
    646 1079 2355 2383 1080 2356 2384 1081 2357 2385
    1082 2358 2386 1083 2359 2387 1084 2360 2388 1085
    2361 2389 1086 2362 2390 1087 2363 2391 1088 2364
    2392 1089 2365 2393 1090 2366 2394 1091 2367 2395
    1092 2368 2396 1093 2369 2397 1094 2370 2398 1095
    2371 2399 1096 2372 2400 1097 2373 2401 1098 2374
    2402 1099 2375 2403 1100 2376 2404 1101 2377 2405
    1102 2378 2406 1103 2379 2407 1104 2380 2408 1105
    2381 2409 1106 2382 2410 1107 2383 646 1108 2384
    2412 1109 2385 2413 1110 2386 2414 1111 2387 2415
    1112 2388 2416 1113 2389 2417 1114 2390 2418 1115
    2391 2419 1116 2392 2420 1117 2393 2421 1118 2394
    2422 1119 2395 2423 1120 2396 2424 1121 2397 2425
    1122 2398 2426 1123 2399 2427 1124 2400 2428 1125
    2401 2429 1126 2402 2430 1127 2403 2431 1128 2404
    2432 1129 2405 2433 1130 2406 2434 1131 2407 2435
    1132 2408 2436 1133 2409 2437 1134 2410 2438 1135
    2411 2439 1136 2412 608 1137 2413 2441 1138 2414
    2442 1139 2415 2443 1140 2416 2444 1141 2417 2445
    1142 2418 2446 1143 2419 2447 1144 2420 2448 1145
    2421 2449 1146 2422 2450 1147 2423 2451 1148 2424
    2452 1149 2425 2453 1150 2426 2454 1151 2427 2455
    1152 2428 2456 1153 2429 2457 1154 2430 2458 1155
    2431 2459 1156 2432 2460 1157 2433 2461 1158 2434
    2462 1159 2435 2463 1160 2436 2464 1161 2437 2465
    1162 2438 2466 1163 2439 2467 1164 2440 2468 1165
    2441 570 1166 2442 2470 1167 2443 2471 1168 2444
    2472 1169 2445 2473 1170 2446 2474 1171 2447 2475
    1172 2448 2476 1173 2449 2477 1174 2450 2478 1175
    2451 2479 1176 2452 2480 1177 2453 2481 1178 2454
    2482 1179 2455 2483 1180 2456 2484 1181 2457 2485
    1182 2458 2486 1183 2459 2487 1184 2460 2488 1185
    2461 2489 1186 2462 2490 1187 2463 2491 1188 2464
    2492 1189 2465 2493 1190 2466 2494 1191 2467 2495
    1192 2468 2496 1193 2469 2497 1194 2470 532 1195
    2471 2499 1196 2472 2500 1197 2473 2501 1198 2474
    2502 1199 2475 2503 1200 2476 2504 1201 2477 2505
    1202 2478 2506 1203 2479 2507 1204 2480 2508 1205
    2481 2509 1206 2482 2510 1207 2483 2511 1208 2484
    2512 1209 2485 2513 1210 2486 2514 1211 2487 2515
    1212 2488 2516 1213 2489 2517 1214 2490 2518 1215
    2491 2519 1216 2492 2520 1217 2493 2521 1218 2494
    2522 1219 2495 2523 1220 2496 2524 1221 2497 2525
    1222 2498 2526 1223 2499 494 1224 2500 2528 1225
    2501 2529 1226 2502 2530 1227 2503 2531 1228 2504
    2532 1229 2505 2533 1230 2506 2534 1231 2507 2535
    1232 2508 2536 1233 2509 2537 1234 2510 2538 1235
    2511 2539 1236 2512 2540 1237 2513 2541 1238 2514
    2542 1239 2515 2543 1240 2516 2544 1241 2517 2545
    1242 2518 2546 1243 2519 2547 1244 2520 2548 1245
    2521 2549 1246 2522 2550 1247 2523 2551 1248 2524
    2552 1249 2525 2553 1250 2526 2554 1251 2527 2555
    1252 2528 456 1253 2529 2557 1254 2530 2558 1255
    2531 2559 1256 2532 2560 1257 2533 2561 1258 2534
    2562 1259 2535 2563 1260 2536 2564 1261 2537 2565
    1262 2538 2566 1263 2539 2567 1264 2540 2568 1265
    2541 2569 1266 2542 2570 1267 2543 2571 1268 2544
    2572 1269 2545 2573 1270 2546 2574 1271 2547 2575
    1272 2548 2576 1273 2549 2577 1274 2550 2578 1275
    2551 2579 1276 2552 2580 1277 2553 2581 1278 2554
    2582 1279 2555 2583 1280 2556 2584 1281 2557 418
    1282 2558 2586 1283 2559 2587 1284 2560 2588 1285
    2561 2589 1286 2562 2590 1287 2563 2591 1288 2564
    2592 1289 2565 2593 1290 2566 2594 1291 2567 2595
    1292 2568 2596 1293 2569 2597 1294 2570 2598 1295
    2571 2599 1296 2572 2600 1297 2573 2601 1298 2574
    2602 1299 2575 2603 1300 2576 2604 1301 2577 2605
    1302 2578 2606 1303 2579 2607 1304 2580 2608 1305
    2581 2609 1306 2582 2610 1307 2583 2611 1308 2584
    2612 1309 2585 2613 1310 2586 380 1311 2587 2615
    1312 2588 2616 1313 2589 2617 1314 2590 2618 1315
    2591 2619 1316 2592 2620 1317 2593 2621 1318 2594
    2622 1319 2595 2623 1320 2596 2624 1321 2597 2625
    1322 2598 2626 1323 2599 2627 1324 2600 2628 1325
    2601 2629 1326 2602 2630 1327 2603 2631 1328 2604
    2632 1329 2605 2633 1330 2606 2634 1331 2607 2635
    1332 2608 2636 1333 2609 2637 1334 2610 2638 1335
    2611 2639 1336 2612 2640 1337 2613 2641 1338 2614
    2642 1339 2615 342 1340 2616 2644 1341 2617 2645
    1342 2618 2646 1343 2619 2647 1344 2620 2648 1345
    2621 2649 1346 2622 2650 1347 2623 2651 1348 2624
    2652 1349 2625 2653 1350 2626 2654 1351 2627 2655
    1352 2628 2656 1353 2629 2657 1354 2630 2658 1355
    2631 2659 1356 2632 2660 1357 2633 2661 1358 2634
    2662 1359 2635 2663 1360 2636 2664 1361 2637 2665
    1362 2638 2666 1363 2639 2667 1364 2640 2668 1365
    2641 2669 1366 2642 2670 1367 2643 2671 1368 2644
    773 1369 2645 2673 1370 2646 2674 1371 2647 2675
    1372 2648 2676 1373 2649 2677 1374 2650 2678 1375
    2651 2679 1376 2652 2680 1377 2653 2681 1378 2654
    2682 1379 2655 2683 1380 2656 2684 1381 2657 2685
    1382 2658 2686 1383 2659 2687 1384 2660 2688 1385
    2661 2689 1386 2662 2690 1387 2663 2691 1388 2664
    2692 1389 2665 2693 1390 2666 2694 1391 2667 2695
    1392 2668 2696 1393 2669 2697 1394 2670 2698 1395
    2671 2699 1396 2672 2700 1397 2673 782 1398 2674
    2702 1399 2675 2703 1400 2676 2704 1401 2677 2705
    1402 2678 2706 1403 2679 2707 1404 2680 2708 1405
    2681 2709 1406 2682 2710 1407 2683 2711 1408 2684
    2712 1409 2685 2713 1410 2686 2714 1411 2687 2715
    1412 2688 2716 1413 2689 2717 1414 2690 2718 1415
    2691 2719 1416 2692 2720 1417 2693 2721 1418 2694
    2722 1419 2695 2723 1420 2696 2724 1421 2697 2725
    1422 2698 2726 1423 2699 2727 1424 2700 2728 1425
    2701 2729 1426 2702 791 1427 2703 2731 1428 2704
    2732 1429 2705 2733 1430 2706 2734 1431 2707 2735
    1432 2708 2736 1433 2709 2737 1434 2710 2738 1435
    2711 2739 1436 2712 2740 1437 2713 2741 1438 2714
    2742 1439 2715 2743 1440 2716 2744 1441 2717 2745
    1442 2718 2746 1443 2719 2747 1444 2720 2748 1445
    2721 2749 1446 2722 2750 1447 2723 2751 1448 2724
    2752 1449 2725 2753 1450 2726 2754 1451 2727 2755
    1452 2728 2756 1453 2729 2757 1454 2730 2758 1455
    2731 800 1456 2732 2760 1457 2733 2761 1458 2734
    2762 1459 2735 2763 1460 2736 2764 1461 2737 2765
    1462 2738 2766 1463 2739 2767 1464 2740 2768 1465
    2741 2769 1466 2742 2770 1467 2743 2771 1468 2744
    2772 1469 2745 2773 1470 2746 2774 1471 2747 2775
    1472 2748 2776 1473 2749 2777 1474 2750 2778 1475
    2751 2779 1476 2752 2780 1477 2753 2781 1478 2754
    2782 1479 2755 2783 1480 2756 2784 1481 2757 2785
    1482 2758 2786 1483 2759 2787 1484 2760 809 1485
    2761 2789 1486 2762 2790 1487 2763 2791 1488 2764
    2792 1489 2765 2793 1490 2766 2794 1491 2767 2795
    1492 2768 2796 1493 2769 2797 1494 2770 2798 1495
    2771 2799 1496 2772 2800 1497 2773 2801 1498 2774
    2802 1499 2775 2803 1500 2776 2804 1501 2777 2805
    1502 2778 2806 1503 2779 2807 1504 2780 2808 1505
    2781 2809 1506 2782 2810 1507 2783 2811 1508 2784
    2812 1509 2785 2813 1510 2786 2814 1511 2787 2815
    1512 2788 2816 1513 2789 818 1514 2790 2818 1515
    2791 2819 1516 2792 2820 1517 2793 2821 1518 2794
    2822 1519 2795 2823 1520 2796 2824 1521 2797 2825
    1522 2798 2826 1523 2799 2827 1524 2800 2828 1525
    2801 2829 1526 2802 2830 1527 2803 2831 1528 2804
    2832 1529 2805 2833 1530 2806 2834 1531 2807 2835
    1532 2808 2836 1533 2809 2837 1534 2810 2838 1535
    2811 2839 1536 2812 2840 1537 2813 2841 1538 2814
    2842 1539 2815 2843 1540 2816 2844 1541 2817 2845
    1542 2818 827 1543 2819 2847 1544 2820 2848 1545
    2821 2849 1546 2822 2850 1547 2823 2851 1548 2824
    2852 1549 2825 2853 1550 2826 2854 1551 2827 2855
    1552 2828 2856 1553 2829 2857 1554 2830 2858 1555
    2831 2859 1556 2832 2860 1557 2833 2861 1558 2834
    2862 1559 2835 2863 1560 2836 2864 1561 2837 2865
    1562 2838 2866 1563 2839 2867 1564 2840 2868 1565
    2841 2869 1566 2842 2870 1567 2843 2871 1568 2844
    2872 1569 2845 2873 1570 2846 2874 1571 2847 836
    1572 2848 2876 1573 2849 2877 1574 2850 2878 1575
    2851 2879 1576 2852 2880 1577 2853 2881 1578 2854
    2882 1579 2855 2883 1580 2856 2884 1581 2857 2885
    1582 2858 2886 1583 2859 2887 1584 2860 2888 1585
    2861 2889 1586 2862 2890 1587 2863 2891 1588 2864
    2892 1589 2865 2893 1590 2866 2894 1591 2867 2895
    1592 2868 2896 1593 2869 2897 1594 2870 2898 1595
    2871 2899 1596 2872 2900 1597 2873 2901 1598 2874
    2902 1599 2875 2903 1600 2876 845 1601 2877 2905
    1602 2878 2906 1603 2879 2907 1604 2880 2908 1605
    2881 2909 1606 2882 2910 1607 2883 2911 1608 2884
    2912 1609 2885 2913 1610 2886 2914 1611 2887 2915
    1612 2888 2916 1613 2889 2917 1614 2890 2918 1615
    2891 2919 1616 2892 2920 1617 2893 2921 1618 2894
    2922 1619 2895 2923 1620 2896 2924 1621 2897 2925
    1622 2898 2926 1623 2899 2927 1624 2900 2928 1625
    2901 2929 1626 2902 2930 1627 2903 2931 1628 2904
    2932 1629 2905 845 1630 2906 2934 1631 2907 2935
    1632 2908 2936 1633 2909 2937 1634 2910 2938 1635
    2911 2939 1636 2912 2940 1637 2913 2941 1638 2914
    2942 1639 2915 2943 1640 2916 2944 1641 2917 2945
    1642 2918 2946 1643 2919 2947 1644 2920 2948 1645
    2921 2949 1646 2922 2950 1647 2923 2951 1648 2924
    2952 1649 2925 2953 1650 2926 2954 1651 2927 2955
    1652 2928 2956 1653 2929 2957 1654 2930 2958 1655
    2931 2959 1656 2932 2960 1657 2933 2961 1658 2934
    844 1659 2935 2963 1660 2936 2964 1661 2937 2965
    1662 2938 2966 1663 2939 2967 1664 2940 2968 1665
    2941 2969 1666 2942 2970 1667 2943 2971 1668 2944
    2972 1669 2945 2973 1670 2946 2974 1671 2947 2975
    1672 2948 2976 1673 2949 2977 1674 2950 2978 1675
    2951 2979 1676 2952 2980 1677 2953 2981 1678 2954
    2982 1679 2955 2983 1680 2956 2984 1681 2957 2985
    1682 2958 2986 1683 2959 2987 1684 2960 2988 1685
    2961 2989 1686 2962 2990 1687 2963 843 1688 2964
    2992 1689 2965 2993 1690 2966 2994 1691 2967 2995
    1692 2968 2996 1693 2969 2997 1694 2970 2998 1695
    2971 2999 1696 2972 3000 1697 2973 3001 1698 2974
    3002 1699 2975 3003 1700 2976 3004 1701 2977 3005
    1702 2978 3006 1703 2979 3007 1704 2980 3008 1705
    2981 3009 1706 2982 3010 1707 2983 3011 1708 2984
    3012 1709 2985 3013 1710 2986 3014 1711 2987 3015
    1712 2988 3016 1713 2989 3017 1714 2990 3018 1715
    2991 3019 1716 2992 842 1717 2993 3021 1718 2994
    3022 1719 2995 3023 1720 2996 3024 1721 2997 3025
    1722 2998 3026 1723 2999 3027 1724 3000 3028 1725
    3001 3029 1726 3002 3030 1727 3003 3031 1728 3004
    3032 1729 3005 3033 1730 3006 3034 1731 3007 3035
    1732 3008 3036 1733 3009 3037 1734 3010 3038 1735
    3011 3039 1736 3012 3040 1737 3013 3041 1738 3014
    3042 1739 3015 3043 1740 3016 3044 1741 3017 3045
    1742 3018 3046 1743 3019 3047 1744 3020 3048 1745
    3021 841 1746 3022 3050 1747 3023 3051 1748 3024
    3052 1749 3025 3053 1750 3026 3054 1751 3027 3055
    1752 3028 3056 1753 3029 3057 1754 3030 3058 1755
    3031 3059 1756 3032 3060 1757 3033 3061 1758 3034
    3062 1759 3035 3063 1760 3036 3064 1761 3037 3065
    1762 3038 3066 1763 3039 3067 1764 3040 3068 1765
    3041 3069 1766 3042 3070 1767 3043 3071 1768 3044
    3072 1769 3045 3073 1770 3046 3074 1771 3047 3075
    1772 3048 3076 1773 3049 3077 1774 3050 840 1775
    3051 3079 1776 3052 3080 1777 3053 3081 1778 3054
    3082 1779 3055 3083 1780 3056 3084 1781 3057 3085
    1782 3058 3086 1783 3059 3087 1784 3060 3088 1785
    3061 3089 1786 3062 3090 1787 3063 3091 1788 3064
    3092 1789 3065 3093 1790 3066 3094 1791 3067 3095
    1792 3068 3096 1793 3069 3097 1794 3070 3098 1795
    3071 3099 1796 3072 3100 1797 3073 3101 1798 3074
    3102 1799 3075 3103 1800 3076 3104 1801 3077 3105
    1802 3078 3106 1803 3079 839 1804 3080 3108 1805
    3081 3109 1806 3082 3110 1807 3083 3111 1808 3084
    3112 1809 3085 3113 1810 3086 3114 1811 3087 3115
    1812 3088 3116 1813 3089 3117 1814 3090 3118 1815
    3091 3119 1816 3092 3120 1817 3093 3121 1818 3094
    3122 1819 3095 3123 1820 3096 3124 1821 3097 3125
    1822 3098 3126 1823 3099 3127 1824 3100 3128 1825
    3101 3129 1826 3102 3130 1827 3103 3131 1828 3104
    3132 1829 3105 3133 1830 3106 3134 1831 3107 3135
    1832 3108 838 1833 3109 3137 1834 3110 3138 1835
    3111 3139 1836 3112 3140 1837 3113 3141 1838 3114
    3142 1839 3115 3143 1840 3116 3144 1841 3117 3145
    1842 3118 3146 1843 3119 3147 1844 3120 3148 1845
    3121 3149 1846 3122 3150 1847 3123 3151 1848 3124
    3152 1849 3125 3153 1850 3126 3154 1851 3127 3155
    1852 3128 3156 1853 3129 3157 1854 3130 3158 1855
    3131 3159 1856 3132 3160 1857 3133 3161 1858 3134
    3162 1859 3135 3163 1860 3136 3164 1861 3137 837
    1862 3138 3166 1863 3139 3167 1864 3140 3168 1865
    3141 3169 1866 3142 3170 1867 3143 3171 1868 3144
    3172 1869 3145 3173 1870 3146 3174 1871 3147 3175
    1872 3148 3176 1873 3149 3177 1874 3150 3178 1875
    3151 3179 1876 3152 3180 1877 3153 3181 1878 3154
    3182 1879 3155 3183 1880 3156 3184 1881 3157 3185
    1882 3158 3186 1883 3159 3187 1884 3160 3188 1885
    3161 3189 1886 3162 3190 1887 3163 3191 1888 3164
    3192 1889 3165 3193 1890 3166 837 1891 3167 3195
    1892 3168 3196 1893 3169 3197 1894 3170 3198 1895
    3171 3199 1896 3172 3200 1897 3173 3201 1898 3174
    3202 1899 3175 3203 1900 3176 3204 1901 3177 3205
    1902 3178 3206 1903 3179 3207 1904 3180 3208 1905
    3181 3209 1906 3182 3210 1907 3183 3211 1908 3184
    3212 1909 3185 3213 1910 3186 3214 1911 3187 3215
    1912 3188 3216 1913 3189 3217 1914 3190 3218 1915
    3191 3219 1916 3192 3220 1917 3193 3221 1918 3194
    3222 1919 3195 828 1920 3196 3224 1921 3197 3225
    1922 3198 3226 1923 3199 3227 1924 3200 3228 1925
    3201 3229 1926 3202 3230 1927 3203 3231 1928 3204
    3232 1929 3205 3233 1930 3206 3234 1931 3207 3235
    1932 3208 3236 1933 3209 3237 1934 3210 3238 1935
    3211 3239 1936 3212 3240 1937 3213 3241 1938 3214
    3242 1939 3215 3243 1940 3216 3244 1941 3217 3245
    1942 3218 3246 1943 3219 3247 1944 3220 3248 1945
    3221 3249 1946 3222 3250 1947 3223 3251 1948 3224
    819 1949 3225 3253 1950 3226 3254 1951 3227 3255
    1952 3228 3256 1953 3229 3257 1954 3230 3258 1955
    3231 3259 1956 3232 3260 1957 3233 3261 1958 3234
    3262 1959 3235 3263 1960 3236 3264 1961 3237 3265
    1962 3238 3266 1963 3239 3267 1964 3240 3268 1965
    3241 3269 1966 3242 3270 1967 3243 3271 1968 3244
    3272 1969 3245 3273 1970 3246 3274 1971 3247 3275
    1972 3248 3276 1973 3249 3277 1974 3250 3278 1975
    3251 3279 1976 3252 3280 1977 3253 810 1978 3254
    3282 1979 3255 3283 1980 3256 3284 1981 3257 3285
    1982 3258 3286 1983 3259 3287 1984 3260 3288 1985
    3261 3289 1986 3262 3290 1987 3263 3291 1988 3264
    3292 1989 3265 3293 1990 3266 3294 1991 3267 3295
    1992 3268 3296 1993 3269 3297 1994 3270 3298 1995
    3271 3299 1996 3272 3300 1997 3273 3301 1998 3274
    3302 1999 3275 3303 2000 3276 3304 2001 3277 3305
    2002 3278 3306 2003 3279 3307 2004 3280 3308 2005
    3281 3309 2006 3282 801 2007 3283 3311 2008 3284
    3312 2009 3285 3313 2010 3286 3314 2011 3287 3315
    2012 3288 3316 2013 3289 3317 2014 3290 3318 2015
    3291 3319 2016 3292 3320 2017 3293 3321 2018 3294
    3322 2019 3295 3323 2020 3296 3324 2021 3297 3325
    2022 3298 3326 2023 3299 3327 2024 3300 3328 2025
    3301 3329 2026 3302 3330 2027 3303 3331 2028 3304
    3332 2029 3305 3333 2030 3306 3334 2031 3307 3335
    2032 3308 3336 2033 3309 3337 2034 3310 3338 2035
    3311 792 2036 3312 3340 2037 3313 3341 2038 3314
    3342 2039 3315 3343 2040 3316 3344 2041 3317 3345
    2042 3318 3346 2043 3319 3347 2044 3320 3348 2045
    3321 3349 2046 3322 3350 2047 3323 3351 2048 3324
    3352 2049 3325 3353 2050 3326 3354 2051 3327 3355
    2052 3328 3356 2053 3329 3357 2054 3330 3358 2055
    3331 3359 2056 3332 3360 2057 3333 3361 2058 3334
    3362 2059 3335 3363 2060 3336 3364 2061 3337 3365
    2062 3338 3366 2063 3339 3367 2064 3340 783 2065
    3341 3369 2066 3342 3370 2067 3343 3371 2068 3344
    3372 2069 3345 3373 2070 3346 3374 2071 3347 3375
    2072 3348 3376 2073 3349 3377 2074 3350 3378 2075
    3351 3379 2076 3352 3380 2077 3353 3381 2078 3354
    3382 2079 3355 3383 2080 3356 3384 2081 3357 3385
    2082 3358 3386 2083 3359 3387 2084 3360 3388 2085
    3361 3389 2086 3362 3390 2087 3363 3391 2088 3364
    3392 2089 3365 3393 2090 3366 3394 2091 3367 3395
    2092 3368 3396 2093 3369 774 2094 3370 3398 2095
    3371 3399 2096 3372 3400 2097 3373 3401 2098 3374
    3402 2099 3375 3403 2100 3376 3404 2101 3377 3405
    2102 3378 3406 2103 3379 3407 2104 3380 3408 2105
    3381 3409 2106 3382 3410 2107 3383 3411 2108 3384
    3412 2109 3385 3413 2110 3386 3414 2111 3387 3415
    2112 3388 3416 2113 3389 3417 2114 3390 3418 2115
    3391 3419 2116 3392 3420 2117 3393 3421 2118 3394
    3422 2119 3395 3423 2120 3396 3424 2121 3397 3425
    2122 3398 351 765 2123 3399 352 3427 2124 3400
    353 3428 2125 3401 354 3429 2126 3402 355 3430
    2127 3403 356 3431 2128 3404 357 3432 2129 3405
    358 3433 2130 3406 359 3434 2131 3407 360 3435
    2132 3408 361 3436 2133 3409 362 3437 2134 3410
    363 3438 2135 3411 364 3439 2136 3412 365 3440
    2137 3413 366 3441 2138 3414 367 3442 2139 3415
    368 3443 2140 3416 369 3444 2141 3417 370 3445
    2142 3418 371 3446 2143 3419 372 3447 2144 3420
    373 3448 2145 3421 374 3449 2146 3422 375 3450
    2147 3423 376 3451 2148 3424 377 3452 2149 3425
    378 3453 2150 3426 379 3454 37 75 113 151
    189 227 265 303 341 379 417 455 493 531
    569 607 645 683 342 343 344 345 346 347
    348 349 350 351 352 353 354 355 356 357
    358 359 360 361 362 363 364 365 366 367
    368 369 370 371 372 373 374 375 376 377
    378 379 380 381 382 383 384 385 386 387
    388 389 390 391 392 393 394 395 396 397
    398 399 400 401 402 403 404 405 406 407
    408 409 410 411 412 413 414 415 416 417
    418 419 420 421 422 423 424 425 426 427
    428 429 430 431 432 433 434 435 436 437
    438 439 440 441 442 443 444 445 446 447
    448 449 450 451 452 453 454 455 456 457
    458 459 460 461 462 463 464 465 466 467
    468 469 470 471 472 473 474 475 476 477
    478 479 480 481 482 483 484 485 486 487
    488 489 490 491 492 493 494 495 496 497
    498 499 500 501 502 503 504 505 506 507
    508 509 510 511 512 513 514 515 516 517
    518 519 520 521 522 523 524 525 526 527
    528 529 530 531 532 533 534 535 536 537
    538 539 540 541 542 543 544 545 546 547
    548 549 550 551 552 553 554 555 556 557
    558 559 560 561 562 563 564 565 566 567
    568 569 570 571 572 573 574 575 576 577
    578 579 580 581 582 583 584 585 586 587
    588 589 590 591 592 593 594 595 596 597
    598 599 600 601 602 603 604 605 606 607
    608 609 610 611 612 613 614 615 616 617
    618 619 620 621 622 623 624 625 626 627
    628 629 630 631 632 633 634 635 636 637
    638 639 640 641 642 643 644 645 646 647
    648 649 650 651 652 653 654 655 656 657
    658 659 660 661 662 663 664 665 666 667
    668 669 670 671 672 673 674 675 676 677
    678 679 680 681 682 683 765 766 767 768
    769 770 771 772 773 774 775 776 777 778
    779 780 781 782 783 784 785 786 787 788
    789 790 791 792 793 794 795 796 797 798
    799 800 801 802 803 804 805 806 807 808
    809 810 811 812 813 814 815 816 817 818
    819 820 821 822 823 824 825 826 827 828
    829 830 831 832 833 834 835 836 837 838
    839 840 841 842 843 844 845 874 903 932
    961 990 1019 1048 1077 1106 2179 2208 2237 2266
    2295 2324 2353 2382 2411 1135 1164 1193 1222 1251
    1280 1309 1338 1367 2440 2469 2498 2527 2556 2585
    2614 2643 2672 1396 1425 1454 1483 1512 1541 1570
    1599 1628 2701 2730 2759 2788 2817 2846 2875 2904
    2933 1657 1686 1715 1744 1773 1802 1831 1860 1889
    2962 2991 3020 3049 3078 3107 3136 3165 3194 1918
    1947 1976 2005 2034 2063 2092 2121 2150 3223 3252
    3281 3310 3339 3368 3397 3426 3455 2151 2152 2153
    2154 2155 2156 2157 2158 2159 2160 2161 2162 2163
    2164 2165 2166 2167 2168 2169 2170 2171 2172 2173
    2174 2175 2176 2177 2178 2179 2180 2181 2182 2183
    2184 2185 2186 2187 2188 2189 2190 2191 2192 2193
    2194 2195 2196 2197 2198 2199 2200 2201 2202 2203
    2204 2205 2206 2207 2208 2209 2210 2211 2212 2213
    2214 2215 2216 2217 2218 2219 2220 2221 2222 2223
    2224 2225 2226 2227 2228 2229 2230 2231 2232 2233
    2234 2235 2236 2237 2238 2239 2240 2241 2242 2243
    2244 2245 2246 2247 2248 2249 2250 2251 2252 2253
    2254 2255 2256 2257 2258 2259 2260 2261 2262 2263
    2264 2265 2266 2267 2268 2269 2270 2271 2272 2273
    2274 2275 2276 2277 2278 2279 2280 2281 2282 2283
    2284 2285 2286 2287 2288 2289 2290 2291 2292 2293
    2294 2295 2296 2297 2298 2299 2300 2301 2302 2303
    2304 2305 2306 2307 2308 2309 2310 2311 2312 2313
    2314 2315 2316 2317 2318 2319 2320 2321 2322 2323
    2324 2325 2326 2327 2328 2329 2330 2331 2332 2333
    2334 2335 2336 2337 2338 2339 2340 2341 2342 2343
    2344 2345 2346 2347 2348 2349 2350 2351 2352 2353
    2354 2355 2356 2357 2358 2359 2360 2361 2362 2363
    2364 2365 2366 2367 2368 2369 2370 2371 2372 2373
    2374 2375 2376 2377 2378 2379 2380 2381 2382 2383
    2384 2385 2386 2387 2388 2389 2390 2391 2392 2393
    2394 2395 2396 2397 2398 2399 2400 2401 2402 2403
    2404 2405 2406 2407 2408 2409 2410 2411 2412 2413
    2414 2415 2416 2417 2418 2419 2420 2421 2422 2423
    2424 2425 2426 2427 2428 2429 2430 2431 2432 2433
    2434 2435 2436 2437 2438 2439 2440 2441 2442 2443
    2444 2445 2446 2447 2448 2449 2450 2451 2452 2453
    2454 2455 2456 2457 2458 2459 2460 2461 2462 2463
    2464 2465 2466 2467 2468 2469 2470 2471 2472 2473
    2474 2475 2476 2477 2478 2479 2480 2481 2482 2483
    2484 2485 2486 2487 2488 2489 2490 2491 2492 2493
    2494 2495 2496 2497 2498 2499 2500 2501 2502 2503
    2504 2505 2506 2507 2508 2509 2510 2511 2512 2513
    2514 2515 2516 2517 2518 2519 2520 2521 2522 2523
    2524 2525 2526 2527 2528 2529 2530 2531 2532 2533
    2534 2535 2536 2537 2538 2539 2540 2541 2542 2543
    2544 2545 2546 2547 2548 2549 2550 2551 2552 2553
    2554 2555 2556 2557 2558 2559 2560 2561 2562 2563
    2564 2565 2566 2567 2568 2569 2570 2571 2572 2573
    2574 2575 2576 2577 2578 2579 2580 2581 2582 2583
    2584 2585 2586 2587 2588 2589 2590 2591 2592 2593
    2594 2595 2596 2597 2598 2599 2600 2601 2602 2603
    2604 2605 2606 2607 2608 2609 2610 2611 2612 2613
    2614 2615 2616 2617 2618 2619 2620 2621 2622 2623
    2624 2625 2626 2627 2628 2629 2630 2631 2632 2633
    2634 2635 2636 2637 2638 2639 2640 2641 2642 2643
    2644 2645 2646 2647 2648 2649 2650 2651 2652 2653
    2654 2655 2656 2657 2658 2659 2660 2661 2662 2663
    2664 2665 2666 2667 2668 2669 2670 2671 2672 2673
    2674 2675 2676 2677 2678 2679 2680 2681 2682 2683
    2684 2685 2686 2687 2688 2689 2690 2691 2692 2693
    2694 2695 2696 2697 2698 2699 2700 2701 2702 2703
    2704 2705 2706 2707 2708 2709 2710 2711 2712 2713
    2714 2715 2716 2717 2718 2719 2720 2721 2722 2723
    2724 2725 2726 2727 2728 2729 2730 2731 2732 2733
    2734 2735 2736 2737 2738 2739 2740 2741 2742 2743
    2744 2745 2746 2747 2748 2749 2750 2751 2752 2753
    2754 2755 2756 2757 2758 2759 2760 2761 2762 2763
    2764 2765 2766 2767 2768 2769 2770 2771 2772 2773
    2774 2775 2776 2777 2778 2779 2780 2781 2782 2783
    2784 2785 2786 2787 2788 2789 2790 2791 2792 2793
    2794 2795 2796 2797 2798 2799 2800 2801 2802 2803
    2804 2805 2806 2807 2808 2809 2810 2811 2812 2813
    2814 2815 2816 2817 2818 2819 2820 2821 2822 2823
    2824 2825 2826 2827 2828 2829 2830 2831 2832 2833
    2834 2835 2836 2837 2838 2839 2840 2841 2842 2843
    2844 2845 2846 2847 2848 2849 2850 2851 2852 2853
    2854 2855 2856 2857 2858 2859 2860 2861 2862 2863
    2864 2865 2866 2867 2868 2869 2870 2871 2872 2873
    2874 2875 2876 2877 2878 2879 2880 2881 2882 2883
    2884 2885 2886 2887 2888 2889 2890 2891 2892 2893
    2894 2895 2896 2897 2898 2899 2900 2901 2902 2903
    2904 2905 2906 2907 2908 2909 2910 2911 2912 2913
    2914 2915 2916 2917 2918 2919 2920 2921 2922 2923
    2924 2925 2926 2927 2928 2929 2930 2931 2932 2933
    2934 2935 2936 2937 2938 2939 2940 2941 2942 2943
    2944 2945 2946 2947 2948 2949 2950 2951 2952 2953
    2954 2955 2956 2957 2958 2959 2960 2961 2962 2963
    2964 2965 2966 2967 2968 2969 2970 2971 2972 2973
    2974 2975 2976 2977 2978 2979 2980 2981 2982 2983
    2984 2985 2986 2987 2988 2989 2990 2991 2992 2993
    2994 2995 2996 2997 2998 2999 3000 3001 3002 3003
    3004 3005 3006 3007 3008 3009 3010 3011 3012 3013
    3014 3015 3016 3017 3018 3019 3020 3021 3022 3023
    3024 3025 3026 3027 3028 3029 3030 3031 3032 3033
    3034 3035 3036 3037 3038 3039 3040 3041 3042 3043
    3044 3045 3046 3047 3048 3049 3050 3051 3052 3053
    3054 3055 3056 3057 3058 3059 3060 3061 3062 3063
    3064 3065 3066 3067 3068 3069 3070 3071 3072 3073
    3074 3075 3076 3077 3078 3079 3080 3081 3082 3083
    3084 3085 3086 3087 3088 3089 3090 3091 3092 3093
    3094 3095 3096 3097 3098 3099 3100 3101 3102 3103
    3104 3105 3106 3107 3108 3109 3110 3111 3112 3113
    3114 3115 3116 3117 3118 3119 3120 3121 3122 3123
    3124 3125 3126 3127 3128 3129 3130 3131 3132 3133
    3134 3135 3136 3137 3138 3139 3140 3141 3142 3143
    3144 3145 3146 3147 3148 3149 3150 3151 3152 3153
    3154 3155 3156 3157 3158 3159 3160 3161 3162 3163
    3164 3165 3166 3167 3168 3169 3170 3171 3172 3173
    3174 3175 3176 3177 3178 3179 3180 3181 3182 3183
    3184 3185 3186 3187 3188 3189 3190 3191 3192 3193
    3194 3195 3196 3197 3198 3199 3200 3201 3202 3203
    3204 3205 3206 3207 3208 3209 3210 3211 3212 3213
    3214 3215 3216 3217 3218 3219 3220 3221 3222 3223
    3224 3225 3226 3227 3228 3229 3230 3231 3232 3233
    3234 3235 3236 3237 3238 3239 3240 3241 3242 3243
    3244 3245 3246 3247 3248 3249 3250 3251 3252 3253
    3254 3255 3256 3257 3258 3259 3260 3261 3262 3263
    3264 3265 3266 3267 3268 3269 3270 3271 3272 3273
    3274 3275 3276 3277 3278 3279 3280 3281 3282 3283
    3284 3285 3286 3287 3288 3289 3290 3291 3292 3293
    3294 3295 3296 3297 3298 3299 3300 3301 3302 3303
    3304 3305 3306 3307 3308 3309 3310 3311 3312 3313
    3314 3315 3316 3317 3318 3319 3320 3321 3322 3323
    3324 3325 3326 3327 3328 3329 3330 3331 3332 3333
    3334 3335 3336 3337 3338 3339 3340 3341 3342 3343
    3344 3345 3346 3347 3348 3349 3350 3351 3352 3353
    3354 3355 3356 3357 3358 3359 3360 3361 3362 3363
    3364 3365 3366 3367 3368 3369 3370 3371 3372 3373
    3374 3375 3376 3377 3378 3379 3380 3381 3382 3383
    3384 3385 3386 3387 3388 3389 3390 3391 3392 3393
    3394 3395 3396 3397 3398 3399 3400 3401 3402 3403
    3404 3405 3406 3407 3408 3409 3410 3411 3412 3413
    3414 3415 3416 3417 3418 3419 3420 3421 3422 3423
    3424 3425 3426 3427 3428 3429 3430 3431 3432 3433
    3434 3435 3436 3437 3438 3439 3440 3441 3442 3443
    3444 3445 3446 3447 3448 3449 3450 3451 3452 3453
    3454 3455 0 1 2 3 4 5 6 7
    8 9 10 11 12 13 14 15 16 17
    18 19 20 21 22 23 24 25 26 27
    28 29 30 31 32 33 34 35 36 37
    38 39 40 41 42 43 44 45 46 47
    48 49 50 51 52 53 54 55 56 57
    58 59 60 61 62 63 64 65 66 67
    68 69 70 71 72 73 74 75 76 77
    78 79 80 81 82 83 84 85 86 87
    88 89 90 91 92 93 94 95 96 97
    98 99 100 101 102 103 104 105 106 107
    108 109 110 111 112 113 114 115 116 117
    118 119 120 121 122 123 124 125 126 127
    128 129 130 131 132 133 134 135 136 137
    138 139 140 141 142 143 144 145 146 147
    148 149 150 151 152 153 154 155 156 157
    158 159 160 161 162 163 164 165 166 167
    168 169 170 171 172 173 174 175 176 177
    178 179 180 181 182 183 184 185 186 187
    188 189 190 191 192 193 194 195 196 197
    198 199 200 201 202 203 204 205 206 207
    208 209 210 211 212 213 214 215 216 217
    218 219 220 221 222 223 224 225 226 227
    228 229 230 231 232 233 234 235 236 237
    238 239 240 241 242 243 244 245 246 247
    248 249 250 251 252 253 254 255 256 257
    258 259 260 261 262 263 264 265 266 267
    268 269 270 271 272 273 274 275 276 277
    278 279 280 281 282 283 284 285 286 287
    288 289 290 291 292 293 294 295 296 297
    298 299 300 301 302 303 304 305 306 307
    308 309 310 311 312 313 314 315 316 317
    318 319 320 321 322 323 324 325 326 327
    328 329 330 331 332 333 334 335 336 337
    338 339 340 341 684 685 686 687 688 689
    690 691 692 693 694 695 696 697 698 699
    700 701 702 703 704 705 706 707 708 709
    710 711 712 713 714 715 716 717 718 719
    720 721 722 723 724 725 726 727 728 729
    730 731 732 733 734 735 736 737 738 739
    740 741 742 743 744 745 746 747 748 749
    750 751 752 753 754 755 756 757 758 759
    760 761 762 763 764 846 847 848 849 850
    851 852 853 854 855 856 857 858 859 860
    861 862 863 864 865 866 867 868 869 870
    871 872 873 874 875 876 877 878 879 880
    881 882 883 884 885 886 887 888 889 890
    891 892 893 894 895 896 897 898 899 900
    901 902 903 904 905 906 907 908 909 910
    911 912 913 914 915 916 917 918 919 920
    921 922 923 924 925 926 927 928 929 930
    931 932 933 934 935 936 937 938 939 940
    941 942 943 944 945 946 947 948 949 950
    951 952 953 954 955 956 957 958 959 960
    961 962 963 964 965 966 967 968 969 970
    971 972 973 974 975 976 977 978 979 980
    981 982 983 984 985 986 987 988 989 990
    991 992 993 994 995 996 997 998 999 1000
    1001 1002 1003 1004 1005 1006 1007 1008 1009 1010
    1011 1012 1013 1014 1015 1016 1017 1018 1019 1020
    1021 1022 1023 1024 1025 1026 1027 1028 1029 1030
    1031 1032 1033 1034 1035 1036 1037 1038 1039 1040
    1041 1042 1043 1044 1045 1046 1047 1048 1049 1050
    1051 1052 1053 1054 1055 1056 1057 1058 1059 1060
    1061 1062 1063 1064 1065 1066 1067 1068 1069 1070
    1071 1072 1073 1074 1075 1076 1077 1078 1079 1080
    1081 1082 1083 1084 1085 1086 1087 1088 1089 1090
    1091 1092 1093 1094 1095 1096 1097 1098 1099 1100
    1101 1102 1103 1104 1105 1106 1107 1108 1109 1110
    1111 1112 1113 1114 1115 1116 1117 1118 1119 1120
    1121 1122 1123 1124 1125 1126 1127 1128 1129 1130
    1131 1132 1133 1134 1135 1136 1137 1138 1139 1140
    1141 1142 1143 1144 1145 1146 1147 1148 1149 1150
    1151 1152 1153 1154 1155 1156 1157 1158 1159 1160
    1161 1162 1163 1164 1165 1166 1167 1168 1169 1170
    1171 1172 1173 1174 1175 1176 1177 1178 1179 1180
    1181 1182 1183 1184 1185 1186 1187 1188 1189 1190
    1191 1192 1193 1194 1195 1196 1197 1198 1199 1200
    1201 1202 1203 1204 1205 1206 1207 1208 1209 1210
    1211 1212 1213 1214 1215 1216 1217 1218 1219 1220
    1221 1222 1223 1224 1225 1226 1227 1228 1229 1230
    1231 1232 1233 1234 1235 1236 1237 1238 1239 1240
    1241 1242 1243 1244 1245 1246 1247 1248 1249 1250
    1251 1252 1253 1254 1255 1256 1257 1258 1259 1260
    1261 1262 1263 1264 1265 1266 1267 1268 1269 1270
    1271 1272 1273 1274 1275 1276 1277 1278 1279 1280
    1281 1282 1283 1284 1285 1286 1287 1288 1289 1290
    1291 1292 1293 1294 1295 1296 1297 1298 1299 1300
    1301 1302 1303 1304 1305 1306 1307 1308 1309 1310
    1311 1312 1313 1314 1315 1316 1317 1318 1319 1320
    1321 1322 1323 1324 1325 1326 1327 1328 1329 1330
    1331 1332 1333 1334 1335 1336 1337 1338 1339 1340
    1341 1342 1343 1344 1345 1346 1347 1348 1349 1350
    1351 1352 1353 1354 1355 1356 1357 1358 1359 1360
    1361 1362 1363 1364 1365 1366 1367 2150 2149 2148
    2147 2146 2145 2144 2143 2142 2141 2140 2139 2138
    2137 2136 2135 2134 2133 2132 2131 2130 2129 2128
    2127 2126 2125 2124 2123 2122 2121 2120 2119 2118
    2117 2116 2115 2114 2113 2112 2111 2110 2109 2108
    2107 2106 2105 2104 2103 2102 2101 2100 2099 2098
    2097 2096 2095 2094 2093 2092 2091 2090 2089 2088
    2087 2086 2085 2084 2083 2082 2081 2080 2079 2078
    2077 2076 2075 2074 2073 2072 2071 2070 2069 2068
    2067 2066 2065 2064 2063 2062 2061 2060 2059 2058
    2057 2056 2055 2054 2053 2052 2051 2050 2049 2048
    2047 2046 2045 2044 2043 2042 2041 2040 2039 2038
    2037 2036 2035 2034 2033 2032 2031 2030 2029 2028
    2027 2026 2025 2024 2023 2022 2021 2020 2019 2018
    2017 2016 2015 2014 2013 2012 2011 2010 2009 2008
    2007 2006 2005 2004 2003 2002 2001 2000 1999 1998
    1997 1996 1995 1994 1993 1992 1991 1990 1989 1988
    1987 1986 1985 1984 1983 1982 1981 1980 1979 1978
    1977 1976 1975 1974 1973 1972 1971 1970 1969 1968
    1967 1966 1965 1964 1963 1962 1961 1960 1959 1958
    1957 1956 1955 1954 1953 1952 1951 1950 1949 1948
    1947 1946 1945 1944 1943 1942 1941 1940 1939 1938
    1937 1936 1935 1934 1933 1932 1931 1930 1929 1928
    1927 1926 1925 1924 1923 1922 1921 1920 1919 1918
    1917 1916 1915 1914 1913 1912 1911 1910 1909 1908
    1907 1906 1905 1904 1903 1902 1901 1900 1899 1898
    1897 1896 1895 1894 1893 1892 1891 1890 1889 1888
    1887 1886 1885 1884 1883 1882 1881 1880 1879 1878
    1877 1876 1875 1874 1873 1872 1871 1870 1869 1868
    1867 1866 1865 1864 1863 1862 1861 1860 1859 1858
    1857 1856 1855 1854 1853 1852 1851 1850 1849 1848
    1847 1846 1845 1844 1843 1842 1841 1840 1839 1838
    1837 1836 1835 1834 1833 1832 1831 1830 1829 1828
    1827 1826 1825 1824 1823 1822 1821 1820 1819 1818
    1817 1816 1815 1814 1813 1812 1811 1810 1809 1808
    1807 1806 1805 1804 1803 1802 1801 1800 1799 1798
    1797 1796 1795 1794 1793 1792 1791 1790 1789 1788
    1787 1786 1785 1784 1783 1782 1781 1780 1779 1778
    1777 1776 1775 1774 1773 1772 1771 1770 1769 1768
    1767 1766 1765 1764 1763 1762 1761 1760 1759 1758
    1757 1756 1755 1754 1753 1752 1751 1750 1749 1748
    1747 1746 1745 1744 1743 1742 1741 1740 1739 1738
    1737 1736 1735 1734 1733 1732 1731 1730 1729 1728
    1727 1726 1725 1724 1723 1722 1721 1720 1719 1718
    1717 1716 1715 1714 1713 1712 1711 1710 1709 1708
    1707 1706 1705 1704 1703 1702 1701 1700 1699 1698
    1697 1696 1695 1694 1693 1692 1691 1690 1689 1688
    1687 1686 1685 1684 1683 1682 1681 1680 1679 1678
    1677 1676 1675 1674 1673 1672 1671 1670 1669 1668
    1667 1666 1665 1664 1663 1662 1661 1660 1659 1658
    1657 1656 1655 1654 1653 1652 1651 1650 1649 1648
    1647 1646 1645 1644 1643 1642 1641 1640 1639 1638
    1637 1636 1635 1634 1633 1632 1631 1630 1629 1628
    1627 1626 1625 1624 1623 1622 1621 1620 1619 1618
    1617 1616 1615 1614 1613 1612 1611 1610 1609 1608
    1607 1606 1605 1604 1603 1602 1601 1600 1599 1598
    1597 1596 1595 1594 1593 1592 1591 1590 1589 1588
    1587 1586 1585 1584 1583 1582 1581 1580 1579 1578
    1577 1576 1575 1574 1573 1572 1571 1570 1569 1568
    1567 1566 1565 1564 1563 1562 1561 1560 1559 1558
    1557 1556 1555 1554 1553 1552 1551 1550 1549 1548
    1547 1546 1545 1544 1543 1542 1541 1540 1539 1538
    1537 1536 1535 1534 1533 1532 1531 1530 1529 1528
    1527 1526 1525 1524 1523 1522 1521 1520 1519 1518
    1517 1516 1515 1514 1513 1512 1511 1510 1509 1508
    1507 1506 1505 1504 1503 1502 1501 1500 1499 1498
    1497 1496 1495 1494 1493 1492 1491 1490 1489 1488
    1487 1486 1485 1484 1483 1482 1481 1480 1479 1478
    1477 1476 1475 1474 1473 1472 1471 1470 1469 1468
    1467 1466 1465 1464 1463 1462 1461 1460 1459 1458
    1457 1456 1455 1454 1453 1452 1451 1450 1449 1448
    1447 1446 1445 1444 1443 1442 1441 1440 1439 1438
    1437 1436 1435 1434 1433 1432 1431 1430 1429 1428
    1427 1426 1425 1424 1423 1422 1421 1420 1419 1418
    1417 1416 1415 1414 1413 1412 1411 1410 1409 1408
    1407 1406 1405 1404 1403 1402 1401 1400 1399 1398
    1397 1396 1395 1394 1393 1392 1391 1390 1389 1388
    1387 1386 1385 1384 1383 1382 1381 1380 1379 1378
    1377 1376 1375 1374 1373 1372 1371 1370 1369 1368
)
