294.375
295.288
296.405
297.445
298.448
299.412
300.338
301.228
302.082
302.903
303.692
304.45
305.178
305.878
306.55
307.196
307.816
308.412
308.985
309.535
310.063
310.571
311.059
311.528
311.978
312.411
312.826
313.226
313.609
313.978
314.332
314.672
314.999
315.313
315.615
315.905
316.183
316.451
316.708
316.955
317.192
317.42
317.639
317.85
318.052
318.246
318.433
318.612
318.784
318.95
319.109
319.261
319.408
319.549
319.685
319.815
319.94
320.06
320.175
320.286
320.393
320.495
320.593
320.688
320.779
320.866
320.95
321.03
321.107
321.182
321.253
321.322
321.388
321.451
321.512
321.57
321.626
321.68
321.732
321.782
321.83
321.876
321.92
321.962
322.003
322.042
322.08
322.116
322.151
322.184
322.216
322.247
322.277
322.305
322.333
322.359
322.384
322.408
322.432
322.454
322.476
322.496
322.516
322.535
322.554
322.571
322.588
322.605
322.62
322.635
322.65
322.664
322.678
322.691
322.703
322.716
322.727
322.739
322.75
322.761
322.771
322.781
322.791
322.801
322.81
322.82
322.829
322.838
322.846
322.855
322.863
322.871
322.879
322.887
322.895
322.902
322.909
322.916
322.923
322.929
322.936
322.941
322.947
322.952
322.957
322.962
322.966
322.971
322.974
322.978
322.981
322.984
322.986
322.989
322.991
322.993
322.994
322.996
322.997
322.998
322.999
323
323.001
323.001
323.002
323.002
323.002
323.003
323.003
323.003
323.003
323.003
323.003
323.003
323.003
323.003
323.003
323.003
323.003
323.003
323.003
323.003
323.003
323.002
323.002
323.002
323.002
323.002
323.002
323.002
323.002
323.002
323.002
323.002
323.001
323.001
323.001
323.001
323.001
323.001
