-2.43324720068906	279.816666666667
-1.79371231696813	279.816666666667
-1.1541774332472	279.816666666667
-0.51464254952627	279.816666666667
0.2411714039621	279.816666666667
0.88070628768303	279.816666666667
1.40396210163652	279.816666666667
2.10163652024117	279.816666666667
2.68303186907838	279.816666666667
3.14814814814815	279.816666666667
3.78768303186908	279.816666666667
4.42721791559001	279.816666666667
5.18303186907838	279.816666666667
5.82213608957795	282.038888888889
6.5193798449612	284.261111111111
7.1584840654608	286.483333333333
7.7394487510767	288.705555555555
8.2622739018088	290.927777777778
9.0172265288544	295.372222222222
9.656330749354	297.594444444444
10.4694229112834	302.038888888889
11.2248062015504	304.261111111111
11.9220499569337	306.483333333333
12.6774332472007	308.705555555555
13.4909560723514	310.927777777778
14.537037037037	313.15
15.2928509905254	313.15
16.0482342807924	315.372222222222
17.094315245478	317.594444444444
17.8501291989664	317.594444444444
18.6636520241171	319.816666666667
19.4194659776055	319.816666666667
20.4074074074074	322.038888888889
21.1050818260121	322.038888888889
21.8604651162791	324.261111111111
22.6739879414298	326.483333333333
23.4293712316968	328.705555555556
24.1261843238587	333.15
24.880706287683	339.816666666667
25.634797588286	348.705555555556
26.2721791559001	359.816666666667
26.9668389319552	375.372222222222
27.5447889750215	393.15
28.1214470284238	417.594444444444
28.6391042204996	446.483333333333
29.0981912144703	477.594444444445
29.4422911283376	502.038888888889
29.7855297157623	530.927777777778
30.1287683031869	559.816666666667
30.4138673557278	588.705555555556
30.6416881998277	613.15
30.9267872523686	642.038888888889
31.1541774332472	668.705555555556
31.3811369509044	697.594444444444
31.6080964685616	726.483333333333
31.8350559862188	755.372222222222
32.004737295435	779.816666666667
32.2312661498708	810.927777777778
32.4573643410853	844.261111111111
32.6830318690784	879.816666666667
32.9091300602929	913.15
33.0783807062877	939.816666666667
33.3031869078381	979.816666666667
33.6963824289406	1050.92777777778
33.9198966408269	1097.59444444444
34.1447028423773	1137.59444444444
33.5288544358312	1015.37222222222


