-2.43324720068906	279.816666666667
-1.79371231696813	279.816666666667
-1.1541774332472	279.816666666667
-0.51464254952627	279.816666666667
0.2411714039621	279.816666666667
0.88070628768303	279.816666666667
1.40396210163652	279.816666666667
1.92721791559001	279.816666666667
2.56632213608958	282.038888888889
3.08914728682171	284.261111111111
3.72782084409991	288.705555555555
4.3083548664944	293.15
4.83074935400517	297.594444444444
5.46942291128338	302.038888888889
6.1080964685616	306.483333333333
6.8049095607235	310.927777777778
7.5602928509905	313.15
8.1412575366064	315.372222222222
8.7222222222222	317.594444444444
9.3031869078381	319.816666666667
10	324.261111111111
10.5805340223945	328.705555555556
11.1020671834625	337.594444444444
11.8548664944014	353.15
12.4332472006891	368.705555555556
13.010766580534	388.705555555555
13.4142980189492	406.483333333333
13.8169681309216	428.705555555556
14.2187769164513	455.372222222222
14.5051679586563	477.594444444445
14.848406546081	506.483333333333
15.1907838070629	539.816666666667
15.4181739879414	566.483333333333
15.6459948320413	590.927777777778
15.8729543496985	619.816666666667
16.0994832041344	650.927777777778
16.2683031869078	679.816666666667
16.4944013781223	713.15
16.6632213608958	742.038888888889
16.8320413436693	770.927777777778
17.0568475452196	810.927777777778
17.2820844099914	848.705555555556
17.4500430663221	882.038888888889
17.6735572782084	928.705555555556
17.8415159345392	962.038888888889
18.0086132644272	999.816666666667
18.1757105943152	1037.59444444444
18.3423772609819	1077.59444444444
18.4526270456503	1108.70555555556
18.5637381567614	1135.37222222222


