-2.43324720068906	279.816666666667
-1.79371231696813	279.816666666667
-1.1541774332472	279.816666666667
-0.51464254952627	279.816666666667
0.2411714039621	279.816666666667
0.88070628768303	279.816666666667
1.40396210163652	279.816666666667
2.10163652024117	279.816666666667
2.68303186907838	279.816666666667
3.32213608957795	282.038888888889
4.07795004306632	282.038888888889
4.7170542635659	284.261111111111
5.4724375538329	286.483333333333
6.2273901808786	290.927777777778
6.8664944013781	293.15
7.4470284237726	297.594444444444
8.2019810508183	302.038888888889
8.8410852713178	304.261111111111
9.4801894918174	306.483333333333
9.9448751076658	308.705555555555
10.5839793281654	310.927777777778
11.2812230835487	313.15
11.978466838932	315.372222222222
12.6180017226529	315.372222222222
13.4315245478036	317.594444444444
14.187338501292	317.594444444444
15.0008613264427	319.816666666667
15.6985357450474	319.816666666667
16.4539190353144	322.038888888889
17.2665805340224	328.705555555556
18.0211024978467	335.372222222222
18.8910422049957	346.483333333333
19.4702842377261	357.594444444444
19.9909560723514	370.927777777778
20.5689061154177	388.705555555555
21.0301464254953	408.705555555556
21.5478036175711	437.594444444444
21.9491817398794	466.483333333333
22.292420327304	495.372222222222
22.6352282515073	526.483333333333
22.9198966408269	557.594444444444
23.2041343669251	590.927777777778
23.4310938845823	619.816666666667
23.6580534022394	648.705555555556
23.8273040482343	675.372222222222
23.9965546942291	702.038888888889
24.1662360034453	726.483333333333
24.3346253229974	757.594444444444
24.5030146425495	788.705555555556
24.6714039621016	819.816666666667
24.8949181739879	866.483333333333
25.062015503876	904.261111111111
25.2299741602067	937.594444444444
25.3979328165375	970.927777777778
25.5081826012059	1002.03888888889
25.6752799310939	1039.81666666667
25.7842377260982	1077.59444444444
25.9513350559862	1115.37222222222
26.0607235142119	1150.92777777778


