-3.42028985507246	792.703072625698
-3.34782608695652	1097.17234636872
-2.55072463768116	1150.24497206704
-2.26086956521739	1169.79804469274
-1.82608695652174	1183.76452513966
-1.17391304347826	1211.69748603352
-0.44927536231884	1220.07737430168
0.27536231884058	1239.63044692737
0.49275362318841	1275.94329608939
0.56521739130434	1320.63603351955
0.63768115942029	1373.70865921788
0.85507246376812	1440.74776536313
1.07246376811595	1507.78687150838
1.14492753623188	1560.8594972067
1.43478260869566	1611.13882681564
1.65217391304348	1669.79804469274
1.94202898550725	1708.90418994413
2.30434782608696	1775.94329608939
2.73913043478261	1820.63603351955
4.04347826086956	1876.50195530726
5.42028985507247	1904.43491620112
6.8695652173913	1910.02150837989
8.1014492753623	1907.2282122905
9.2608695652174	1901.64162011173
10.0579710144928	1898.84832402235
10.9275362318841	1898.84832402235
11.7246376811594	1898.84832402235
13.0289855072464	1898.84832402235
14.2608695652174	1898.84832402235
15.3478260869565	1893.26173184358
16.0724637681159	1879.29525139665
17.3768115942029	1879.29525139665
18.1739130434783	1870.91536312849
19.2608695652174	1865.32877094972
20.5652173913043	1854.15558659218
21.6521739130435	1848.56899441341
22.304347826087	1848.56899441341
23.0289855072464	1845.77569832402
24.1159420289855	1837.39581005587
25.3478260869565	1837.39581005587
26.2898550724638	1837.39581005587
27.5942028985507	1831.80921787709
28.8985507246377	1842.98240223464
29.8405797101449	1845.77569832402
31.2898550724638	1854.15558659218
32.3768115942029	1868.12206703911
33.6086956521739	1868.12206703911




