/*--------------------------------*- C++ -*----------------------------------*\
| =========                 |                                                 |
| \\      /  F ield         | OpenFOAM: The Open Source CFD Toolbox           |
|  \\    /   O peration     | Version:  2.3.1                                 |
|   \\  /    A nd           | Web:      www.OpenFOAM.org                      |
|    \\/     M anipulation  |                                                 |
\*---------------------------------------------------------------------------*/
FoamFile {
  version     2.0;
  format      ascii;
  class       faceSet;
  location    "constant/polyMesh/sets";
  object      wrongFaces;
}
// * * * * * * * * * * * * * * * * * * * * * * * * * * * * * * * * * * * * * //


4864
(
    32768
    32769
    32770
    32778
    32779
    32780
    32781
    32782
    32783
    16
    32784
    32785
    20
    21
    22
    51
    32822
    55
    32823
    56
    32824
    57
    32825
    32827
    32828
    32829
    32830
    32835
    32843
    32844
    32845
    78
    32846
    32847
    32848
    32849
    32850
    83
    84
    85
    91
    32864
    32865
    32866
    32867
    32868
    32869
    32870
    32873
    32874
    32875
    32876
    32878
    111
    32879
    32880
    32881
    32882
    115
    32883
    116
    32884
    117
    118
    32886
    119
    32887
    120
    32888
    121
    32889
    32900
    32901
    32902
    32903
    32904
    137
    32905
    32906
    32910
    32911
    32912
    32913
    157
    32925
    32926
    32927
    32928
    161
    32929
    162
    32930
    163
    32931
    164
    165
    166
    167
    32935
    32936
    32937
    32938
    178
    183
    198
    202
    203
    204
    32972
    205
    206
    207
    208
    32978
    32979
    32980
    32981
    32983
    32984
    32985
    32986
    32990
    32991
    32992
    32993
    32994
    32995
    32996
    32997
    65769
    65770
    65771
    65772
    65773
    65774
    239
    243
    244
    245
    246
    247
    248
    249
    256
    33034
    33035
    33036
    65805
    33037
    65806
    65807
    33039
    65808
    33040
    65809
    33041
    65810
    33042
    33046
    33054
    33055
    33056
    33057
    33058
    33059
    33060
    33061
    8498
    33074
    8499
    33075
    8500
    33076
    33077
    33078
    33079
    8504
    312
    33080
    8505
    8506
    33083
    33084
    33085
    33086
    33088
    321
    33089
    8514
    33090
    8515
    33091
    8516
    33092
    33093
    33094
    328
    33096
    33097
    33098
    33099
    8526
    8527
    8528
    342
    343
    344
    8537
    8538
    8539
    347
    348
    349
    350
    8543
    8544
    8545
    8562
    8563
    8564
    8568
    8569
    8570
    8577
    8578
    8579
    33156
    33163
    8588
    33164
    8589
    33165
    8590
    33166
    33167
    33168
    33169
    33170
    8598
    8599
    8600
    33176
    8604
    8605
    8606
    33197
    432
    33203
    436
    33204
    437
    33205
    438
    33206
    439
    33207
    440
    33208
    441
    33209
    442
    33210
    33211
    452
    456
    457
    458
    459
    460
    461
    462
    474
    66046
    66047
    66048
    66049
    66050
    66051
    521
    522
    523
    524
    528
    529
    530
    531
    66085
    66086
    66087
    66088
    552
    66089
    553
    66090
    554
    555
    560
    561
    562
    563
    566
    571
    33344
    577
    582
    33351
    33352
    33353
    33354
    33355
    33356
    33357
    33358
    33364
    608
    612
    613
    614
    33383
    33389
    33390
    33391
    33392
    33393
    626
    33394
    627
    33395
    33396
    33397
    631
    632
    633
    663
    678
    679
    8888
    8889
    8890
    8894
    8895
    8896
    705
    706
    707
    708
    709
    710
    711
    712
    8908
    8909
    717
    8910
    718
    719
    720
    721
    722
    723
    724
    8921
    8922
    730
    8923
    8927
    8928
    8929
    8933
    8934
    8935
    745
    746
    8954
    8955
    8956
    8960
    8961
    8962
    772
    773
    774
    775
    776
    777
    778
    779
    8973
    8974
    8975
    784
    785
    786
    787
    788
    33556
    789
    790
    791
    8984
    8985
    8986
    33563
    33564
    797
    33565
    8990
    33566
    8991
    33567
    8992
    33568
    801
    33569
    802
    33570
    803
    33571
    8996
    8997
    8998
    33576
    33581
    815
    816
    820
    821
    822
    33592
    33597
    33603
    33604
    33605
    33606
    33607
    66376
    33608
    66377
    33609
    66378
    33610
    33611
    33615
    849
    66386
    66387
    66388
    857
    858
    859
    860
    866
    867
    868
    869
    66406
    66407
    66408
    66412
    66413
    66414
    878
    879
    880
    881
    66418
    882
    66419
    883
    66420
    884
    885
    890
    66435
    66436
    900
    66437
    66440
    66441
    66442
    906
    907
    66444
    908
    66445
    909
    66446
    910
    911
    912
    913
    918
    919
    920
    921
    66460
    66461
    66462
    66464
    66465
    929
    66466
    930
    931
    932
    33702
    33709
    33710
    33711
    33712
    33713
    946
    33714
    947
    33715
    948
    33716
    949
    33717
    41914
    954
    33722
    955
    956
    957
    41919
    33727
    960
    961
    962
    963
    41924
    964
    965
    966
    967
    41928
    33737
    973
    33741
    41935
    41936
    41937
    41938
    41939
    33747
    41940
    33748
    41941
    33749
    41942
    982
    33750
    33751
    33752
    33753
    41946
    33754
    41947
    33755
    41948
    988
    41949
    989
    41950
    990
    41951
    991
    41952
    992
    41953
    993
    994
    33762
    995
    41956
    9188
    41957
    41958
    41959
    41960
    41961
    9197
    41968
    41969
    41970
    41971
    9203
    41972
    41973
    1015
    1019
    1023
    41988
    1028
    41989
    41990
    41991
    41992
    41993
    42000
    42001
    42002
    42003
    42004
    42005
    9247
    9252
    42021
    42022
    42023
    42024
    42025
    42026
    42031
    9263
    42032
    42033
    42034
    42035
    42036
    9275
    42052
    42053
    9285
    42054
    42055
    42056
    42057
    1100
    9293
    42062
    42063
    42064
    42065
    42066
    42067
    1107
    1108
    1109
    1110
    9304
    33880
    1115
    9308
    1116
    1117
    1118
    33887
    33888
    33889
    33890
    9315
    33891
    33892
    33893
    33894
    33895
    33900
    33905
    33915
    33919
    33925
    33926
    33927
    42120
    33928
    33929
    33930
    33931
    42124
    33932
    33933
    42128
    42132
    33940
    42139
    42140
    42141
    42142
    42143
    1183
    42144
    42145
    42146
    42149
    42150
    1190
    42151
    1191
    42152
    1192
    42153
    1193
    42154
    42155
    42156
    1197
    1198
    66735
    42159
    1199
    66736
    42160
    1200
    66737
    42161
    42162
    42163
    42164
    1205
    66742
    66743
    66744
    66747
    42171
    66748
    42172
    66749
    42173
    42174
    42175
    42176
    1229
    42191
    42192
    42193
    42194
    42195
    42196
    42203
    42204
    42205
    42206
    42207
    42208
    1261
    42223
    42224
    42225
    42226
    42227
    42228
    1271
    42233
    42234
    42235
    42236
    42237
    42238
    1290
    42251
    42252
    42253
    42254
    42255
    42256
    1299
    42261
    42262
    42263
    42264
    42265
    42266
    1331
    1332
    1333
    34101
    1334
    1335
    1336
    1337
    1338
    34108
    34109
    34110
    1343
    34111
    1344
    34112
    1345
    34113
    1346
    34114
    1347
    34115
    1348
    1349
    1350
    34121
    34140
    34146
    34147
    34148
    34149
    34150
    34151
    34152
    34153
    34154
    1393
    1394
    1395
    1396
    1397
    1398
    1399
    1400
    1404
    1405
    1406
    1407
    1408
    1409
    1410
    1411
    42388
    42393
    42398
    42402
    1447
    1448
    42409
    1449
    42410
    1450
    42411
    1451
    42412
    1452
    42413
    1453
    42414
    1454
    42415
    42416
    1459
    42420
    1460
    42421
    1461
    42422
    1462
    42423
    1463
    42424
    1464
    42425
    1465
    42426
    1466
    42427
    42430
    42431
    42432
    42433
    42434
    42435
    34248
    34249
    42442
    34250
    42443
    1483
    34251
    42444
    1484
    42445
    1485
    42446
    1486
    42447
    1487
    34255
    1488
    34256
    1489
    34257
    1490
    34258
    34259
    34260
    34261
    1494
    1495
    1496
    1497
    1498
    1499
    1500
    1501
    42462
    34270
    42463
    34271
    42464
    34272
    42465
    34273
    42466
    42467
    34276
    34277
    34278
    34279
    34280
    34281
    42474
    34282
    42475
    42476
    42477
    42478
    42479
    1527
    1528
    1529
    34297
    1530
    1531
    1532
    1533
    1534
    42495
    34303
    42496
    34304
    42497
    34305
    42498
    1538
    34306
    42499
    1539
    42500
    1540
    34308
    1541
    34309
    1542
    34310
    1543
    34311
    1544
    42505
    1545
    42506
    42507
    34315
    42508
    34316
    42509
    34317
    42510
    34318
    34319
    34320
    34321
    34322
    67091
    67092
    67093
    67097
    67098
    67099
    67102
    42526
    67103
    42527
    67104
    42528
    42529
    42530
    58915
    42531
    58916
    58917
    42536
    42537
    58922
    42538
    58923
    42539
    58924
    42540
    42541
    58928
    58929
    58930
    34360
    34361
    34362
    34363
    34365
    34366
    1599
    34367
    1600
    34368
    1601
    1602
    1603
    1604
    1605
    34373
    1606
    1610
    34378
    1611
    34379
    1612
    34380
    1613
    34381
    1614
    34382
    1615
    34383
    1616
    34384
    1617
    34385
    42594
    42598
    42602
    42606
    42613
    42614
    42615
    1655
    42616
    42617
    42618
    42619
    42620
    34429
    59006
    34430
    42623
    34431
    42624
    1664
    34432
    42625
    42626
    9858
    42627
    34435
    42628
    34436
    42629
    34437
    42630
    34438
    59015
    34439
    59016
    34440
    59017
    42633
    34441
    59018
    42634
    9866
    59019
    42635
    34443
    59020
    42636
    34444
    59021
    42637
    34445
    59022
    42638
    34446
    34448
    34449
    59026
    34450
    59027
    1683
    34451
    59028
    9876
    34452
    59029
    42645
    34453
    59030
    42646
    34454
    59031
    42647
    59032
    42648
    59033
    42649
    59034
    42650
    1692
    34466
    34467
    34468
    34469
    34472
    42665
    34473
    42666
    34474
    42667
    1707
    34475
    42668
    34476
    42669
    34477
    42670
    34478
    42677
    42678
    42679
    9911
    42680
    42681
    42682
    34491
    9916
    34492
    34493
    34494
    1729
    34497
    34498
    34499
    34500
    34501
    34502
    9927
    34503
    42697
    42698
    42699
    42700
    42701
    42702
    34513
    9938
    42707
    42708
    42709
    42710
    42711
    34519
    42712
    34520
    34521
    34522
    9947
    34524
    34525
    34526
    34527
    42725
    42726
    9958
    42727
    34535
    42728
    34536
    42729
    34537
    42730
    34538
    34539
    34540
    9965
    34541
    34542
    42735
    42736
    42737
    9969
    42738
    42739
    59124
    42740
    59125
    59126
    59127
    59128
    9976
    59129
    59130
    59139
    9988
    59141
    59142
    59143
    59144
    59145
    59146
    59147
    9998
    1806
    34575
    34576
    34577
    34578
    59156
    34580
    59157
    34581
    59158
    1814
    34582
    59159
    1815
    34583
    59160
    1816
    59161
    1817
    59162
    59163
    34587
    10012
    1822
    1823
    1824
    1825
    10018
    34598
    10023
    34599
    34600
    34601
    34602
    34603
    34604
    34605
    10034
    10042
    10047
    34639
    34640
    34641
    34642
    34645
    34646
    34647
    34648
    34649
    34650
    34651
    34653
    34654
    34655
    34656
    34658
    34659
    34660
    34661
    34662
    34663
    34664
    51057
    1905
    51058
    51059
    1910
    51063
    51064
    51065
    51066
    51067
    51068
    1916
    51072
    1920
    51073
    51074
    59273
    59274
    59275
    59276
    59277
    59278
    59279
    59285
    1942
    1947
    59294
    59295
    59296
    1952
    59297
    1956
    59301
    59302
    59303
    59304
    59305
    1964
    1965
    51118
    1966
    51119
    1967
    51120
    1968
    1969
    1970
    1971
    1972
    51125
    51126
    51127
    10170
    51131
    51132
    51133
    1982
    10178
    10187
    1995
    1996
    1997
    1998
    1999
    2000
    2001
    2002
    10197
    2007
    2008
    2009
    10202
    2010
    2014
    51167
    2015
    51168
    2016
    51169
    2017
    51172
    51173
    10213
    51174
    51177
    51178
    51179
    10221
    10226
    2036
    2037
    2038
    2039
    2043
    2044
    2045
    2046
    2050
    2051
    2052
    51205
    2053
    51206
    2054
    51207
    2055
    51208
    2056
    51209
    2057
    51210
    2058
    51213
    51214
    34830
    51215
    34831
    34832
    51217
    34833
    51218
    51219
    2067
    59417
    59418
    59419
    51227
    59420
    51228
    59421
    51229
    34845
    59422
    59423
    2079
    2080
    34848
    51233
    2081
    34849
    51234
    2082
    34850
    51235
    2083
    51236
    2084
    59429
    51237
    2085
    34853
    51238
    2086
    59431
    34855
    59432
    34856
    59433
    34857
    59434
    51242
    2090
    59435
    51243
    2091
    34859
    59436
    51244
    2092
    2093
    34861
    34862
    59439
    34863
    59442
    59443
    59444
    34868
    2101
    34869
    2102
    34870
    2103
    2104
    59452
    59454
    59455
    59456
    34880
    34881
    34882
    34883
    2116
    34884
    2117
    34885
    2118
    2119
    34889
    34890
    2123
    34891
    2124
    34892
    2125
    34893
    2126
    34894
    34895
    34896
    34897
    51283
    51284
    51285
    34902
    51290
    51291
    51292
    51296
    51297
    51298
    34915
    34929
    34930
    34931
    34935
    34936
    34937
    34938
    34939
    34940
    51331
    51332
    51333
    34949
    34950
    34951
    51336
    34952
    51337
    34953
    51338
    34954
    2188
    34956
    51341
    2189
    34957
    51342
    2190
    34958
    51343
    2191
    26769
    2198
    2199
    34967
    2200
    26777
    2201
    2202
    2203
    2204
    34975
    26785
    51364
    51365
    2213
    51366
    2214
    51367
    2215
    51368
    2216
    51369
    26794
    26795
    51372
    26796
    51373
    51374
    2223
    51376
    2224
    51377
    2225
    51378
    26802
    2226
    26803
    2227
    26804
    2228
    2229
    51383
    26809
    26810
    26811
    51388
    2237
    2238
    2239
    2242
    2243
    2244
    51397
    2245
    10441
    51402
    10447
    51411
    51412
    51413
    51414
    51415
    51416
    51417
    51418
    51422
    51423
    51424
    51425
    10465
    51426
    51427
    51428
    51429
    10478
    26883
    51462
    51463
    51464
    35080
    51465
    51466
    51467
    26891
    51468
    35084
    35085
    51471
    51472
    51473
    51474
    51475
    26899
    51476
    35092
    51477
    35093
    26908
    2332
    26909
    2333
    26910
    2334
    26911
    2335
    26912
    26913
    10530
    35109
    51494
    35110
    51495
    26919
    35111
    51496
    26920
    51497
    26921
    35113
    51498
    2346
    35114
    51499
    2347
    35115
    51500
    10540
    2348
    35116
    26925
    2349
    26926
    2350
    51503
    26927
    2351
    51504
    26928
    2352
    51505
    26929
    35121
    51506
    26930
    35122
    51507
    26931
    35123
    51508
    35124
    51509
    2357
    35125
    2358
    2359
    2360
    10553
    35130
    35131
    35132
    35134
    35135
    35136
    35137
    51523
    35139
    51524
    51525
    51526
    51527
    59720
    51528
    59721
    59722
    10572
    2380
    51533
    35149
    59726
    51534
    59727
    51535
    59728
    51536
    51537
    51538
    59731
    35155
    59732
    35156
    59733
    35157
    35158
    35159
    35160
    35161
    35165
    51550
    35166
    51551
    35167
    51552
    35168
    51553
    51554
    35170
    51555
    35171
    35172
    35173
    35174
    2407
    35175
    51560
    35176
    51561
    51562
    51563
    51564
    35180
    51565
    27002
    27003
    27004
    51590
    51591
    51592
    51593
    51594
    51595
    51596
    51597
    51598
    51599
    51600
    51601
    51602
    51603
    51604
    51605
    59798
    59799
    59800
    59804
    59805
    35229
    59806
    35230
    35231
    35232
    59809
    59810
    59811
    27046
    27047
    27048
    27049
    27050
    27051
    35243
    27052
    27053
    35245
    35246
    35247
    27057
    35251
    35252
    35253
    35254
    35255
    35257
    27066
    35258
    27067
    35259
    27068
    27069
    27070
    27071
    27072
    35264
    27073
    35265
    35266
    2501
    27078
    35276
    35277
    35278
    27087
    35279
    27088
    35280
    27089
    35281
    27090
    27091
    27092
    35285
    35286
    35287
    35288
    35289
    35290
    35291
    35292
    27101
    35293
    27102
    27103
    27104
    2528
    27105
    27106
    35298
    27107
    35315
    27130
    27131
    27132
    35325
    27134
    35326
    27135
    35327
    27136
    27137
    35330
    2563
    35331
    35332
    35333
    35334
    35335
    35343
    27152
    35344
    27153
    35345
    27154
    35346
    27155
    35347
    35348
    35349
    35350
    35351
    2587
    27165
    27166
    35358
    27167
    27168
    2598
    27176
    27177
    27178
    35372
    27181
    27182
    27183
    27184
    27196
    27197
    27198
    27201
    27202
    27203
    27204
    2649
    27260
    27261
    27262
    27263
    27264
    27265
    27266
    27267
    27271
    27280
    27281
    27282
    27283
    27284
    27285
    27286
    27287
    27292
    51870
    51874
    27301
    2725
    27302
    2726
    27303
    2727
    27304
    27305
    51882
    27306
    2730
    2731
    2732
    27309
    2733
    27310
    51887
    27311
    27312
    27318
    27319
    51896
    27320
    51897
    27321
    51898
    27322
    51899
    27323
    51900
    27324
    51901
    51902
    27326
    51903
    27327
    27328
    27329
    51906
    51907
    51908
    51909
    51910
    51911
    27335
    51912
    27336
    51913
    27337
    27339
    27340
    27341
    27342
    27349
    27350
    27351
    27352
    27353
    27354
    27355
    27356
    51943
    51944
    51945
    51946
    51947
    2795
    51948
    51949
    51952
    51953
    51954
    2802
    51955
    2803
    51956
    2804
    51957
    2805
    51958
    2807
    2815
    2816
    2817
    2818
    60164
    27396
    60165
    27397
    60166
    27398
    51975
    51976
    51977
    27401
    60170
    51978
    27402
    60171
    51979
    27403
    60172
    51980
    27404
    51981
    27405
    27406
    60175
    27407
    60176
    51984
    60177
    51985
    51986
    27410
    51987
    27411
    51988
    27412
    51989
    27413
    51990
    27422
    27423
    27424
    52003
    27427
    52004
    27428
    52005
    27429
    52006
    27430
    52007
    52008
    52013
    52014
    52015
    52016
    52017
    52018
    52027
    52028
    52029
    52030
    52031
    52032
    52037
    52038
    52039
    52040
    52041
    2889
    52042
    2896
    2897
    60242
    2898
    60243
    2899
    60244
    2900
    60248
    60249
    60250
    2907
    2908
    60253
    2909
    60254
    2910
    60255
    52065
    52066
    52067
    52068
    52069
    52070
    52071
    52072
    52073
    52074
    52075
    52076
    52077
    52078
    52079
    52080
    11179
    68529
    68530
    68531
    11189
    68536
    68537
    68538
    68541
    68542
    68543
    11203
    11219
    27605
    27606
    27607
    3031
    3032
    3033
    27610
    3034
    27611
    3035
    27612
    27613
    3043
    3044
    3045
    3046
    3048
    27635
    27636
    27637
    35830
    52217
    52218
    52219
    52223
    52224
    52225
    52226
    11266
    35842
    52227
    35843
    52228
    27652
    35844
    27653
    35845
    27654
    35846
    35847
    52232
    11272
    35848
    52233
    35849
    52234
    35852
    11289
    35875
    35880
    11305
    35886
    3126
    3127
    3128
    3129
    3130
    35902
    3137
    3138
    3139
    3140
    3141
    35910
    52298
    35914
    52299
    52300
    52305
    52306
    52307
    52311
    52312
    52313
    35930
    35931
    35932
    27741
    35933
    27742
    35934
    27743
    35935
    27744
    35936
    27745
    35937
    27746
    35938
    11368
    35946
    27757
    27758
    11374
    27759
    27760
    27761
    27762
    52342
    52343
    52344
    52347
    52348
    11388
    52349
    52352
    52353
    35969
    52354
    35970
    35971
    35972
    11398
    3206
    3207
    3208
    35976
    35977
    35978
    11403
    3211
    35979
    3212
    52365
    3213
    52366
    3214
    52367
    35983
    52368
    35984
    52369
    35985
    52370
    27794
    35986
    11411
    52373
    52374
    52375
    27800
    52377
    52378
    52379
    11419
    52387
    11427
    52388
    52389
    27815
    36007
    36008
    52393
    36009
    52394
    27818
    36010
    52395
    27819
    52396
    27820
    52397
    27821
    52398
    27822
    36014
    27823
    36015
    27824
    36016
    36017
    52402
    52403
    52404
    36021
    36022
    36023
    36024
    27840
    27841
    27842
    27843
    27847
    36039
    27848
    36040
    27849
    3273
    36041
    27850
    3274
    36042
    3275
    36045
    3278
    36046
    3279
    36047
    3280
    36048
    3281
    36054
    36055
    36056
    36057
    36070
    36071
    36072
    36073
    27883
    36076
    36077
    3310
    36078
    52463
    27887
    36079
    52464
    27888
    52465
    36084
    36085
    52470
    36086
    52471
    36087
    52472
    27896
    27897
    52476
    52477
    52478
    36101
    36112
    36113
    68882
    36114
    68883
    36115
    68884
    36116
    36117
    36118
    52503
    36119
    68888
    52504
    68889
    52505
    68890
    52508
    68893
    52509
    3357
    68894
    52510
    36126
    68895
    11551
    52513
    52514
    52515
    11556
    52524
    52525
    52526
    52527
    27951
    52528
    27952
    11568
    36144
    52529
    27953
    52532
    52533
    36149
    52534
    11574
    52536
    52537
    52538
    27964
    27965
    27966
    11583
    36159
    11591
    36170
    11599
    36177
    11607
    36187
    3422
    36196
    36197
    36198
    36199
    36200
    36201
    36202
    36203
    36204
    28019
    28020
    36212
    28021
    3446
    28031
    28032
    28033
    36233
    36234
    36235
    36236
    36240
    36241
    36242
    36243
    36251
    36252
    36253
    36254
    36270
    28079
    36271
    28080
    36272
    28081
    11697
    36273
    36277
    36278
    36279
    36280
    28089
    28090
    11706
    28091
    36284
    36285
    36286
    36287
    11712
    36301
    36302
    36303
    36304
    36310
    36311
    36312
    36313
    36318
    36319
    36320
    36321
    36330
    36331
    11756
    36332
    36333
    36336
    11761
    36337
    36338
    36339
    11767
    36344
    36345
    36346
    36347
    11784
    11794
    11798
    11813
    11817
    11824
    28210
    28212
    28213
    28214
    28221
    28222
    28223
    28224
    11840
    11848
    28233
    28234
    28235
    28236
    28237
    28239
    28240
    28241
    11858
    36436
    28248
    36443
    28252
    36444
    28253
    36445
    36446
    36451
    36452
    28261
    36453
    28262
    36454
    36456
    36463
    36464
    36465
    36466
    28278
    11895
    28280
    28281
    28282
    11900
    28289
    28290
    11906
    28291
    28292
    28301
    28302
    28303
    28304
    28305
    11922
    28307
    28308
    28309
    36506
    11931
    36507
    28316
    36508
    36509
    36510
    36511
    28320
    36512
    28321
    11938
    28329
    28330
    36523
    36524
    11949
    36525
    36526
    11953
    36529
    36530
    36531
    36532
    11960
    77529
    77534
    36575
    36576
    36577
    77538
    36578
    36579
    77543
    36586
    36587
    36588
    36589
    36590
    36596
    36597
    36598
    36599
    28438
    28439
    36631
    28440
    36632
    28441
    36633
    28442
    36634
    28443
    36635
    36636
    36637
    28453
    28454
    28455
    28456
    28457
    36649
    28458
    36650
    36651
    36652
    36654
    36655
    36656
    36657
    28466
    28467
    28468
    28471
    36663
    28472
    28473
    36665
    28474
    36666
    36667
    36673
    36675
    36676
    36677
    28489
    28490
    28491
    28492
    28502
    28503
    36695
    28504
    36696
    28505
    36697
    36699
    36700
    36701
    36702
    36716
    36717
    36718
    36719
    36728
    36729
    36730
    36731
    28548
    28549
    28550
    28551
    28552
    28553
    28561
    28562
    28563
    28564
    28565
    28566
    36764
    36773
    36780
    36781
    36782
    36783
    36784
    36785
    36786
    36787
    36789
    36790
    36791
    36792
    36793
    36794
    36795
    36796
    36833
    36834
    36835
    36836
    36837
    36838
    36839
    36840
    36842
    36843
    36844
    36845
    36846
    36847
    36848
    36849
    36855
    36856
    36857
    36859
    36860
    36861
    36973
    36974
    36975
    36976
    36978
    36986
    36987
    36988
    36989
    36992
    36993
    36994
    36995
    36998
    37065
    37066
    37067
    37068
    37069
    37070
    37071
    37088
    37089
    37090
    37091
    37094
    37095
    37096
    37097
    37110
    37111
    61688
    37112
    37113
    61692
    37116
    37117
    37118
    37119
    61697
    37121
    37126
    61703
    37127
    37128
    37129
    37131
    61710
    61711
    61712
    61713
    61714
    61715
    61722
    61723
    61724
    61725
    61726
    61727
    61732
    61733
    61734
    28967
    28968
    28969
    78123
    28971
    78124
    28972
    78125
    28973
    28974
    61743
    78128
    61744
    78129
    61745
    78130
    78138
    78139
    78140
    78141
    61757
    28989
    78142
    28990
    78143
    28991
    28992
    61761
    61765
    61770
    29002
    37194
    29003
    29004
    29005
    61780
    61781
    61782
    61783
    61784
    37208
    61785
    37209
    37210
    61787
    29019
    37211
    61788
    29020
    61789
    29021
    78174
    61790
    29022
    61791
    29023
    61792
    29024
    37217
    78178
    37218
    37219
    61796
    37220
    61797
    78182
    61798
    37224
    29033
    37225
    78186
    29034
    37226
    29035
    37227
    29036
    29037
    61806
    29038
    61807
    37231
    61808
    37232
    78193
    37233
    78194
    37234
    78195
    78201
    78202
    78203
    78208
    78209
    78210
    78211
    78212
    78213
    29075
    29076
    29077
    29079
    29080
    29081
    29082
    37283
    37284
    37285
    37286
    37287
    37288
    29097
    37289
    29098
    29099
    29100
    37300
    37301
    29110
    37302
    29111
    37303
    29112
    37304
    29113
    37305
    37306
    37315
    37316
    37317
    37318
    37320
    37321
    37322
    37323
    37349
    37350
    37351
    37352
    37353
    37354
    37355
    29167
    29168
    37360
    29169
    37361
    29170
    37362
    37363
    37364
    37365
    37366
    37371
    37372
    29181
    37373
    29182
    37374
    29183
    29184
    37376
    37377
    37378
    37379
    37380
    29189
    29190
    29191
    29192
    29194
    29195
    29196
    29197
    37392
    37393
    37394
    37395
    29204
    37399
    29208
    37400
    29209
    37401
    37402
    37404
    37405
    37406
    37407
    37408
    29217
    37409
    29218
    37410
    37411
    29235
    29236
    29237
    29238
    29251
    29252
    29253
    29254
    29260
    29261
    29262
    29263
    29265
    29266
    29267
    29268
    29388
    29389
    29390
    29399
    29400
    29401
    62192
    62193
    62194
    62195
    62196
    62197
    62198
    62201
    62202
    62203
    62204
    62205
    62206
    62207
    29446
    62215
    29447
    62216
    29448
    62217
    29449
    62218
    62221
    62222
    29454
    37646
    62223
    29455
    62224
    29456
    29457
    29461
    29462
    29463
    29464
    37660
    37661
    37662
    37663
    37669
    37670
    62247
    37671
    62248
    37672
    62249
    37676
    62253
    37677
    62254
    29486
    37678
    62255
    29487
    37679
    29488
    29489
    62258
    62259
    37683
    62260
    13108
    37684
    29493
    13109
    37685
    29494
    37686
    29495
    29496
    13114
    13115
    29500
    29501
    29502
    29503
    29518
    29519
    29520
    29521
    13138
    13139
    29524
    62293
    29525
    62294
    29526
    62295
    29527
    13143
    62296
    13144
    62297
    62298
    62299
    62301
    29533
    62302
    29534
    62303
    29535
    62304
    29536
    62305
    62306
    62307
    37735
    37736
    37737
    37738
    62315
    37739
    62316
    37740
    62317
    37741
    62318
    29550
    29551
    29552
    62321
    29553
    62322
    62323
    62324
    29556
    29557
    29558
    29559
    29565
    37757
    29566
    37758
    29567
    37759
    29568
    37760
    37761
    37762
    37763
    37767
    37768
    37769
    37770
    37772
    37773
    37774
    37775
    37801
    37802
    37803
    37804
    37805
    37806
    37807
    37815
    37816
    37817
    37818
    37819
    37820
    37821
    37823
    37824
    37825
    37826
    37828
    37829
    37830
    37831
    37832
    37844
    37845
    37846
    37847
    37851
    37852
    37853
    37854
    37856
    37857
    37858
    37859
    37860
    37861
    37862
    37863
    37869
    13302
    13303
    13307
    37883
    13308
    37884
    37885
    37886
    37891
    37892
    37893
    37894
    37897
    37898
    37899
    37900
    37904
    37905
    37906
    13331
    37907
    13332
    13336
    13337
    29738
    29743
    29744
    29755
    37953
    37954
    37955
    29764
    37956
    29765
    37957
    29766
    37958
    37959
    62538
    62540
    62541
    62542
    62543
    62544
    62545
    37975
    37976
    37977
    37978
    37979
    37980
    62557
    37981
    62558
    62559
    62560
    62561
    37985
    62562
    37986
    62563
    37987
    37988
    37990
    37991
    37992
    37993
    29811
    29816
    38014
    38015
    38016
    38017
    38018
    38019
    38020
    62599
    62600
    62601
    62602
    62603
    62604
    38028
    62605
    38029
    38030
    38031
    38032
    38033
    38034
    38036
    38037
    38038
    38039
    62616
    38040
    62617
    38041
    62618
    38042
    62619
    38043
    38044
    62622
    62623
    62624
    62625
    29859
    29860
    38056
    38057
    38058
    38059
    29869
    38063
    62640
    38064
    38065
    38066
    38068
    38069
    29878
    38070
    62647
    38071
    62648
    38072
    62649
    38073
    62650
    38074
    62651
    38075
    62652
    62653
    62654
    29886
    29887
    62656
    29888
    62657
    62658
    62659
    62660
    62661
    62662
    62663
    79048
    62664
    79050
    79051
    79052
    62672
    79057
    62673
    79058
    62674
    79059
    62675
    79060
    62676
    62677
    62678
    79065
    79067
    79068
    79069
    79070
    79071
    79072
    79073
    62690
    62691
    62692
    62693
    62694
    62695
    29927
    62696
    29931
    62724
    62725
    62726
    62727
    62728
    62729
    62730
    79123
    79124
    79125
    79126
    62742
    62743
    62744
    62745
    62747
    62748
    79133
    62749
    79134
    62750
    79135
    79136
    79137
    79138
    79139
    79140
    79141
    79142
    79143
    79144
    30010
    30011
    5455
    30034
    30038
    30043
    30048
    30056
    30057
    30058
    30059
    30060
    30061
    30062
    30063
    30066
    30067
    30068
    30069
    30070
    30071
    30072
    30073
    13715
    13716
    13721
    13722
    13745
    13746
    30134
    13750
    30135
    13751
    30165
    30169
    30174
    30179
    30187
    30188
    30189
    30190
    30191
    30192
    30193
    30194
    30197
    30198
    30199
    5623
    30200
    30201
    30202
    30203
    30204
    38418
    38419
    38420
    38421
    38427
    38429
    38430
    38431
    38447
    38448
    38449
    38451
    38452
    38453
    38454
    38467
    38468
    38469
    38470
    38477
    38478
    38479
    38480
    13907
    13908
    30293
    13912
    13913
    30300
    30301
    30302
    30303
    30304
    30305
    30306
    30307
    30308
    30313
    30318
    13936
    13937
    38513
    13941
    13942
    30329
    38522
    30334
    38529
    38530
    38531
    30340
    38532
    30341
    38533
    30342
    38534
    30343
    38535
    30344
    38536
    30345
    30346
    38538
    30347
    38539
    30348
    38540
    38541
    38542
    38543
    30352
    38544
    38545
    63125
    63130
    63140
    63141
    63142
    63143
    63144
    63145
    63146
    38577
    63154
    38578
    63155
    38579
    63156
    38580
    63157
    38581
    63158
    38582
    63159
    38583
    63160
    38584
    38585
    38586
    38587
    38588
    38589
    63166
    38590
    63167
    38591
    63168
    38592
    63169
    63170
    30402
    63171
    30403
    63172
    63174
    38598
    63175
    38599
    63176
    38600
    63177
    63178
    38602
    63179
    38603
    63180
    38604
    63192
    63193
    63194
    30426
    63195
    63196
    63197
    63198
    30430
    63199
    30435
    63205
    63206
    63207
    63208
    30440
    63209
    63210
    63211
    63212
    30448
    30449
    30450
    30451
    30452
    30453
    30454
    30455
    30458
    30459
    30460
    30461
    30462
    30463
    30464
    30465
    63246
    63250
    63256
    63257
    63258
    63259
    63260
    63261
    63262
    63271
    63272
    63273
    63274
    63275
    63276
    63277
    63282
    63283
    63284
    63285
    63286
    63287
    63288
    30526
    30527
    38738
    30557
    38752
    30561
    38753
    38754
    38755
    38756
    38757
    30566
    38758
    38761
    38762
    30571
    38763
    38764
    38768
    38769
    38770
    30579
    38771
    30580
    38772
    30581
    38773
    30582
    38774
    30583
    38775
    30584
    38776
    30585
    38777
    30586
    38778
    30589
    30590
    38782
    30591
    38783
    30592
    38784
    30593
    38785
    30594
    30595
    30596
    38796
    38797
    38798
    38799
    38800
    38801
    38802
    38808
    38809
    38810
    38811
    38812
    38813
    38814
    38819
    38828
    38829
    38830
    38831
    38832
    38833
    38834
    38838
    38839
    38840
    38841
    38844
    38845
    38846
    38847
    38849
    38850
    38851
    38852
    38853
    38854
    38855
    38861
    38862
    38863
    38864
    30674
    38871
    38872
    30681
    38873
    30682
    38874
    30683
    38875
    30684
    38876
    30685
    38877
    30686
    30687
    30688
    38884
    38885
    30694
    38886
    38887
    38888
    38889
    38890
    30715
    30721
    30722
    30723
    30724
    30725
    30726
    30727
    30728
    30729
    30766
    30775
    30780
    30794
    30795
    30796
    39055
    30871
    30876
    39069
    39070
    39071
    39072
    39073
    39074
    39075
    39078
    39079
    39080
    30889
    39081
    30890
    39085
    30894
    39086
    39087
    39088
    39089
    39090
    39091
    39092
    39093
    39094
    30903
    39095
    63674
    39099
    63676
    39100
    63677
    39101
    63678
    39102
    63679
    63680
    63681
    30916
    30917
    30918
    39113
    39114
    39115
    39116
    63693
    39117
    63694
    39118
    63695
    39119
    63696
    63697
    63698
    63699
    39125
    39126
    39127
    39128
    39129
    39130
    39131
    39135
    39144
    39145
    39146
    39147
    39148
    39149
    39150
    39153
    39154
    39155
    39156
    39159
    39160
    39161
    39162
    39163
    39164
    39165
    39166
    39167
    39168
    39169
    63747
    63748
    63749
    63750
    39174
    63751
    39175
    63752
    39176
    63753
    39177
    63754
    63757
    63758
    63759
    63760
    39184
    63761
    39185
    63762
    39186
    63763
    30995
    39187
    63764
    39188
    39189
    39190
    30999
    63769
    31001
    63770
    39194
    63771
    39195
    63772
    39196
    63773
    39197
    63774
    39198
    63775
    39199
    39200
    31009
    31010
    63784
    63791
    63792
    63793
    63794
    31027
    63796
    31028
    63797
    31029
    63798
    63799
    31031
    63800
    31032
    31033
    31034
    31039
    63808
    31040
    63809
    31041
    63810
    31042
    63811
    31043
    63812
    63813
    63814
    31048
    31049
    31050
    31052
    31053
    31054
    31055
    31057
    63826
    63827
    63828
    63829
    63830
    63831
    63832
    31067
    31075
    31076
    31077
    31078
    31079
    31080
    31081
    31085
    31086
    31087
    31088
    31090
    31091
    31092
    31093
    31094
    31095
    31096
    31097
    63873
    63874
    63875
    63876
    63877
    63878
    63879
    63880
    63882
    63883
    63884
    63885
    63886
    63887
    63888
    63889
    31136
    31142
    31143
    31144
    31145
    31146
    31147
    31148
    63917
    31149
    63918
    63919
    63920
    63921
    63922
    63923
    31156
    63927
    63928
    63929
    63930
    63931
    63932
    63933
    63940
    63941
    63942
    31174
    63943
    63945
    63946
    63947
    31179
    63948
    63952
    63953
    63954
    31189
    63959
    63960
    63961
    63964
    63965
    63966
    31201
    31209
    31216
    31228
    31229
    31230
    31231
    31232
    31233
    31234
    31235
    31239
    39437
    64014
    31246
    39438
    64015
    39439
    64016
    39440
    64017
    64018
    64019
    64020
    64023
    64024
    64025
    64026
    64027
    39451
    64028
    39452
    64029
    39453
    39454
    39455
    31264
    39456
    31265
    39457
    31266
    64035
    31267
    64036
    64037
    64038
    64039
    39463
    64040
    31272
    39464
    64041
    31273
    39465
    64042
    31274
    39466
    31275
    39467
    39468
    39469
    64047
    39471
    64048
    64049
    31283
    64052
    31284
    64053
    31285
    64054
    31286
    64056
    64057
    64058
    39485
    39486
    39487
    39488
    39489
    39490
    39491
    39494
    31303
    39495
    31304
    39496
    31305
    39497
    31306
    39501
    31310
    39502
    31311
    39503
    31312
    39504
    31313
    39505
    39506
    39507
    39508
    31317
    39509
    31318
    39510
    31319
    39511
    31320
    39517
    39518
    39519
    39520
    31334
    31335
    39527
    31336
    39528
    31337
    39529
    39530
    39531
    39532
    39533
    31343
    31344
    31345
    31346
    39539
    39540
    39541
    39542
    31351
    39543
    31352
    39544
    31353
    39545
    31354
    39551
    31364
    31365
    31366
    31367
    39560
    39561
    31370
    39562
    31371
    39563
    31372
    39564
    31373
    39565
    39566
    39570
    31379
    39571
    31380
    39572
    31381
    39573
    31382
    39576
    39577
    39578
    39579
    39581
    39582
    39583
    39584
    39585
    39586
    39587
    31400
    31406
    31407
    31408
    31409
    31410
    31411
    31412
    31413
    31424
    31437
    31442
    31448
    31463
    31470
    31477
    31488
    31489
    31490
    31491
    31492
    31493
    31494
    31495
    31499
    31506
    64293
    64294
    64295
    64296
    64297
    64298
    39751
    39752
    39753
    39754
    6990
    64336
    64337
    64338
    64339
    64340
    64341
    39765
    39766
    39767
    39768
    39769
    39770
    39771
    39777
    39778
    39779
    39780
    39781
    39782
    39783
    39785
    39799
    39800
    39801
    39802
    39803
    39804
    39805
    39808
    39809
    39810
    39811
    39815
    39816
    39817
    39818
    39819
    39820
    39821
    39822
    39823
    39824
    39825
    39830
    39831
    39832
    39833
    39840
    39841
    39842
    39843
    39844
    39845
    39846
    39850
    39851
    39852
    39853
    39854
    39855
    39856
    39861
    39870
    39871
    39872
    39873
    39874
    39875
    39876
    39879
    39880
    39881
    39882
    39884
    39885
    39886
    39887
    39888
    39889
    39890
    39892
    39893
    39894
    39895
    7154
    64541
    64542
    64543
    64544
    64545
    64546
    64547
    64549
    64550
    64551
    64552
    64553
    64554
    64555
    64558
    64560
    64561
    64562
    64567
    64569
    64570
    64571
    39995
    39997
    39998
    39999
    40005
    40007
    40008
    40009
    31827
    31829
    31830
    31831
    40027
    40028
    40029
    31838
    40031
    40032
    31841
    40033
    31842
    40034
    31843
    31851
    31853
    31854
    31855
    31856
    40048
    40049
    40050
    31859
    40051
    31860
    31861
    31866
    40060
    40061
    40062
    40063
    31883
    31894
    31895
    31896
    40096
    31907
    31908
    31909
    40101
    31910
    31911
    31912
    31913
    31917
    31918
    31919
    31920
    40112
    31921
    40113
    31922
    40114
    31923
    40115
    40116
    31924
    40117
    31925
    40118
    31926
    40119
    40121
    40122
    40123
    40124
    40125
    40126
    40127
    31935
    40128
    31946
    64718
    64719
    64720
    31957
    31958
    31959
    64728
    64729
    64730
    31962
    31964
    31965
    31966
    31967
    31968
    31969
    40165
    40166
    40167
    40168
    40169
    40170
    40171
    31979
    40172
    31980
    31981
    64750
    40174
    31982
    64751
    40175
    31983
    64752
    40176
    31984
    40177
    31985
    40178
    40179
    31987
    64756
    40180
    31988
    64757
    40181
    31989
    64758
    64762
    64763
    40187
    64764
    40188
    40189
    40191
    40192
    40193
    64780
    64781
    64782
    64785
    64786
    64787
    64789
    64790
    64791
    32038
    64807
    64808
    64809
    32042
    64811
    64812
    32044
    64813
    32052
    32053
    64828
    64829
    64830
    64838
    32070
    64839
    32071
    64840
    32072
    32074
    32075
    32076
    32077
    32081
    32082
    32083
    32084
    40278
    40279
    40280
    40281
    32089
    32090
    32091
    64860
    64861
    32093
    64862
    32094
    40287
    32095
    32096
    40289
    64866
    40290
    64867
    40291
    64868
    64872
    64873
    64874
    32114
    40307
    32115
    40308
    32116
    40309
    32117
    32118
    40311
    32119
    40312
    32120
    40313
    64890
    40314
    64891
    32123
    64892
    32124
    32125
    32126
    64895
    64896
    32128
    64897
    32129
    32130
    64899
    32131
    64900
    32132
    64901
    32133
    32134
    40327
    40328
    40329
    40330
    40337
    40338
    40339
    40340
    64917
    64918
    64919
    64921
    64922
    64923
    64937
    64938
    64939
    64947
    64948
    64949
    40373
    40378
    40389
    40390
    64967
    40391
    64968
    40392
    64969
    40393
    40394
    40395
    40396
    64973
    64974
    40398
    64975
    40399
    40400
    40401
    40402
    64979
    40403
    64980
    40404
    64981
    40405
    32226
    64996
    32228
    64997
    32229
    64998
    32230
    65001
    65002
    65003
    65005
    32237
    65006
    65007
    32239
    32240
    32241
    40437
    40438
    40439
    40440
    32248
    40441
    40442
    32250
    40443
    32251
    40444
    32252
    65021
    40445
    32253
    65022
    40446
    65023
    40447
    32255
    40448
    32256
    65025
    40449
    32257
    65026
    40450
    65027
    40451
    40452
    32262
    40458
    40459
    40460
    40462
    40463
    40464
    32275
    32290
    32291
    32292
    32303
    32304
    32305
    32306
    32307
    32308
    32309
    32313
    32314
    32315
    32316
    32317
    32318
    32319
    32320
    32321
    32322
    32329
    32337
    32350
    32351
    32352
    32355
    32356
    32357
    32358
    32359
    32360
    32361
    32370
    32371
    32372
    32373
    32374
    32375
    32376
    32377
    32378
    32379
    32425
    32429
    32430
    32437
    32438
    32454
    32455
    32456
    32458
    32459
    32460
    32461
    32465
    32466
    32467
    32468
    32473
    32474
    32475
    32477
    32478
    32479
    32480
    32496
    32497
    32498
    32499
    32500
    32501
    32502
    32505
    32506
    32507
    32508
    32510
    32511
    32512
    32513
    32514
    32515
    32516
    40740
    40754
    40755
    40756
    40757
    40762
    40763
    40764
    40765
    40768
    40769
    40770
    40771
    40775
    40776
    40777
    40778
    40824
    40825
    40826
    40827
    40828
    40829
    40830
    40841
    40842
    40843
    40844
    40845
    40846
    40847
    40856
    40857
    40858
    40859
    40861
    40862
    40863
    40864
    32682
    32683
    32684
    32685
    32686
    32687
    32688
    40885
    32693
    40886
    32694
    40887
    32695
    40888
    32696
    40889
    40890
    40891
    40896
    32704
    40897
    32705
    40898
    32706
    40899
    32707
    40900
    32708
    40901
    32709
    40902
    32710
    32714
    65483
    40907
    32715
    65484
    40908
    32716
    65485
    40909
    32717
    65486
    40910
    65487
    40911
    65488
    40912
    40913
    40914
    40915
    40927
    40928
    40929
    40930
    40934
    40935
    40936
    40937
    40939
    40940
    40941
    40942
    40943
    40944
    40945
    40946
    65523
    65524
    32756
    65525
    65526
    65527
    65528
    32762
    32763
    32764
    32765
    32767
)

// ************************************************************************* //
