/*--------------------------------*- C++ -*----------------------------------*\
  =========                 |
  \\      /  F ield         | OpenFOAM: The Open Source CFD Toolbox
   \\    /   O peration     | Website:  https://openfoam.org
    \\  /    A nd           | Version:  7
     \\/     M anipulation  |
\*---------------------------------------------------------------------------*/
FoamFile
{
    version     2.0;
    format      ascii;
    class       faceList;
    location    "constant/porousMat/polyMesh";
    object      faces;
}
// * * * * * * * * * * * * * * * * * * * * * * * * * * * * * * * * * * * * * //


501
(
4(2 204 205 3)
4(4 206 207 5)
4(6 208 209 7)
4(8 210 211 9)
4(10 212 213 11)
4(12 214 215 13)
4(14 216 217 15)
4(16 218 219 17)
4(18 220 221 19)
4(20 222 223 21)
4(22 224 225 23)
4(24 226 227 25)
4(26 228 229 27)
4(28 230 231 29)
4(30 232 233 31)
4(32 234 235 33)
4(34 236 237 35)
4(36 238 239 37)
4(38 240 241 39)
4(40 242 243 41)
4(42 244 245 43)
4(44 246 247 45)
4(46 248 249 47)
4(48 250 251 49)
4(50 252 253 51)
4(52 254 255 53)
4(54 256 257 55)
4(56 258 259 57)
4(58 260 261 59)
4(60 262 263 61)
4(62 264 265 63)
4(64 266 267 65)
4(66 268 269 67)
4(68 270 271 69)
4(70 272 273 71)
4(72 274 275 73)
4(74 276 277 75)
4(76 278 279 77)
4(78 280 281 79)
4(80 282 283 81)
4(82 284 285 83)
4(84 286 287 85)
4(86 288 289 87)
4(88 290 291 89)
4(90 292 293 91)
4(92 294 295 93)
4(94 296 297 95)
4(96 298 299 97)
4(98 300 301 99)
4(100 302 303 101)
4(102 304 305 103)
4(104 306 307 105)
4(106 308 309 107)
4(108 310 311 109)
4(110 312 313 111)
4(112 314 315 113)
4(114 316 317 115)
4(116 318 319 117)
4(118 320 321 119)
4(120 322 323 121)
4(122 324 325 123)
4(124 326 327 125)
4(126 328 329 127)
4(128 330 331 129)
4(130 332 333 131)
4(132 334 335 133)
4(134 336 337 135)
4(136 338 339 137)
4(138 340 341 139)
4(140 342 343 141)
4(142 344 345 143)
4(144 346 347 145)
4(146 348 349 147)
4(148 350 351 149)
4(150 352 353 151)
4(152 354 355 153)
4(154 356 357 155)
4(156 358 359 157)
4(158 360 361 159)
4(160 362 363 161)
4(162 364 365 163)
4(164 366 367 165)
4(166 368 369 167)
4(168 370 371 169)
4(170 372 373 171)
4(172 374 375 173)
4(174 376 377 175)
4(176 378 379 177)
4(178 380 381 179)
4(180 382 383 181)
4(182 384 385 183)
4(184 386 387 185)
4(186 388 389 187)
4(188 390 391 189)
4(190 392 393 191)
4(192 394 395 193)
4(194 396 397 195)
4(196 398 399 197)
4(198 400 401 199)
4(200 402 403 201)
4(0 202 204 2)
4(2 204 206 4)
4(4 206 208 6)
4(6 208 210 8)
4(8 210 212 10)
4(10 212 214 12)
4(12 214 216 14)
4(14 216 218 16)
4(16 218 220 18)
4(18 220 222 20)
4(20 222 224 22)
4(22 224 226 24)
4(24 226 228 26)
4(26 228 230 28)
4(28 230 232 30)
4(30 232 234 32)
4(32 234 236 34)
4(34 236 238 36)
4(36 238 240 38)
4(38 240 242 40)
4(40 242 244 42)
4(42 244 246 44)
4(44 246 248 46)
4(46 248 250 48)
4(48 250 252 50)
4(50 252 254 52)
4(52 254 256 54)
4(54 256 258 56)
4(56 258 260 58)
4(58 260 262 60)
4(60 262 264 62)
4(62 264 266 64)
4(64 266 268 66)
4(66 268 270 68)
4(68 270 272 70)
4(70 272 274 72)
4(72 274 276 74)
4(74 276 278 76)
4(76 278 280 78)
4(78 280 282 80)
4(80 282 284 82)
4(82 284 286 84)
4(84 286 288 86)
4(86 288 290 88)
4(88 290 292 90)
4(90 292 294 92)
4(92 294 296 94)
4(94 296 298 96)
4(96 298 300 98)
4(98 300 302 100)
4(100 302 304 102)
4(102 304 306 104)
4(104 306 308 106)
4(106 308 310 108)
4(108 310 312 110)
4(110 312 314 112)
4(112 314 316 114)
4(114 316 318 116)
4(116 318 320 118)
4(118 320 322 120)
4(120 322 324 122)
4(122 324 326 124)
4(124 326 328 126)
4(126 328 330 128)
4(128 330 332 130)
4(130 332 334 132)
4(132 334 336 134)
4(134 336 338 136)
4(136 338 340 138)
4(138 340 342 140)
4(140 342 344 142)
4(142 344 346 144)
4(144 346 348 146)
4(146 348 350 148)
4(148 350 352 150)
4(150 352 354 152)
4(152 354 356 154)
4(154 356 358 156)
4(156 358 360 158)
4(158 360 362 160)
4(160 362 364 162)
4(162 364 366 164)
4(164 366 368 166)
4(166 368 370 168)
4(168 370 372 170)
4(170 372 374 172)
4(172 374 376 174)
4(174 376 378 176)
4(176 378 380 178)
4(178 380 382 180)
4(180 382 384 182)
4(182 384 386 184)
4(184 386 388 186)
4(186 388 390 188)
4(188 390 392 190)
4(190 392 394 192)
4(192 394 396 194)
4(194 396 398 196)
4(196 398 400 198)
4(198 400 402 200)
4(1 3 205 203)
4(3 5 207 205)
4(5 7 209 207)
4(7 9 211 209)
4(9 11 213 211)
4(11 13 215 213)
4(13 15 217 215)
4(15 17 219 217)
4(17 19 221 219)
4(19 21 223 221)
4(21 23 225 223)
4(23 25 227 225)
4(25 27 229 227)
4(27 29 231 229)
4(29 31 233 231)
4(31 33 235 233)
4(33 35 237 235)
4(35 37 239 237)
4(37 39 241 239)
4(39 41 243 241)
4(41 43 245 243)
4(43 45 247 245)
4(45 47 249 247)
4(47 49 251 249)
4(49 51 253 251)
4(51 53 255 253)
4(53 55 257 255)
4(55 57 259 257)
4(57 59 261 259)
4(59 61 263 261)
4(61 63 265 263)
4(63 65 267 265)
4(65 67 269 267)
4(67 69 271 269)
4(69 71 273 271)
4(71 73 275 273)
4(73 75 277 275)
4(75 77 279 277)
4(77 79 281 279)
4(79 81 283 281)
4(81 83 285 283)
4(83 85 287 285)
4(85 87 289 287)
4(87 89 291 289)
4(89 91 293 291)
4(91 93 295 293)
4(93 95 297 295)
4(95 97 299 297)
4(97 99 301 299)
4(99 101 303 301)
4(101 103 305 303)
4(103 105 307 305)
4(105 107 309 307)
4(107 109 311 309)
4(109 111 313 311)
4(111 113 315 313)
4(113 115 317 315)
4(115 117 319 317)
4(117 119 321 319)
4(119 121 323 321)
4(121 123 325 323)
4(123 125 327 325)
4(125 127 329 327)
4(127 129 331 329)
4(129 131 333 331)
4(131 133 335 333)
4(133 135 337 335)
4(135 137 339 337)
4(137 139 341 339)
4(139 141 343 341)
4(141 143 345 343)
4(143 145 347 345)
4(145 147 349 347)
4(147 149 351 349)
4(149 151 353 351)
4(151 153 355 353)
4(153 155 357 355)
4(155 157 359 357)
4(157 159 361 359)
4(159 161 363 361)
4(161 163 365 363)
4(163 165 367 365)
4(165 167 369 367)
4(167 169 371 369)
4(169 171 373 371)
4(171 173 375 373)
4(173 175 377 375)
4(175 177 379 377)
4(177 179 381 379)
4(179 181 383 381)
4(181 183 385 383)
4(183 185 387 385)
4(185 187 389 387)
4(187 189 391 389)
4(189 191 393 391)
4(191 193 395 393)
4(193 195 397 395)
4(195 197 399 397)
4(197 199 401 399)
4(199 201 403 401)
4(0 2 3 1)
4(2 4 5 3)
4(4 6 7 5)
4(6 8 9 7)
4(8 10 11 9)
4(10 12 13 11)
4(12 14 15 13)
4(14 16 17 15)
4(16 18 19 17)
4(18 20 21 19)
4(20 22 23 21)
4(22 24 25 23)
4(24 26 27 25)
4(26 28 29 27)
4(28 30 31 29)
4(30 32 33 31)
4(32 34 35 33)
4(34 36 37 35)
4(36 38 39 37)
4(38 40 41 39)
4(40 42 43 41)
4(42 44 45 43)
4(44 46 47 45)
4(46 48 49 47)
4(48 50 51 49)
4(50 52 53 51)
4(52 54 55 53)
4(54 56 57 55)
4(56 58 59 57)
4(58 60 61 59)
4(60 62 63 61)
4(62 64 65 63)
4(64 66 67 65)
4(66 68 69 67)
4(68 70 71 69)
4(70 72 73 71)
4(72 74 75 73)
4(74 76 77 75)
4(76 78 79 77)
4(78 80 81 79)
4(80 82 83 81)
4(82 84 85 83)
4(84 86 87 85)
4(86 88 89 87)
4(88 90 91 89)
4(90 92 93 91)
4(92 94 95 93)
4(94 96 97 95)
4(96 98 99 97)
4(98 100 101 99)
4(100 102 103 101)
4(102 104 105 103)
4(104 106 107 105)
4(106 108 109 107)
4(108 110 111 109)
4(110 112 113 111)
4(112 114 115 113)
4(114 116 117 115)
4(116 118 119 117)
4(118 120 121 119)
4(120 122 123 121)
4(122 124 125 123)
4(124 126 127 125)
4(126 128 129 127)
4(128 130 131 129)
4(130 132 133 131)
4(132 134 135 133)
4(134 136 137 135)
4(136 138 139 137)
4(138 140 141 139)
4(140 142 143 141)
4(142 144 145 143)
4(144 146 147 145)
4(146 148 149 147)
4(148 150 151 149)
4(150 152 153 151)
4(152 154 155 153)
4(154 156 157 155)
4(156 158 159 157)
4(158 160 161 159)
4(160 162 163 161)
4(162 164 165 163)
4(164 166 167 165)
4(166 168 169 167)
4(168 170 171 169)
4(170 172 173 171)
4(172 174 175 173)
4(174 176 177 175)
4(176 178 179 177)
4(178 180 181 179)
4(180 182 183 181)
4(182 184 185 183)
4(184 186 187 185)
4(186 188 189 187)
4(188 190 191 189)
4(190 192 193 191)
4(192 194 195 193)
4(194 196 197 195)
4(196 198 199 197)
4(198 200 201 199)
4(202 203 205 204)
4(204 205 207 206)
4(206 207 209 208)
4(208 209 211 210)
4(210 211 213 212)
4(212 213 215 214)
4(214 215 217 216)
4(216 217 219 218)
4(218 219 221 220)
4(220 221 223 222)
4(222 223 225 224)
4(224 225 227 226)
4(226 227 229 228)
4(228 229 231 230)
4(230 231 233 232)
4(232 233 235 234)
4(234 235 237 236)
4(236 237 239 238)
4(238 239 241 240)
4(240 241 243 242)
4(242 243 245 244)
4(244 245 247 246)
4(246 247 249 248)
4(248 249 251 250)
4(250 251 253 252)
4(252 253 255 254)
4(254 255 257 256)
4(256 257 259 258)
4(258 259 261 260)
4(260 261 263 262)
4(262 263 265 264)
4(264 265 267 266)
4(266 267 269 268)
4(268 269 271 270)
4(270 271 273 272)
4(272 273 275 274)
4(274 275 277 276)
4(276 277 279 278)
4(278 279 281 280)
4(280 281 283 282)
4(282 283 285 284)
4(284 285 287 286)
4(286 287 289 288)
4(288 289 291 290)
4(290 291 293 292)
4(292 293 295 294)
4(294 295 297 296)
4(296 297 299 298)
4(298 299 301 300)
4(300 301 303 302)
4(302 303 305 304)
4(304 305 307 306)
4(306 307 309 308)
4(308 309 311 310)
4(310 311 313 312)
4(312 313 315 314)
4(314 315 317 316)
4(316 317 319 318)
4(318 319 321 320)
4(320 321 323 322)
4(322 323 325 324)
4(324 325 327 326)
4(326 327 329 328)
4(328 329 331 330)
4(330 331 333 332)
4(332 333 335 334)
4(334 335 337 336)
4(336 337 339 338)
4(338 339 341 340)
4(340 341 343 342)
4(342 343 345 344)
4(344 345 347 346)
4(346 347 349 348)
4(348 349 351 350)
4(350 351 353 352)
4(352 353 355 354)
4(354 355 357 356)
4(356 357 359 358)
4(358 359 361 360)
4(360 361 363 362)
4(362 363 365 364)
4(364 365 367 366)
4(366 367 369 368)
4(368 369 371 370)
4(370 371 373 372)
4(372 373 375 374)
4(374 375 377 376)
4(376 377 379 378)
4(378 379 381 380)
4(380 381 383 382)
4(382 383 385 384)
4(384 385 387 386)
4(386 387 389 388)
4(388 389 391 390)
4(390 391 393 392)
4(392 393 395 394)
4(394 395 397 396)
4(396 397 399 398)
4(398 399 401 400)
4(400 401 403 402)
4(0 1 203 202)
)


// ************************************************************************* //
