/*--------------------------------*- C++ -*----------------------------------*\
  =========                 |
  \\      /  F ield         | OpenFOAM: The Open Source CFD Toolbox
   \\    /   O peration     | Website:  https://openfoam.org
    \\  /    A nd           | Version:  7
     \\/     M anipulation  |
\*---------------------------------------------------------------------------*/
FoamFile
{
    version     2.0;
    format      ascii;
    class       vectorField;
    location    "constant/porousMat/polyMesh";
    object      points;
}
// * * * * * * * * * * * * * * * * * * * * * * * * * * * * * * * * * * * * * //


404
(
(0 0 0)
(0.01 0 0)
(0 0.001273970302 0)
(0.01 0.001273970302 0)
(0 0.002518651973 0)
(0.01 0.002518651973 0)
(0 0.003734718358 0)
(0.01 0.003734718358 0)
(0 0.004922827326 0)
(0.01 0.004922827326 0)
(0 0.006083621617 0)
(0.01 0.006083621617 0)
(0 0.007217729199 0)
(0.01 0.007217729199 0)
(0 0.008325763598 0)
(0.01 0.008325763598 0)
(0 0.00940832424 0)
(0.01 0.00940832424 0)
(0 0.01046599677 0)
(0.01 0.01046599677 0)
(0 0.01149935336 0)
(0.01 0.01149935336 0)
(0 0.01250895303 0)
(0.01 0.01250895303 0)
(0 0.01349534197 0)
(0.01 0.01349534197 0)
(0 0.01445905378 0)
(0.01 0.01445905378 0)
(0 0.01540060982 0)
(0.01 0.01540060982 0)
(0 0.01632051945 0)
(0.01 0.01632051945 0)
(0 0.01721928031 0)
(0.01 0.01721928031 0)
(0 0.01809737862 0)
(0.01 0.01809737862 0)
(0 0.01895528942 0)
(0.01 0.01895528942 0)
(0 0.01979347681 0)
(0.01 0.01979347681 0)
(0 0.02061239423 0)
(0.01 0.02061239423 0)
(0 0.02141248471 0)
(0.01 0.02141248471 0)
(0 0.02219418107 0)
(0.01 0.02219418107 0)
(0 0.02295790621 0)
(0.01 0.02295790621 0)
(0 0.02370407326 0)
(0.01 0.02370407326 0)
(0 0.02443308591 0)
(0.01 0.02443308591 0)
(0 0.02514533852 0)
(0.01 0.02514533852 0)
(0 0.02584121642 0)
(0.01 0.02584121642 0)
(0 0.02652109605 0)
(0.01 0.02652109605 0)
(0 0.02718534522 0)
(0.01 0.02718534522 0)
(0 0.02783432328 0)
(0.01 0.02783432328 0)
(0 0.0284683813 0)
(0.01 0.0284683813 0)
(0 0.0290878623 0)
(0.01 0.0290878623 0)
(0 0.02969310141 0)
(0.01 0.02969310141 0)
(0 0.03028442604 0)
(0.01 0.03028442604 0)
(0 0.03086215609 0)
(0.01 0.03086215609 0)
(0 0.03142660411 0)
(0.01 0.03142660411 0)
(0 0.03197807544 0)
(0.01 0.03197807544 0)
(0 0.03251686842 0)
(0.01 0.03251686842 0)
(0 0.03304327453 0)
(0.01 0.03304327453 0)
(0 0.03355757854 0)
(0.01 0.03355757854 0)
(0 0.03406005868 0)
(0.01 0.03406005868 0)
(0 0.03455098678 0)
(0.01 0.03455098678 0)
(0 0.03503062842 0)
(0.01 0.03503062842 0)
(0 0.03549924308 0)
(0.01 0.03549924308 0)
(0 0.03595708427 0)
(0.01 0.03595708427 0)
(0 0.03640439966 0)
(0.01 0.03640439966 0)
(0 0.03684143126 0)
(0.01 0.03684143126 0)
(0 0.03726841549 0)
(0.01 0.03726841549 0)
(0 0.03768558333 0)
(0.01 0.03768558333 0)
(0 0.03809316046 0)
(0.01 0.03809316046 0)
(0 0.03849136738 0)
(0.01 0.03849136738 0)
(0 0.0388804195 0)
(0.01 0.0388804195 0)
(0 0.0392605273 0)
(0.01 0.0392605273 0)
(0 0.0396318964 0)
(0.01 0.0396318964 0)
(0 0.03999472771 0)
(0.01 0.03999472771 0)
(0 0.04034921751 0)
(0.01 0.04034921751 0)
(0 0.04069555758 0)
(0.01 0.04069555758 0)
(0 0.04103393528 0)
(0.01 0.04103393528 0)
(0 0.04136453366 0)
(0.01 0.04136453366 0)
(0 0.04168753156 0)
(0.01 0.04168753156 0)
(0 0.04200310373 0)
(0.01 0.04200310373 0)
(0 0.04231142089 0)
(0.01 0.04231142089 0)
(0 0.04261264982 0)
(0.01 0.04261264982 0)
(0 0.04290695348 0)
(0.01 0.04290695348 0)
(0 0.04319449109 0)
(0.01 0.04319449109 0)
(0 0.0434754182 0)
(0.01 0.0434754182 0)
(0 0.04374988678 0)
(0.01 0.04374988678 0)
(0 0.04401804532 0)
(0.01 0.04401804532 0)
(0 0.04428003888 0)
(0.01 0.04428003888 0)
(0 0.04453600919 0)
(0.01 0.04453600919 0)
(0 0.04478609474 0)
(0.01 0.04478609474 0)
(0 0.04503043081 0)
(0.01 0.04503043081 0)
(0 0.04526914959 0)
(0.01 0.04526914959 0)
(0 0.04550238021 0)
(0.01 0.04550238021 0)
(0 0.04573024885 0)
(0.01 0.04573024885 0)
(0 0.04595287878 0)
(0.01 0.04595287878 0)
(0 0.04617039043 0)
(0.01 0.04617039043 0)
(0 0.04638290149 0)
(0.01 0.04638290149 0)
(0 0.0465905269 0)
(0.01 0.0465905269 0)
(0 0.046793379 0)
(0.01 0.046793379 0)
(0 0.04699156752 0)
(0.01 0.04699156752 0)
(0 0.04718519968 0)
(0.01 0.04718519968 0)
(0 0.04737438023 0)
(0.01 0.04737438023 0)
(0 0.04755921151 0)
(0.01 0.04755921151 0)
(0 0.0477397935 0)
(0.01 0.0477397935 0)
(0 0.04791622392 0)
(0.01 0.04791622392 0)
(0 0.04808859818 0)
(0.01 0.04808859818 0)
(0 0.04825700956 0)
(0.01 0.04825700956 0)
(0 0.04842154915 0)
(0.01 0.04842154915 0)
(0 0.04858230597 0)
(0.01 0.04858230597 0)
(0 0.04873936698 0)
(0.01 0.04873936698 0)
(0 0.04889281716 0)
(0.01 0.04889281716 0)
(0 0.04904273951 0)
(0.01 0.04904273951 0)
(0 0.04918921513 0)
(0.01 0.04918921513 0)
(0 0.04933232328 0)
(0.01 0.04933232328 0)
(0 0.04947214136 0)
(0.01 0.04947214136 0)
(0 0.04960874502 0)
(0.01 0.04960874502 0)
(0 0.04974220816 0)
(0.01 0.04974220816 0)
(0 0.04987260297 0)
(0.01 0.04987260297 0)
(0 0.05 0)
(0.01 0.05 0)
(0 0 0.01)
(0.01 0 0.01)
(0 0.001273970302 0.01)
(0.01 0.001273970302 0.01)
(0 0.002518651973 0.01)
(0.01 0.002518651973 0.01)
(0 0.003734718358 0.01)
(0.01 0.003734718358 0.01)
(0 0.004922827326 0.01)
(0.01 0.004922827326 0.01)
(0 0.006083621617 0.01)
(0.01 0.006083621617 0.01)
(0 0.007217729199 0.01)
(0.01 0.007217729199 0.01)
(0 0.008325763598 0.01)
(0.01 0.008325763598 0.01)
(0 0.00940832424 0.01)
(0.01 0.00940832424 0.01)
(0 0.01046599677 0.01)
(0.01 0.01046599677 0.01)
(0 0.01149935336 0.01)
(0.01 0.01149935336 0.01)
(0 0.01250895303 0.01)
(0.01 0.01250895303 0.01)
(0 0.01349534197 0.01)
(0.01 0.01349534197 0.01)
(0 0.01445905378 0.01)
(0.01 0.01445905378 0.01)
(0 0.01540060982 0.01)
(0.01 0.01540060982 0.01)
(0 0.01632051945 0.01)
(0.01 0.01632051945 0.01)
(0 0.01721928031 0.01)
(0.01 0.01721928031 0.01)
(0 0.01809737862 0.01)
(0.01 0.01809737862 0.01)
(0 0.01895528942 0.01)
(0.01 0.01895528942 0.01)
(0 0.01979347681 0.01)
(0.01 0.01979347681 0.01)
(0 0.02061239423 0.01)
(0.01 0.02061239423 0.01)
(0 0.02141248471 0.01)
(0.01 0.02141248471 0.01)
(0 0.02219418107 0.01)
(0.01 0.02219418107 0.01)
(0 0.02295790621 0.01)
(0.01 0.02295790621 0.01)
(0 0.02370407326 0.01)
(0.01 0.02370407326 0.01)
(0 0.02443308591 0.01)
(0.01 0.02443308591 0.01)
(0 0.02514533852 0.01)
(0.01 0.02514533852 0.01)
(0 0.02584121642 0.01)
(0.01 0.02584121642 0.01)
(0 0.02652109605 0.01)
(0.01 0.02652109605 0.01)
(0 0.02718534522 0.01)
(0.01 0.02718534522 0.01)
(0 0.02783432328 0.01)
(0.01 0.02783432328 0.01)
(0 0.0284683813 0.01)
(0.01 0.0284683813 0.01)
(0 0.0290878623 0.01)
(0.01 0.0290878623 0.01)
(0 0.02969310141 0.01)
(0.01 0.02969310141 0.01)
(0 0.03028442604 0.01)
(0.01 0.03028442604 0.01)
(0 0.03086215609 0.01)
(0.01 0.03086215609 0.01)
(0 0.03142660411 0.01)
(0.01 0.03142660411 0.01)
(0 0.03197807544 0.01)
(0.01 0.03197807544 0.01)
(0 0.03251686842 0.01)
(0.01 0.03251686842 0.01)
(0 0.03304327453 0.01)
(0.01 0.03304327453 0.01)
(0 0.03355757854 0.01)
(0.01 0.03355757854 0.01)
(0 0.03406005868 0.01)
(0.01 0.03406005868 0.01)
(0 0.03455098678 0.01)
(0.01 0.03455098678 0.01)
(0 0.03503062842 0.01)
(0.01 0.03503062842 0.01)
(0 0.03549924308 0.01)
(0.01 0.03549924308 0.01)
(0 0.03595708427 0.01)
(0.01 0.03595708427 0.01)
(0 0.03640439966 0.01)
(0.01 0.03640439966 0.01)
(0 0.03684143126 0.01)
(0.01 0.03684143126 0.01)
(0 0.03726841549 0.01)
(0.01 0.03726841549 0.01)
(0 0.03768558333 0.01)
(0.01 0.03768558333 0.01)
(0 0.03809316046 0.01)
(0.01 0.03809316046 0.01)
(0 0.03849136738 0.01)
(0.01 0.03849136738 0.01)
(0 0.0388804195 0.01)
(0.01 0.0388804195 0.01)
(0 0.0392605273 0.01)
(0.01 0.0392605273 0.01)
(0 0.0396318964 0.01)
(0.01 0.0396318964 0.01)
(0 0.03999472771 0.01)
(0.01 0.03999472771 0.01)
(0 0.04034921751 0.01)
(0.01 0.04034921751 0.01)
(0 0.04069555758 0.01)
(0.01 0.04069555758 0.01)
(0 0.04103393528 0.01)
(0.01 0.04103393528 0.01)
(0 0.04136453366 0.01)
(0.01 0.04136453366 0.01)
(0 0.04168753156 0.01)
(0.01 0.04168753156 0.01)
(0 0.04200310373 0.01)
(0.01 0.04200310373 0.01)
(0 0.04231142089 0.01)
(0.01 0.04231142089 0.01)
(0 0.04261264982 0.01)
(0.01 0.04261264982 0.01)
(0 0.04290695348 0.01)
(0.01 0.04290695348 0.01)
(0 0.04319449109 0.01)
(0.01 0.04319449109 0.01)
(0 0.0434754182 0.01)
(0.01 0.0434754182 0.01)
(0 0.04374988678 0.01)
(0.01 0.04374988678 0.01)
(0 0.04401804532 0.01)
(0.01 0.04401804532 0.01)
(0 0.04428003888 0.01)
(0.01 0.04428003888 0.01)
(0 0.04453600919 0.01)
(0.01 0.04453600919 0.01)
(0 0.04478609474 0.01)
(0.01 0.04478609474 0.01)
(0 0.04503043081 0.01)
(0.01 0.04503043081 0.01)
(0 0.04526914959 0.01)
(0.01 0.04526914959 0.01)
(0 0.04550238021 0.01)
(0.01 0.04550238021 0.01)
(0 0.04573024885 0.01)
(0.01 0.04573024885 0.01)
(0 0.04595287878 0.01)
(0.01 0.04595287878 0.01)
(0 0.04617039043 0.01)
(0.01 0.04617039043 0.01)
(0 0.04638290149 0.01)
(0.01 0.04638290149 0.01)
(0 0.0465905269 0.01)
(0.01 0.0465905269 0.01)
(0 0.046793379 0.01)
(0.01 0.046793379 0.01)
(0 0.04699156752 0.01)
(0.01 0.04699156752 0.01)
(0 0.04718519968 0.01)
(0.01 0.04718519968 0.01)
(0 0.04737438023 0.01)
(0.01 0.04737438023 0.01)
(0 0.04755921151 0.01)
(0.01 0.04755921151 0.01)
(0 0.0477397935 0.01)
(0.01 0.0477397935 0.01)
(0 0.04791622392 0.01)
(0.01 0.04791622392 0.01)
(0 0.04808859818 0.01)
(0.01 0.04808859818 0.01)
(0 0.04825700956 0.01)
(0.01 0.04825700956 0.01)
(0 0.04842154915 0.01)
(0.01 0.04842154915 0.01)
(0 0.04858230597 0.01)
(0.01 0.04858230597 0.01)
(0 0.04873936698 0.01)
(0.01 0.04873936698 0.01)
(0 0.04889281716 0.01)
(0.01 0.04889281716 0.01)
(0 0.04904273951 0.01)
(0.01 0.04904273951 0.01)
(0 0.04918921513 0.01)
(0.01 0.04918921513 0.01)
(0 0.04933232328 0.01)
(0.01 0.04933232328 0.01)
(0 0.04947214136 0.01)
(0.01 0.04947214136 0.01)
(0 0.04960874502 0.01)
(0.01 0.04960874502 0.01)
(0 0.04974220816 0.01)
(0.01 0.04974220816 0.01)
(0 0.04987260297 0.01)
(0.01 0.04987260297 0.01)
(0 0.05 0.01)
(0.01 0.05 0.01)
)


// ************************************************************************* //
