/*--------------------------------*- C++ -*----------------------------------*\
| =========                 |                                                 |
| \\      /  F ield         | foam-extend: Open Source CFD                    |
|  \\    /   O peration     | Version:     4.1                                |
|   \\  /    A nd           | Web:         http://www.foam-extend.org         |
|    \\/     M anipulation  |                                                 |
\*---------------------------------------------------------------------------*/
FoamFile {
  version     2.0;
  format      ascii;
  class       vectorField;
  location    "constant/polyMesh";
  object      points;
}
// * * * * * * * * * * * * * * * * * * * * * * * * * * * * * * * * * * * * * //


1331
(
    (0 0 0)
    (0.05 0 0)
    (0.1 0 0)
    (0.15 0 0)
    (0.2 0 0)
    (0.25 0 0)
    (0.3 0 0)
    (0.35 0 0)
    (0.4 0 0)
    (0.45 0 0)
    (0.5 0 0)
    (0 0.05 0)
    (0.05 0.05 0)
    (0.1 0.05 0)
    (0.15 0.05 0)
    (0.2 0.05 0)
    (0.25 0.05 0)
    (0.3 0.05 0)
    (0.35 0.05 0)
    (0.4 0.05 0)
    (0.45 0.05 0)
    (0.5 0.05 0)
    (0 0.1 0)
    (0.05 0.1 0)
    (0.1 0.1 0)
    (0.15 0.1 0)
    (0.2 0.1 0)
    (0.25 0.1 0)
    (0.3 0.1 0)
    (0.35 0.1 0)
    (0.4 0.1 0)
    (0.45 0.1 0)
    (0.5 0.1 0)
    (0 0.15 0)
    (0.05 0.15 0)
    (0.1 0.15 0)
    (0.15 0.15 0)
    (0.2 0.15 0)
    (0.25 0.15 0)
    (0.3 0.15 0)
    (0.35 0.15 0)
    (0.4 0.15 0)
    (0.45 0.15 0)
    (0.5 0.15 0)
    (0 0.2 0)
    (0.05 0.2 0)
    (0.1 0.2 0)
    (0.15 0.2 0)
    (0.2 0.2 0)
    (0.25 0.2 0)
    (0.3 0.2 0)
    (0.35 0.2 0)
    (0.4 0.2 0)
    (0.45 0.2 0)
    (0.5 0.2 0)
    (0 0.25 0)
    (0.05 0.25 0)
    (0.1 0.25 0)
    (0.15 0.25 0)
    (0.2 0.25 0)
    (0.25 0.25 0)
    (0.3 0.25 0)
    (0.35 0.25 0)
    (0.4 0.25 0)
    (0.45 0.25 0)
    (0.5 0.25 0)
    (0 0.3 0)
    (0.05 0.3 0)
    (0.1 0.3 0)
    (0.15 0.3 0)
    (0.2 0.3 0)
    (0.25 0.3 0)
    (0.3 0.3 0)
    (0.35 0.3 0)
    (0.4 0.3 0)
    (0.45 0.3 0)
    (0.5 0.3 0)
    (0 0.35 0)
    (0.05 0.35 0)
    (0.1 0.35 0)
    (0.15 0.35 0)
    (0.2 0.35 0)
    (0.25 0.35 0)
    (0.3 0.35 0)
    (0.35 0.35 0)
    (0.4 0.35 0)
    (0.45 0.35 0)
    (0.5 0.35 0)
    (0 0.4 0)
    (0.05 0.4 0)
    (0.1 0.4 0)
    (0.15 0.4 0)
    (0.2 0.4 0)
    (0.25 0.4 0)
    (0.3 0.4 0)
    (0.35 0.4 0)
    (0.4 0.4 0)
    (0.45 0.4 0)
    (0.5 0.4 0)
    (0 0.45 0)
    (0.05 0.45 0)
    (0.1 0.45 0)
    (0.15 0.45 0)
    (0.2 0.45 0)
    (0.25 0.45 0)
    (0.3 0.45 0)
    (0.35 0.45 0)
    (0.4 0.45 0)
    (0.45 0.45 0)
    (0.5 0.45 0)
    (0 0.5 0)
    (0.05 0.5 0)
    (0.1 0.5 0)
    (0.15 0.5 0)
    (0.2 0.5 0)
    (0.25 0.5 0)
    (0.3 0.5 0)
    (0.35 0.5 0)
    (0.4 0.5 0)
    (0.45 0.5 0)
    (0.5 0.5 0)
    (0 0 0.05)
    (0.05 0 0.05)
    (0.1 0 0.05)
    (0.15 0 0.05)
    (0.2 0 0.05)
    (0.25 0 0.05)
    (0.3 0 0.05)
    (0.35 0 0.05)
    (0.4 0 0.05)
    (0.45 0 0.05)
    (0.5 0 0.05)
    (0 0.05 0.05)
    (0.05 0.05 0.05)
    (0.1 0.05 0.05)
    (0.15 0.05 0.05)
    (0.2 0.05 0.05)
    (0.25 0.05 0.05)
    (0.3 0.05 0.05)
    (0.35 0.05 0.05)
    (0.4 0.05 0.05)
    (0.45 0.05 0.05)
    (0.5 0.05 0.05)
    (0 0.1 0.05)
    (0.05 0.1 0.05)
    (0.1 0.1 0.05)
    (0.15 0.1 0.05)
    (0.2 0.1 0.05)
    (0.25 0.1 0.05)
    (0.3 0.1 0.05)
    (0.35 0.1 0.05)
    (0.4 0.1 0.05)
    (0.45 0.1 0.05)
    (0.5 0.1 0.05)
    (0 0.15 0.05)
    (0.05 0.15 0.05)
    (0.1 0.15 0.05)
    (0.15 0.15 0.05)
    (0.2 0.15 0.05)
    (0.25 0.15 0.05)
    (0.3 0.15 0.05)
    (0.35 0.15 0.05)
    (0.4 0.15 0.05)
    (0.45 0.15 0.05)
    (0.5 0.15 0.05)
    (0 0.2 0.05)
    (0.05 0.2 0.05)
    (0.1 0.2 0.05)
    (0.15 0.2 0.05)
    (0.2 0.2 0.05)
    (0.25 0.2 0.05)
    (0.3 0.2 0.05)
    (0.35 0.2 0.05)
    (0.4 0.2 0.05)
    (0.45 0.2 0.05)
    (0.5 0.2 0.05)
    (0 0.25 0.05)
    (0.05 0.25 0.05)
    (0.1 0.25 0.05)
    (0.15 0.25 0.05)
    (0.2 0.25 0.05)
    (0.25 0.25 0.05)
    (0.3 0.25 0.05)
    (0.35 0.25 0.05)
    (0.4 0.25 0.05)
    (0.45 0.25 0.05)
    (0.5 0.25 0.05)
    (0 0.3 0.05)
    (0.05 0.3 0.05)
    (0.1 0.3 0.05)
    (0.15 0.3 0.05)
    (0.2 0.3 0.05)
    (0.25 0.3 0.05)
    (0.3 0.3 0.05)
    (0.35 0.3 0.05)
    (0.4 0.3 0.05)
    (0.45 0.3 0.05)
    (0.5 0.3 0.05)
    (0 0.35 0.05)
    (0.05 0.35 0.05)
    (0.1 0.35 0.05)
    (0.15 0.35 0.05)
    (0.2 0.35 0.05)
    (0.25 0.35 0.05)
    (0.3 0.35 0.05)
    (0.35 0.35 0.05)
    (0.4 0.35 0.05)
    (0.45 0.35 0.05)
    (0.5 0.35 0.05)
    (0 0.4 0.05)
    (0.05 0.4 0.05)
    (0.1 0.4 0.05)
    (0.15 0.4 0.05)
    (0.2 0.4 0.05)
    (0.25 0.4 0.05)
    (0.3 0.4 0.05)
    (0.35 0.4 0.05)
    (0.4 0.4 0.05)
    (0.45 0.4 0.05)
    (0.5 0.4 0.05)
    (0 0.45 0.05)
    (0.05 0.45 0.05)
    (0.1 0.45 0.05)
    (0.15 0.45 0.05)
    (0.2 0.45 0.05)
    (0.25 0.45 0.05)
    (0.3 0.45 0.05)
    (0.35 0.45 0.05)
    (0.4 0.45 0.05)
    (0.45 0.45 0.05)
    (0.5 0.45 0.05)
    (0 0.5 0.05)
    (0.05 0.5 0.05)
    (0.1 0.5 0.05)
    (0.15 0.5 0.05)
    (0.2 0.5 0.05)
    (0.25 0.5 0.05)
    (0.3 0.5 0.05)
    (0.35 0.5 0.05)
    (0.4 0.5 0.05)
    (0.45 0.5 0.05)
    (0.5 0.5 0.05)
    (0 0 0.1)
    (0.05 0 0.1)
    (0.1 0 0.1)
    (0.15 0 0.1)
    (0.2 0 0.1)
    (0.25 0 0.1)
    (0.3 0 0.1)
    (0.35 0 0.1)
    (0.4 0 0.1)
    (0.45 0 0.1)
    (0.5 0 0.1)
    (0 0.05 0.1)
    (0.05 0.05 0.1)
    (0.1 0.05 0.1)
    (0.15 0.05 0.1)
    (0.2 0.05 0.1)
    (0.25 0.05 0.1)
    (0.3 0.05 0.1)
    (0.35 0.05 0.1)
    (0.4 0.05 0.1)
    (0.45 0.05 0.1)
    (0.5 0.05 0.1)
    (0 0.1 0.1)
    (0.05 0.1 0.1)
    (0.1 0.1 0.1)
    (0.15 0.1 0.1)
    (0.2 0.1 0.1)
    (0.25 0.1 0.1)
    (0.3 0.1 0.1)
    (0.35 0.1 0.1)
    (0.4 0.1 0.1)
    (0.45 0.1 0.1)
    (0.5 0.1 0.1)
    (0 0.15 0.1)
    (0.05 0.15 0.1)
    (0.1 0.15 0.1)
    (0.15 0.15 0.1)
    (0.2 0.15 0.1)
    (0.25 0.15 0.1)
    (0.3 0.15 0.1)
    (0.35 0.15 0.1)
    (0.4 0.15 0.1)
    (0.45 0.15 0.1)
    (0.5 0.15 0.1)
    (0 0.2 0.1)
    (0.05 0.2 0.1)
    (0.1 0.2 0.1)
    (0.15 0.2 0.1)
    (0.2 0.2 0.1)
    (0.25 0.2 0.1)
    (0.3 0.2 0.1)
    (0.35 0.2 0.1)
    (0.4 0.2 0.1)
    (0.45 0.2 0.1)
    (0.5 0.2 0.1)
    (0 0.25 0.1)
    (0.05 0.25 0.1)
    (0.1 0.25 0.1)
    (0.15 0.25 0.1)
    (0.2 0.25 0.1)
    (0.25 0.25 0.1)
    (0.3 0.25 0.1)
    (0.35 0.25 0.1)
    (0.4 0.25 0.1)
    (0.45 0.25 0.1)
    (0.5 0.25 0.1)
    (0 0.3 0.1)
    (0.05 0.3 0.1)
    (0.1 0.3 0.1)
    (0.15 0.3 0.1)
    (0.2 0.3 0.1)
    (0.25 0.3 0.1)
    (0.3 0.3 0.1)
    (0.35 0.3 0.1)
    (0.4 0.3 0.1)
    (0.45 0.3 0.1)
    (0.5 0.3 0.1)
    (0 0.35 0.1)
    (0.05 0.35 0.1)
    (0.1 0.35 0.1)
    (0.15 0.35 0.1)
    (0.2 0.35 0.1)
    (0.25 0.35 0.1)
    (0.3 0.35 0.1)
    (0.35 0.35 0.1)
    (0.4 0.35 0.1)
    (0.45 0.35 0.1)
    (0.5 0.35 0.1)
    (0 0.4 0.1)
    (0.05 0.4 0.1)
    (0.1 0.4 0.1)
    (0.15 0.4 0.1)
    (0.2 0.4 0.1)
    (0.25 0.4 0.1)
    (0.3 0.4 0.1)
    (0.35 0.4 0.1)
    (0.4 0.4 0.1)
    (0.45 0.4 0.1)
    (0.5 0.4 0.1)
    (0 0.45 0.1)
    (0.05 0.45 0.1)
    (0.1 0.45 0.1)
    (0.15 0.45 0.1)
    (0.2 0.45 0.1)
    (0.25 0.45 0.1)
    (0.3 0.45 0.1)
    (0.35 0.45 0.1)
    (0.4 0.45 0.1)
    (0.45 0.45 0.1)
    (0.5 0.45 0.1)
    (0 0.5 0.1)
    (0.05 0.5 0.1)
    (0.1 0.5 0.1)
    (0.15 0.5 0.1)
    (0.2 0.5 0.1)
    (0.25 0.5 0.1)
    (0.3 0.5 0.1)
    (0.35 0.5 0.1)
    (0.4 0.5 0.1)
    (0.45 0.5 0.1)
    (0.5 0.5 0.1)
    (0 0 0.15)
    (0.05 0 0.15)
    (0.1 0 0.15)
    (0.15 0 0.15)
    (0.2 0 0.15)
    (0.25 0 0.15)
    (0.3 0 0.15)
    (0.35 0 0.15)
    (0.4 0 0.15)
    (0.45 0 0.15)
    (0.5 0 0.15)
    (0 0.05 0.15)
    (0.05 0.05 0.15)
    (0.1 0.05 0.15)
    (0.15 0.05 0.15)
    (0.2 0.05 0.15)
    (0.25 0.05 0.15)
    (0.3 0.05 0.15)
    (0.35 0.05 0.15)
    (0.4 0.05 0.15)
    (0.45 0.05 0.15)
    (0.5 0.05 0.15)
    (0 0.1 0.15)
    (0.05 0.1 0.15)
    (0.1 0.1 0.15)
    (0.15 0.1 0.15)
    (0.2 0.1 0.15)
    (0.25 0.1 0.15)
    (0.3 0.1 0.15)
    (0.35 0.1 0.15)
    (0.4 0.1 0.15)
    (0.45 0.1 0.15)
    (0.5 0.1 0.15)
    (0 0.15 0.15)
    (0.05 0.15 0.15)
    (0.1 0.15 0.15)
    (0.15 0.15 0.15)
    (0.2 0.15 0.15)
    (0.25 0.15 0.15)
    (0.3 0.15 0.15)
    (0.35 0.15 0.15)
    (0.4 0.15 0.15)
    (0.45 0.15 0.15)
    (0.5 0.15 0.15)
    (0 0.2 0.15)
    (0.05 0.2 0.15)
    (0.1 0.2 0.15)
    (0.15 0.2 0.15)
    (0.2 0.2 0.15)
    (0.25 0.2 0.15)
    (0.3 0.2 0.15)
    (0.35 0.2 0.15)
    (0.4 0.2 0.15)
    (0.45 0.2 0.15)
    (0.5 0.2 0.15)
    (0 0.25 0.15)
    (0.05 0.25 0.15)
    (0.1 0.25 0.15)
    (0.15 0.25 0.15)
    (0.2 0.25 0.15)
    (0.25 0.25 0.15)
    (0.3 0.25 0.15)
    (0.35 0.25 0.15)
    (0.4 0.25 0.15)
    (0.45 0.25 0.15)
    (0.5 0.25 0.15)
    (0 0.3 0.15)
    (0.05 0.3 0.15)
    (0.1 0.3 0.15)
    (0.15 0.3 0.15)
    (0.2 0.3 0.15)
    (0.25 0.3 0.15)
    (0.3 0.3 0.15)
    (0.35 0.3 0.15)
    (0.4 0.3 0.15)
    (0.45 0.3 0.15)
    (0.5 0.3 0.15)
    (0 0.35 0.15)
    (0.05 0.35 0.15)
    (0.1 0.35 0.15)
    (0.15 0.35 0.15)
    (0.2 0.35 0.15)
    (0.25 0.35 0.15)
    (0.3 0.35 0.15)
    (0.35 0.35 0.15)
    (0.4 0.35 0.15)
    (0.45 0.35 0.15)
    (0.5 0.35 0.15)
    (0 0.4 0.15)
    (0.05 0.4 0.15)
    (0.1 0.4 0.15)
    (0.15 0.4 0.15)
    (0.2 0.4 0.15)
    (0.25 0.4 0.15)
    (0.3 0.4 0.15)
    (0.35 0.4 0.15)
    (0.4 0.4 0.15)
    (0.45 0.4 0.15)
    (0.5 0.4 0.15)
    (0 0.45 0.15)
    (0.05 0.45 0.15)
    (0.1 0.45 0.15)
    (0.15 0.45 0.15)
    (0.2 0.45 0.15)
    (0.25 0.45 0.15)
    (0.3 0.45 0.15)
    (0.35 0.45 0.15)
    (0.4 0.45 0.15)
    (0.45 0.45 0.15)
    (0.5 0.45 0.15)
    (0 0.5 0.15)
    (0.05 0.5 0.15)
    (0.1 0.5 0.15)
    (0.15 0.5 0.15)
    (0.2 0.5 0.15)
    (0.25 0.5 0.15)
    (0.3 0.5 0.15)
    (0.35 0.5 0.15)
    (0.4 0.5 0.15)
    (0.45 0.5 0.15)
    (0.5 0.5 0.15)
    (0 0 0.2)
    (0.05 0 0.2)
    (0.1 0 0.2)
    (0.15 0 0.2)
    (0.2 0 0.2)
    (0.25 0 0.2)
    (0.3 0 0.2)
    (0.35 0 0.2)
    (0.4 0 0.2)
    (0.45 0 0.2)
    (0.5 0 0.2)
    (0 0.05 0.2)
    (0.05 0.05 0.2)
    (0.1 0.05 0.2)
    (0.15 0.05 0.2)
    (0.2 0.05 0.2)
    (0.25 0.05 0.2)
    (0.3 0.05 0.2)
    (0.35 0.05 0.2)
    (0.4 0.05 0.2)
    (0.45 0.05 0.2)
    (0.5 0.05 0.2)
    (0 0.1 0.2)
    (0.05 0.1 0.2)
    (0.1 0.1 0.2)
    (0.15 0.1 0.2)
    (0.2 0.1 0.2)
    (0.25 0.1 0.2)
    (0.3 0.1 0.2)
    (0.35 0.1 0.2)
    (0.4 0.1 0.2)
    (0.45 0.1 0.2)
    (0.5 0.1 0.2)
    (0 0.15 0.2)
    (0.05 0.15 0.2)
    (0.1 0.15 0.2)
    (0.15 0.15 0.2)
    (0.2 0.15 0.2)
    (0.25 0.15 0.2)
    (0.3 0.15 0.2)
    (0.35 0.15 0.2)
    (0.4 0.15 0.2)
    (0.45 0.15 0.2)
    (0.5 0.15 0.2)
    (0 0.2 0.2)
    (0.05 0.2 0.2)
    (0.1 0.2 0.2)
    (0.15 0.2 0.2)
    (0.2 0.2 0.2)
    (0.25 0.2 0.2)
    (0.3 0.2 0.2)
    (0.35 0.2 0.2)
    (0.4 0.2 0.2)
    (0.45 0.2 0.2)
    (0.5 0.2 0.2)
    (0 0.25 0.2)
    (0.05 0.25 0.2)
    (0.1 0.25 0.2)
    (0.15 0.25 0.2)
    (0.2 0.25 0.2)
    (0.25 0.25 0.2)
    (0.3 0.25 0.2)
    (0.35 0.25 0.2)
    (0.4 0.25 0.2)
    (0.45 0.25 0.2)
    (0.5 0.25 0.2)
    (0 0.3 0.2)
    (0.05 0.3 0.2)
    (0.1 0.3 0.2)
    (0.15 0.3 0.2)
    (0.2 0.3 0.2)
    (0.25 0.3 0.2)
    (0.3 0.3 0.2)
    (0.35 0.3 0.2)
    (0.4 0.3 0.2)
    (0.45 0.3 0.2)
    (0.5 0.3 0.2)
    (0 0.35 0.2)
    (0.05 0.35 0.2)
    (0.1 0.35 0.2)
    (0.15 0.35 0.2)
    (0.2 0.35 0.2)
    (0.25 0.35 0.2)
    (0.3 0.35 0.2)
    (0.35 0.35 0.2)
    (0.4 0.35 0.2)
    (0.45 0.35 0.2)
    (0.5 0.35 0.2)
    (0 0.4 0.2)
    (0.05 0.4 0.2)
    (0.1 0.4 0.2)
    (0.15 0.4 0.2)
    (0.2 0.4 0.2)
    (0.25 0.4 0.2)
    (0.3 0.4 0.2)
    (0.35 0.4 0.2)
    (0.4 0.4 0.2)
    (0.45 0.4 0.2)
    (0.5 0.4 0.2)
    (0 0.45 0.2)
    (0.05 0.45 0.2)
    (0.1 0.45 0.2)
    (0.15 0.45 0.2)
    (0.2 0.45 0.2)
    (0.25 0.45 0.2)
    (0.3 0.45 0.2)
    (0.35 0.45 0.2)
    (0.4 0.45 0.2)
    (0.45 0.45 0.2)
    (0.5 0.45 0.2)
    (0 0.5 0.2)
    (0.05 0.5 0.2)
    (0.1 0.5 0.2)
    (0.15 0.5 0.2)
    (0.2 0.5 0.2)
    (0.25 0.5 0.2)
    (0.3 0.5 0.2)
    (0.35 0.5 0.2)
    (0.4 0.5 0.2)
    (0.45 0.5 0.2)
    (0.5 0.5 0.2)
    (0 0 0.25)
    (0.05 0 0.25)
    (0.1 0 0.25)
    (0.15 0 0.25)
    (0.2 0 0.25)
    (0.25 0 0.25)
    (0.3 0 0.25)
    (0.35 0 0.25)
    (0.4 0 0.25)
    (0.45 0 0.25)
    (0.5 0 0.25)
    (0 0.05 0.25)
    (0.05 0.05 0.25)
    (0.1 0.05 0.25)
    (0.15 0.05 0.25)
    (0.2 0.05 0.25)
    (0.25 0.05 0.25)
    (0.3 0.05 0.25)
    (0.35 0.05 0.25)
    (0.4 0.05 0.25)
    (0.45 0.05 0.25)
    (0.5 0.05 0.25)
    (0 0.1 0.25)
    (0.05 0.1 0.25)
    (0.1 0.1 0.25)
    (0.15 0.1 0.25)
    (0.2 0.1 0.25)
    (0.25 0.1 0.25)
    (0.3 0.1 0.25)
    (0.35 0.1 0.25)
    (0.4 0.1 0.25)
    (0.45 0.1 0.25)
    (0.5 0.1 0.25)
    (0 0.15 0.25)
    (0.05 0.15 0.25)
    (0.1 0.15 0.25)
    (0.15 0.15 0.25)
    (0.2 0.15 0.25)
    (0.25 0.15 0.25)
    (0.3 0.15 0.25)
    (0.35 0.15 0.25)
    (0.4 0.15 0.25)
    (0.45 0.15 0.25)
    (0.5 0.15 0.25)
    (0 0.2 0.25)
    (0.05 0.2 0.25)
    (0.1 0.2 0.25)
    (0.15 0.2 0.25)
    (0.2 0.2 0.25)
    (0.25 0.2 0.25)
    (0.3 0.2 0.25)
    (0.35 0.2 0.25)
    (0.4 0.2 0.25)
    (0.45 0.2 0.25)
    (0.5 0.2 0.25)
    (0 0.25 0.25)
    (0.05 0.25 0.25)
    (0.1 0.25 0.25)
    (0.15 0.25 0.25)
    (0.2 0.25 0.25)
    (0.25 0.25 0.25)
    (0.3 0.25 0.25)
    (0.35 0.25 0.25)
    (0.4 0.25 0.25)
    (0.45 0.25 0.25)
    (0.5 0.25 0.25)
    (0 0.3 0.25)
    (0.05 0.3 0.25)
    (0.1 0.3 0.25)
    (0.15 0.3 0.25)
    (0.2 0.3 0.25)
    (0.25 0.3 0.25)
    (0.3 0.3 0.25)
    (0.35 0.3 0.25)
    (0.4 0.3 0.25)
    (0.45 0.3 0.25)
    (0.5 0.3 0.25)
    (0 0.35 0.25)
    (0.05 0.35 0.25)
    (0.1 0.35 0.25)
    (0.15 0.35 0.25)
    (0.2 0.35 0.25)
    (0.25 0.35 0.25)
    (0.3 0.35 0.25)
    (0.35 0.35 0.25)
    (0.4 0.35 0.25)
    (0.45 0.35 0.25)
    (0.5 0.35 0.25)
    (0 0.4 0.25)
    (0.05 0.4 0.25)
    (0.1 0.4 0.25)
    (0.15 0.4 0.25)
    (0.2 0.4 0.25)
    (0.25 0.4 0.25)
    (0.3 0.4 0.25)
    (0.35 0.4 0.25)
    (0.4 0.4 0.25)
    (0.45 0.4 0.25)
    (0.5 0.4 0.25)
    (0 0.45 0.25)
    (0.05 0.45 0.25)
    (0.1 0.45 0.25)
    (0.15 0.45 0.25)
    (0.2 0.45 0.25)
    (0.25 0.45 0.25)
    (0.3 0.45 0.25)
    (0.35 0.45 0.25)
    (0.4 0.45 0.25)
    (0.45 0.45 0.25)
    (0.5 0.45 0.25)
    (0 0.5 0.25)
    (0.05 0.5 0.25)
    (0.1 0.5 0.25)
    (0.15 0.5 0.25)
    (0.2 0.5 0.25)
    (0.25 0.5 0.25)
    (0.3 0.5 0.25)
    (0.35 0.5 0.25)
    (0.4 0.5 0.25)
    (0.45 0.5 0.25)
    (0.5 0.5 0.25)
    (0 0 0.3)
    (0.05 0 0.3)
    (0.1 0 0.3)
    (0.15 0 0.3)
    (0.2 0 0.3)
    (0.25 0 0.3)
    (0.3 0 0.3)
    (0.35 0 0.3)
    (0.4 0 0.3)
    (0.45 0 0.3)
    (0.5 0 0.3)
    (0 0.05 0.3)
    (0.05 0.05 0.3)
    (0.1 0.05 0.3)
    (0.15 0.05 0.3)
    (0.2 0.05 0.3)
    (0.25 0.05 0.3)
    (0.3 0.05 0.3)
    (0.35 0.05 0.3)
    (0.4 0.05 0.3)
    (0.45 0.05 0.3)
    (0.5 0.05 0.3)
    (0 0.1 0.3)
    (0.05 0.1 0.3)
    (0.1 0.1 0.3)
    (0.15 0.1 0.3)
    (0.2 0.1 0.3)
    (0.25 0.1 0.3)
    (0.3 0.1 0.3)
    (0.35 0.1 0.3)
    (0.4 0.1 0.3)
    (0.45 0.1 0.3)
    (0.5 0.1 0.3)
    (0 0.15 0.3)
    (0.05 0.15 0.3)
    (0.1 0.15 0.3)
    (0.15 0.15 0.3)
    (0.2 0.15 0.3)
    (0.25 0.15 0.3)
    (0.3 0.15 0.3)
    (0.35 0.15 0.3)
    (0.4 0.15 0.3)
    (0.45 0.15 0.3)
    (0.5 0.15 0.3)
    (0 0.2 0.3)
    (0.05 0.2 0.3)
    (0.1 0.2 0.3)
    (0.15 0.2 0.3)
    (0.2 0.2 0.3)
    (0.25 0.2 0.3)
    (0.3 0.2 0.3)
    (0.35 0.2 0.3)
    (0.4 0.2 0.3)
    (0.45 0.2 0.3)
    (0.5 0.2 0.3)
    (0 0.25 0.3)
    (0.05 0.25 0.3)
    (0.1 0.25 0.3)
    (0.15 0.25 0.3)
    (0.2 0.25 0.3)
    (0.25 0.25 0.3)
    (0.3 0.25 0.3)
    (0.35 0.25 0.3)
    (0.4 0.25 0.3)
    (0.45 0.25 0.3)
    (0.5 0.25 0.3)
    (0 0.3 0.3)
    (0.05 0.3 0.3)
    (0.1 0.3 0.3)
    (0.15 0.3 0.3)
    (0.2 0.3 0.3)
    (0.25 0.3 0.3)
    (0.3 0.3 0.3)
    (0.35 0.3 0.3)
    (0.4 0.3 0.3)
    (0.45 0.3 0.3)
    (0.5 0.3 0.3)
    (0 0.35 0.3)
    (0.05 0.35 0.3)
    (0.1 0.35 0.3)
    (0.15 0.35 0.3)
    (0.2 0.35 0.3)
    (0.25 0.35 0.3)
    (0.3 0.35 0.3)
    (0.35 0.35 0.3)
    (0.4 0.35 0.3)
    (0.45 0.35 0.3)
    (0.5 0.35 0.3)
    (0 0.4 0.3)
    (0.05 0.4 0.3)
    (0.1 0.4 0.3)
    (0.15 0.4 0.3)
    (0.2 0.4 0.3)
    (0.25 0.4 0.3)
    (0.3 0.4 0.3)
    (0.35 0.4 0.3)
    (0.4 0.4 0.3)
    (0.45 0.4 0.3)
    (0.5 0.4 0.3)
    (0 0.45 0.3)
    (0.05 0.45 0.3)
    (0.1 0.45 0.3)
    (0.15 0.45 0.3)
    (0.2 0.45 0.3)
    (0.25 0.45 0.3)
    (0.3 0.45 0.3)
    (0.35 0.45 0.3)
    (0.4 0.45 0.3)
    (0.45 0.45 0.3)
    (0.5 0.45 0.3)
    (0 0.5 0.3)
    (0.05 0.5 0.3)
    (0.1 0.5 0.3)
    (0.15 0.5 0.3)
    (0.2 0.5 0.3)
    (0.25 0.5 0.3)
    (0.3 0.5 0.3)
    (0.35 0.5 0.3)
    (0.4 0.5 0.3)
    (0.45 0.5 0.3)
    (0.5 0.5 0.3)
    (0 0 0.35)
    (0.05 0 0.35)
    (0.1 0 0.35)
    (0.15 0 0.35)
    (0.2 0 0.35)
    (0.25 0 0.35)
    (0.3 0 0.35)
    (0.35 0 0.35)
    (0.4 0 0.35)
    (0.45 0 0.35)
    (0.5 0 0.35)
    (0 0.05 0.35)
    (0.05 0.05 0.35)
    (0.1 0.05 0.35)
    (0.15 0.05 0.35)
    (0.2 0.05 0.35)
    (0.25 0.05 0.35)
    (0.3 0.05 0.35)
    (0.35 0.05 0.35)
    (0.4 0.05 0.35)
    (0.45 0.05 0.35)
    (0.5 0.05 0.35)
    (0 0.1 0.35)
    (0.05 0.1 0.35)
    (0.1 0.1 0.35)
    (0.15 0.1 0.35)
    (0.2 0.1 0.35)
    (0.25 0.1 0.35)
    (0.3 0.1 0.35)
    (0.35 0.1 0.35)
    (0.4 0.1 0.35)
    (0.45 0.1 0.35)
    (0.5 0.1 0.35)
    (0 0.15 0.35)
    (0.05 0.15 0.35)
    (0.1 0.15 0.35)
    (0.15 0.15 0.35)
    (0.2 0.15 0.35)
    (0.25 0.15 0.35)
    (0.3 0.15 0.35)
    (0.35 0.15 0.35)
    (0.4 0.15 0.35)
    (0.45 0.15 0.35)
    (0.5 0.15 0.35)
    (0 0.2 0.35)
    (0.05 0.2 0.35)
    (0.1 0.2 0.35)
    (0.15 0.2 0.35)
    (0.2 0.2 0.35)
    (0.25 0.2 0.35)
    (0.3 0.2 0.35)
    (0.35 0.2 0.35)
    (0.4 0.2 0.35)
    (0.45 0.2 0.35)
    (0.5 0.2 0.35)
    (0 0.25 0.35)
    (0.05 0.25 0.35)
    (0.1 0.25 0.35)
    (0.15 0.25 0.35)
    (0.2 0.25 0.35)
    (0.25 0.25 0.35)
    (0.3 0.25 0.35)
    (0.35 0.25 0.35)
    (0.4 0.25 0.35)
    (0.45 0.25 0.35)
    (0.5 0.25 0.35)
    (0 0.3 0.35)
    (0.05 0.3 0.35)
    (0.1 0.3 0.35)
    (0.15 0.3 0.35)
    (0.2 0.3 0.35)
    (0.25 0.3 0.35)
    (0.3 0.3 0.35)
    (0.35 0.3 0.35)
    (0.4 0.3 0.35)
    (0.45 0.3 0.35)
    (0.5 0.3 0.35)
    (0 0.35 0.35)
    (0.05 0.35 0.35)
    (0.1 0.35 0.35)
    (0.15 0.35 0.35)
    (0.2 0.35 0.35)
    (0.25 0.35 0.35)
    (0.3 0.35 0.35)
    (0.35 0.35 0.35)
    (0.4 0.35 0.35)
    (0.45 0.35 0.35)
    (0.5 0.35 0.35)
    (0 0.4 0.35)
    (0.05 0.4 0.35)
    (0.1 0.4 0.35)
    (0.15 0.4 0.35)
    (0.2 0.4 0.35)
    (0.25 0.4 0.35)
    (0.3 0.4 0.35)
    (0.35 0.4 0.35)
    (0.4 0.4 0.35)
    (0.45 0.4 0.35)
    (0.5 0.4 0.35)
    (0 0.45 0.35)
    (0.05 0.45 0.35)
    (0.1 0.45 0.35)
    (0.15 0.45 0.35)
    (0.2 0.45 0.35)
    (0.25 0.45 0.35)
    (0.3 0.45 0.35)
    (0.35 0.45 0.35)
    (0.4 0.45 0.35)
    (0.45 0.45 0.35)
    (0.5 0.45 0.35)
    (0 0.5 0.35)
    (0.05 0.5 0.35)
    (0.1 0.5 0.35)
    (0.15 0.5 0.35)
    (0.2 0.5 0.35)
    (0.25 0.5 0.35)
    (0.3 0.5 0.35)
    (0.35 0.5 0.35)
    (0.4 0.5 0.35)
    (0.45 0.5 0.35)
    (0.5 0.5 0.35)
    (0 0 0.4)
    (0.05 0 0.4)
    (0.1 0 0.4)
    (0.15 0 0.4)
    (0.2 0 0.4)
    (0.25 0 0.4)
    (0.3 0 0.4)
    (0.35 0 0.4)
    (0.4 0 0.4)
    (0.45 0 0.4)
    (0.5 0 0.4)
    (0 0.05 0.4)
    (0.05 0.05 0.4)
    (0.1 0.05 0.4)
    (0.15 0.05 0.4)
    (0.2 0.05 0.4)
    (0.25 0.05 0.4)
    (0.3 0.05 0.4)
    (0.35 0.05 0.4)
    (0.4 0.05 0.4)
    (0.45 0.05 0.4)
    (0.5 0.05 0.4)
    (0 0.1 0.4)
    (0.05 0.1 0.4)
    (0.1 0.1 0.4)
    (0.15 0.1 0.4)
    (0.2 0.1 0.4)
    (0.25 0.1 0.4)
    (0.3 0.1 0.4)
    (0.35 0.1 0.4)
    (0.4 0.1 0.4)
    (0.45 0.1 0.4)
    (0.5 0.1 0.4)
    (0 0.15 0.4)
    (0.05 0.15 0.4)
    (0.1 0.15 0.4)
    (0.15 0.15 0.4)
    (0.2 0.15 0.4)
    (0.25 0.15 0.4)
    (0.3 0.15 0.4)
    (0.35 0.15 0.4)
    (0.4 0.15 0.4)
    (0.45 0.15 0.4)
    (0.5 0.15 0.4)
    (0 0.2 0.4)
    (0.05 0.2 0.4)
    (0.1 0.2 0.4)
    (0.15 0.2 0.4)
    (0.2 0.2 0.4)
    (0.25 0.2 0.4)
    (0.3 0.2 0.4)
    (0.35 0.2 0.4)
    (0.4 0.2 0.4)
    (0.45 0.2 0.4)
    (0.5 0.2 0.4)
    (0 0.25 0.4)
    (0.05 0.25 0.4)
    (0.1 0.25 0.4)
    (0.15 0.25 0.4)
    (0.2 0.25 0.4)
    (0.25 0.25 0.4)
    (0.3 0.25 0.4)
    (0.35 0.25 0.4)
    (0.4 0.25 0.4)
    (0.45 0.25 0.4)
    (0.5 0.25 0.4)
    (0 0.3 0.4)
    (0.05 0.3 0.4)
    (0.1 0.3 0.4)
    (0.15 0.3 0.4)
    (0.2 0.3 0.4)
    (0.25 0.3 0.4)
    (0.3 0.3 0.4)
    (0.35 0.3 0.4)
    (0.4 0.3 0.4)
    (0.45 0.3 0.4)
    (0.5 0.3 0.4)
    (0 0.35 0.4)
    (0.05 0.35 0.4)
    (0.1 0.35 0.4)
    (0.15 0.35 0.4)
    (0.2 0.35 0.4)
    (0.25 0.35 0.4)
    (0.3 0.35 0.4)
    (0.35 0.35 0.4)
    (0.4 0.35 0.4)
    (0.45 0.35 0.4)
    (0.5 0.35 0.4)
    (0 0.4 0.4)
    (0.05 0.4 0.4)
    (0.1 0.4 0.4)
    (0.15 0.4 0.4)
    (0.2 0.4 0.4)
    (0.25 0.4 0.4)
    (0.3 0.4 0.4)
    (0.35 0.4 0.4)
    (0.4 0.4 0.4)
    (0.45 0.4 0.4)
    (0.5 0.4 0.4)
    (0 0.45 0.4)
    (0.05 0.45 0.4)
    (0.1 0.45 0.4)
    (0.15 0.45 0.4)
    (0.2 0.45 0.4)
    (0.25 0.45 0.4)
    (0.3 0.45 0.4)
    (0.35 0.45 0.4)
    (0.4 0.45 0.4)
    (0.45 0.45 0.4)
    (0.5 0.45 0.4)
    (0 0.5 0.4)
    (0.05 0.5 0.4)
    (0.1 0.5 0.4)
    (0.15 0.5 0.4)
    (0.2 0.5 0.4)
    (0.25 0.5 0.4)
    (0.3 0.5 0.4)
    (0.35 0.5 0.4)
    (0.4 0.5 0.4)
    (0.45 0.5 0.4)
    (0.5 0.5 0.4)
    (0 0 0.45)
    (0.05 0 0.45)
    (0.1 0 0.45)
    (0.15 0 0.45)
    (0.2 0 0.45)
    (0.25 0 0.45)
    (0.3 0 0.45)
    (0.35 0 0.45)
    (0.4 0 0.45)
    (0.45 0 0.45)
    (0.5 0 0.45)
    (0 0.05 0.45)
    (0.05 0.05 0.45)
    (0.1 0.05 0.45)
    (0.15 0.05 0.45)
    (0.2 0.05 0.45)
    (0.25 0.05 0.45)
    (0.3 0.05 0.45)
    (0.35 0.05 0.45)
    (0.4 0.05 0.45)
    (0.45 0.05 0.45)
    (0.5 0.05 0.45)
    (0 0.1 0.45)
    (0.05 0.1 0.45)
    (0.1 0.1 0.45)
    (0.15 0.1 0.45)
    (0.2 0.1 0.45)
    (0.25 0.1 0.45)
    (0.3 0.1 0.45)
    (0.35 0.1 0.45)
    (0.4 0.1 0.45)
    (0.45 0.1 0.45)
    (0.5 0.1 0.45)
    (0 0.15 0.45)
    (0.05 0.15 0.45)
    (0.1 0.15 0.45)
    (0.15 0.15 0.45)
    (0.2 0.15 0.45)
    (0.25 0.15 0.45)
    (0.3 0.15 0.45)
    (0.35 0.15 0.45)
    (0.4 0.15 0.45)
    (0.45 0.15 0.45)
    (0.5 0.15 0.45)
    (0 0.2 0.45)
    (0.05 0.2 0.45)
    (0.1 0.2 0.45)
    (0.15 0.2 0.45)
    (0.2 0.2 0.45)
    (0.25 0.2 0.45)
    (0.3 0.2 0.45)
    (0.35 0.2 0.45)
    (0.4 0.2 0.45)
    (0.45 0.2 0.45)
    (0.5 0.2 0.45)
    (0 0.25 0.45)
    (0.05 0.25 0.45)
    (0.1 0.25 0.45)
    (0.15 0.25 0.45)
    (0.2 0.25 0.45)
    (0.25 0.25 0.45)
    (0.3 0.25 0.45)
    (0.35 0.25 0.45)
    (0.4 0.25 0.45)
    (0.45 0.25 0.45)
    (0.5 0.25 0.45)
    (0 0.3 0.45)
    (0.05 0.3 0.45)
    (0.1 0.3 0.45)
    (0.15 0.3 0.45)
    (0.2 0.3 0.45)
    (0.25 0.3 0.45)
    (0.3 0.3 0.45)
    (0.35 0.3 0.45)
    (0.4 0.3 0.45)
    (0.45 0.3 0.45)
    (0.5 0.3 0.45)
    (0 0.35 0.45)
    (0.05 0.35 0.45)
    (0.1 0.35 0.45)
    (0.15 0.35 0.45)
    (0.2 0.35 0.45)
    (0.25 0.35 0.45)
    (0.3 0.35 0.45)
    (0.35 0.35 0.45)
    (0.4 0.35 0.45)
    (0.45 0.35 0.45)
    (0.5 0.35 0.45)
    (0 0.4 0.45)
    (0.05 0.4 0.45)
    (0.1 0.4 0.45)
    (0.15 0.4 0.45)
    (0.2 0.4 0.45)
    (0.25 0.4 0.45)
    (0.3 0.4 0.45)
    (0.35 0.4 0.45)
    (0.4 0.4 0.45)
    (0.45 0.4 0.45)
    (0.5 0.4 0.45)
    (0 0.45 0.45)
    (0.05 0.45 0.45)
    (0.1 0.45 0.45)
    (0.15 0.45 0.45)
    (0.2 0.45 0.45)
    (0.25 0.45 0.45)
    (0.3 0.45 0.45)
    (0.35 0.45 0.45)
    (0.4 0.45 0.45)
    (0.45 0.45 0.45)
    (0.5 0.45 0.45)
    (0 0.5 0.45)
    (0.05 0.5 0.45)
    (0.1 0.5 0.45)
    (0.15 0.5 0.45)
    (0.2 0.5 0.45)
    (0.25 0.5 0.45)
    (0.3 0.5 0.45)
    (0.35 0.5 0.45)
    (0.4 0.5 0.45)
    (0.45 0.5 0.45)
    (0.5 0.5 0.45)
    (0 0 0.5)
    (0.05 0 0.5)
    (0.1 0 0.5)
    (0.15 0 0.5)
    (0.2 0 0.5)
    (0.25 0 0.5)
    (0.3 0 0.5)
    (0.35 0 0.5)
    (0.4 0 0.5)
    (0.45 0 0.5)
    (0.5 0 0.5)
    (0 0.05 0.5)
    (0.05 0.05 0.5)
    (0.1 0.05 0.5)
    (0.15 0.05 0.5)
    (0.2 0.05 0.5)
    (0.25 0.05 0.5)
    (0.3 0.05 0.5)
    (0.35 0.05 0.5)
    (0.4 0.05 0.5)
    (0.45 0.05 0.5)
    (0.5 0.05 0.5)
    (0 0.1 0.5)
    (0.05 0.1 0.5)
    (0.1 0.1 0.5)
    (0.15 0.1 0.5)
    (0.2 0.1 0.5)
    (0.25 0.1 0.5)
    (0.3 0.1 0.5)
    (0.35 0.1 0.5)
    (0.4 0.1 0.5)
    (0.45 0.1 0.5)
    (0.5 0.1 0.5)
    (0 0.15 0.5)
    (0.05 0.15 0.5)
    (0.1 0.15 0.5)
    (0.15 0.15 0.5)
    (0.2 0.15 0.5)
    (0.25 0.15 0.5)
    (0.3 0.15 0.5)
    (0.35 0.15 0.5)
    (0.4 0.15 0.5)
    (0.45 0.15 0.5)
    (0.5 0.15 0.5)
    (0 0.2 0.5)
    (0.05 0.2 0.5)
    (0.1 0.2 0.5)
    (0.15 0.2 0.5)
    (0.2 0.2 0.5)
    (0.25 0.2 0.5)
    (0.3 0.2 0.5)
    (0.35 0.2 0.5)
    (0.4 0.2 0.5)
    (0.45 0.2 0.5)
    (0.5 0.2 0.5)
    (0 0.25 0.5)
    (0.05 0.25 0.5)
    (0.1 0.25 0.5)
    (0.15 0.25 0.5)
    (0.2 0.25 0.5)
    (0.25 0.25 0.5)
    (0.3 0.25 0.5)
    (0.35 0.25 0.5)
    (0.4 0.25 0.5)
    (0.45 0.25 0.5)
    (0.5 0.25 0.5)
    (0 0.3 0.5)
    (0.05 0.3 0.5)
    (0.1 0.3 0.5)
    (0.15 0.3 0.5)
    (0.2 0.3 0.5)
    (0.25 0.3 0.5)
    (0.3 0.3 0.5)
    (0.35 0.3 0.5)
    (0.4 0.3 0.5)
    (0.45 0.3 0.5)
    (0.5 0.3 0.5)
    (0 0.35 0.5)
    (0.05 0.35 0.5)
    (0.1 0.35 0.5)
    (0.15 0.35 0.5)
    (0.2 0.35 0.5)
    (0.25 0.35 0.5)
    (0.3 0.35 0.5)
    (0.35 0.35 0.5)
    (0.4 0.35 0.5)
    (0.45 0.35 0.5)
    (0.5 0.35 0.5)
    (0 0.4 0.5)
    (0.05 0.4 0.5)
    (0.1 0.4 0.5)
    (0.15 0.4 0.5)
    (0.2 0.4 0.5)
    (0.25 0.4 0.5)
    (0.3 0.4 0.5)
    (0.35 0.4 0.5)
    (0.4 0.4 0.5)
    (0.45 0.4 0.5)
    (0.5 0.4 0.5)
    (0 0.45 0.5)
    (0.05 0.45 0.5)
    (0.1 0.45 0.5)
    (0.15 0.45 0.5)
    (0.2 0.45 0.5)
    (0.25 0.45 0.5)
    (0.3 0.45 0.5)
    (0.35 0.45 0.5)
    (0.4 0.45 0.5)
    (0.45 0.45 0.5)
    (0.5 0.45 0.5)
    (0 0.5 0.5)
    (0.05 0.5 0.5)
    (0.1 0.5 0.5)
    (0.15 0.5 0.5)
    (0.2 0.5 0.5)
    (0.25 0.5 0.5)
    (0.3 0.5 0.5)
    (0.35 0.5 0.5)
    (0.4 0.5 0.5)
    (0.45 0.5 0.5)
    (0.5 0.5 0.5)
)


// ************************************************************************* //
