/*--------------------------------*- C++ -*----------------------------------*\
| =========                 |                                                 |
| \\      /  F ield         | OpenFOAM: The Open Source CFD Toolbox           |
|  \\    /   O peration     | Version:  2.3.1                                 |
|   \\  /    A nd           | Web:      www.OpenFOAM.org                      |
|    \\/     M anipulation  |                                                 |
\*---------------------------------------------------------------------------*/
FoamFile
{
    version     2.0;
    format      ascii;
    class       faceSet;
    location    "constant/polyMesh/sets";
    object      wrongFaces;
}
// * * * * * * * * * * * * * * * * * * * * * * * * * * * * * * * * * * * * * //


6036
(
49152 
49153 
49154 
49157 
49158 
49159 
40968 
40969 
49162 
40970 
49163 
49164 
49165 
49166 
49167 
40976 
40977 
40978 
40979 
40991 
8224 
40993 
40997 
41005 
46 
41006 
48 
49 
8242 
50 
68 
69 
70 
71 
49224 
72 
49225 
73 
49226 
74 
49227 
75 
49228 
41036 
49229 
41037 
49230 
41038 
49231 
41042 
41043 
41044 
49237 
49238 
49239 
49240 
49241 
49242 
49243 
49244 
49251 
41059 
49252 
41060 
49253 
41061 
49254 
41063 
41064 
49257 
41065 
49258 
49259 
49260 
49283 
49284 
49285 
41093 
49286 
134 
41094 
49287 
41095 
49288 
136 
8329 
137 
138 
49292 
49293 
49294 
41104 
41105 
49298 
8338 
41106 
49299 
49300 
49301 
49302 
49303 
41113 
41114 
41115 
41117 
41118 
159 
41119 
41123 
41124 
41125 
41131 
41132 
41133 
41137 
49330 
41138 
49331 
41139 
49332 
49333 
41141 
49334 
41142 
49335 
41143 
49338 
49339 
41147 
49340 
41149 
41150 
49343 
41151 
49344 
41152 
49345 
41153 
49346 
16578 
41154 
49347 
49348 
41162 
41163 
41164 
41170 
41171 
16596 
41172 
41173 
41174 
41175 
41176 
41182 
41183 
41184 
16610 
16611 
229 
231 
16616 
232 
233 
16624 
16625 
41207 
41216 
257 
41217 
258 
41218 
259 
41219 
260 
16646 
41223 
41224 
41225 
41226 
16658 
41234 
41235 
41236 
41237 
49430 
49431 
41239 
49432 
49433 
49438 
49439 
49440 
49441 
49442 
49443 
49444 
16677 
16678 
16682 
49452 
49453 
49454 
16686 
49455 
16687 
49459 
49460 
49461 
49462 
49463 
41271 
49464 
41272 
49465 
41273 
41274 
41280 
41281 
41282 
41283 
327 
329 
330 
331 
41291 
41292 
41293 
41294 
355 
356 
357 
358 
41323 
41324 
41325 
41326 
41327 
41328 
370 
49526 
49527 
49528 
16763 
41339 
49532 
41340 
49533 
41341 
49534 
41344 
41345 
41346 
41347 
41348 
41349 
41350 
41351 
41352 
16777 
41358 
41359 
41360 
41363 
41364 
41365 
49563 
16795 
49564 
16796 
49565 
41375 
41376 
16801 
41377 
49570 
49571 
41379 
49572 
41380 
41381 
425 
41385 
427 
428 
16813 
429 
16814 
49586 
49587 
49588 
41396 
49589 
41397 
49592 
49593 
41401 
49594 
49595 
49596 
49597 
16829 
49598 
49600 
41408 
49601 
41409 
49602 
49603 
49605 
49606 
16838 
49607 
455 
49608 
49609 
49610 
49611 
16857 
16858 
16862 
41439 
41440 
41441 
41445 
41446 
41447 
16873 
16874 
41462 
41463 
41464 
41466 
41467 
41468 
527 
529 
530 
531 
532 
533 
41493 
534 
41494 
535 
41495 
49692 
49693 
16925 
49694 
41502 
49695 
41503 
41504 
49699 
49700 
49701 
41509 
49702 
41510 
49703 
41511 
49704 
49705 
41514 
555 
41515 
41516 
559 
560 
41520 
49713 
561 
41521 
49714 
562 
41522 
49715 
563 
49716 
564 
565 
49720 
16952 
41528 
49721 
41529 
49722 
41530 
49723 
49724 
49725 
16957 
49726 
41534 
41535 
576 
41536 
41538 
41539 
580 
41540 
581 
582 
583 
584 
585 
586 
16977 
49783 
49784 
41592 
49785 
41593 
41594 
41595 
49789 
49790 
49791 
41599 
640 
41600 
41601 
642 
41602 
643 
41603 
644 
41604 
41605 
41614 
41615 
41616 
17041 
41617 
41618 
41619 
41620 
49816 
49817 
49818 
670 
49823 
49824 
49825 
17068 
49837 
49838 
49839 
49840 
689 
17074 
49843 
49844 
49845 
49846 
694 
49847 
695 
49848 
696 
49849 
49851 
49852 
49853 
49854 
49856 
49857 
49858 
49859 
49860 
49861 
49862 
17097 
747 
749 
750 
751 
752 
753 
8946 
754 
755 
8959 
8969 
779 
780 
8973 
781 
782 
41744 
8977 
41745 
41746 
41747 
49942 
41750 
8983 
41751 
49944 
41752 
49945 
41753 
49946 
41754 
49947 
41755 
49948 
41756 
49949 
41757 
799 
17186 
41762 
49955 
41763 
41764 
49957 
41765 
49958 
41766 
49959 
8999 
41767 
49960 
41768 
49961 
49962 
9004 
41772 
82735 
82737 
82738 
82739 
82744 
82745 
82746 
82747 
49981 
17213 
49982 
49983 
82752 
82754 
82755 
49987 
17219 
82756 
82757 
49989 
82758 
49990 
82759 
49991 
82760 
49992 
49993 
49994 
49996 
49997 
49998 
49999 
50000 
50001 
9041 
50002 
17235 
863 
9056 
865 
866 
867 
9062 
82792 
50024 
82794 
82795 
82796 
50029 
9071 
82801 
82802 
82803 
9075 
82804 
50040 
9080 
82809 
50041 
82810 
50042 
82811 
50043 
82812 
50044 
82813 
50045 
50046 
82815 
50047 
82816 
82817 
50049 
897 
50050 
50051 
50052 
50053 
9093 
901 
50054 
902 
50055 
903 
50056 
904 
905 
9098 
906 
907 
17296 
17297 
17302 
919 
82846 
17310 
82847 
17311 
82848 
82849 
82857 
82859 
82860 
82861 
82862 
82864 
82865 
41905 
82866 
50098 
41906 
82867 
50099 
41907 
82868 
50100 
41908 
82869 
50101 
41909 
82870 
50102 
41910 
50103 
41911 
50104 
41912 
50105 
41913 
50107 
50108 
50109 
50110 
41918 
50111 
50112 
50113 
50114 
41934 
17359 
17360 
17364 
17368 
17369 
41945 
50138 
41946 
50139 
41947 
50140 
41948 
50141 
41949 
50142 
41950 
50143 
41951 
41952 
50145 
41953 
50146 
50147 
995 
50148 
50149 
997 
50150 
998 
999 
1000 
1001 
1002 
1003 
50159 
50160 
50161 
50162 
50163 
50164 
50165 
50171 
50173 
50174 
50175 
50176 
50177 
50178 
41989 
1032 
1033 
1034 
1035 
42000 
42001 
42002 
42003 
42004 
42005 
50198 
42006 
50199 
42007 
50200 
50201 
50203 
50204 
50205 
42013 
50206 
1056 
1060 
1061 
1062 
1063 
1064 
42024 
1065 
42025 
1066 
42026 
42027 
42028 
42029 
42030 
42031 
50226 
42036 
42037 
42038 
50235 
42044 
42045 
17470 
42046 
17471 
42047 
42048 
42049 
50242 
50243 
50244 
17476 
50245 
50246 
50247 
50248 
50249 
42057 
42058 
50251 
42059 
50252 
42060 
50253 
42061 
50254 
42062 
50255 
42063 
50256 
17488 
42064 
50257 
17489 
42065 
50258 
33892 
33894 
33895 
33896 
1129 
1131 
42091 
1132 
42092 
1133 
42093 
42094 
33905 
33907 
33908 
33909 
17528 
17529 
50298 
50299 
50300 
50301 
17533 
50302 
50303 
50304 
42112 
50305 
33921 
42113 
50306 
33922 
42114 
50307 
33923 
42115 
50308 
33924 
50309 
33925 
50310 
33926 
50311 
33927 
50312 
33928 
17544 
50313 
17545 
1169 
42140 
42141 
50334 
42142 
50335 
50336 
50337 
50338 
50339 
50341 
50342 
50343 
50344 
50345 
50346 
42154 
42155 
42156 
50355 
50356 
50357 
50358 
50359 
50360 
50361 
42170 
42171 
42172 
42173 
42174 
50367 
42175 
42176 
50369 
42177 
50370 
50371 
50372 
50373 
50374 
42182 
42183 
42184 
42185 
42186 
42187 
42188 
42189 
50391 
50392 
50393 
50397 
50398 
50399 
50400 
50401 
50402 
50403 
50405 
50406 
1254 
50407 
1255 
50408 
1256 
50409 
9449 
1257 
50410 
1258 
50411 
34027 
34028 
1260 
34029 
1261 
1262 
9455 
1263 
1264 
1265 
1266 
34040 
34041 
9465 
34042 
34043 
50431 
50436 
34053 
34054 
34055 
34056 
34057 
34058 
34059 
34060 
50447 
50448 
1296 
50449 
50450 
50451 
50452 
9492 
50453 
1301 
50454 
1302 
1303 
50456 
1304 
50457 
9497 
50458 
34074 
50459 
34075 
50460 
34076 
1308 
50461 
34077 
1309 
50462 
34078 
1310 
50463 
34079 
1311 
34080 
9504 
1312 
34081 
1313 
1314 
42274 
42275 
42276 
42277 
42278 
42279 
42280 
42281 
42282 
42287 
83256 
83258 
83259 
83260 
42302 
50503 
83272 
50504 
42312 
83273 
50505 
42313 
83274 
50506 
42314 
83275 
50507 
42315 
50508 
42316 
50509 
42317 
50510 
42318 
50511 
42319 
50512 
50513 
50514 
50515 
42323 
50516 
50517 
50518 
83294 
83295 
83296 
83297 
83298 
83299 
83300 
83301 
83304 
83305 
83306 
1386 
83307 
50539 
83308 
50540 
1388 
83309 
50541 
1389 
83310 
50542 
1390 
83311 
50543 
50544 
50546 
50547 
50548 
50549 
83318 
50550 
50551 
42359 
83320 
83321 
42361 
83322 
42362 
42363 
83327 
83328 
50560 
83329 
83330 
50562 
50563 
50564 
50565 
83334 
50566 
83335 
50567 
83336 
83337 
83339 
83341 
50573 
83342 
83343 
50575 
50576 
50577 
50578 
42386 
50579 
34195 
50580 
34196 
42388 
34197 
42389 
34198 
42390 
34205 
34206 
34207 
34208 
1440 
17828 
1445 
34214 
1446 
34215 
1447 
34216 
34217 
50602 
83372 
50604 
83373 
50605 
83374 
50606 
83375 
50608 
17840 
50609 
50610 
50611 
42419 
42420 
42421 
42422 
42423 
42424 
42425 
17850 
83387 
83388 
83389 
83390 
17855 
42431 
42432 
42433 
42434 
17859 
17864 
50633 
83406 
50638 
83407 
83408 
42448 
83409 
34257 
42449 
83410 
34258 
42450 
83411 
34259 
17875 
42451 
83412 
42452 
83413 
42453 
34262 
42454 
83415 
34263 
83416 
34264 
42456 
83417 
50649 
34265 
83418 
50650 
83419 
50651 
83420 
50652 
17884 
83421 
50653 
83422 
50654 
50655 
50656 
42464 
50658 
50659 
50660 
1508 
50661 
34277 
1509 
50662 
34278 
1510 
50663 
34279 
1511 
42471 
50664 
1512 
42472 
50665 
42473 
34282 
1514 
42474 
34283 
1515 
42475 
34284 
1516 
42476 
34285 
1517 
42477 
1518 
42478 
1519 
1520 
42486 
42487 
42488 
42489 
42490 
42491 
42492 
42493 
42494 
42500 
42501 
42502 
42503 
42504 
42505 
42506 
50707 
50708 
42516 
50709 
42517 
50710 
42518 
50711 
42519 
50712 
50713 
50714 
50716 
50717 
50718 
42526 
50719 
42527 
50720 
42528 
50721 
42529 
50722 
42530 
50723 
42531 
42532 
42539 
42540 
9773 
42541 
42542 
42543 
42544 
42545 
42546 
42551 
50747 
50748 
50749 
9789 
50750 
50751 
42559 
50752 
34368 
42560 
42561 
50754 
34370 
42562 
50755 
34371 
42563 
50756 
34372 
42564 
50757 
34373 
42565 
50758 
34374 
42566 
50759 
34375 
34376 
34378 
34379 
34380 
34381 
42574 
42575 
50768 
42576 
50769 
50770 
50771 
50772 
34388 
50773 
50774 
34390 
34391 
34392 
34393 
34394 
34395 
50780 
34396 
1629 
42589 
50782 
1630 
42590 
50783 
1631 
42591 
50784 
1632 
50785 
1633 
50786 
50787 
1635 
1636 
42596 
1637 
1638 
42598 
1639 
42599 
1640 
42600 
1641 
50804 
50805 
50806 
42615 
34424 
42616 
34425 
42617 
50810 
34426 
42618 
50811 
50812 
50813 
50814 
50815 
50816 
50818 
50819 
50820 
50821 
50822 
50823 
50824 
34440 
34441 
34442 
9870 
9878 
34456 
42650 
42651 
50844 
42652 
42653 
42654 
42655 
42656 
50853 
42662 
42663 
42664 
42665 
50860 
50861 
34477 
50862 
34478 
50863 
50864 
50865 
50866 
34482 
50867 
34484 
50869 
50870 
50871 
42679 
50872 
42680 
50873 
42681 
50874 
42682 
50875 
42683 
50876 
42684 
42685 
42687 
34498 
34499 
34500 
42695 
34508 
34509 
34510 
42702 
34511 
42703 
34512 
1744 
42704 
34513 
1745 
42705 
34514 
1746 
42706 
1747 
42707 
1748 
42708 
42709 
1750 
1751 
1752 
1753 
42713 
34522 
1754 
42714 
1755 
42715 
34524 
1756 
42716 
34525 
42717 
34526 
42718 
34527 
42719 
34528 
42720 
34529 
34531 
50916 
34532 
50917 
34533 
42725 
50918 
50919 
50920 
50921 
50922 
50923 
42731 
50924 
42732 
50925 
42733 
50926 
42734 
50927 
42735 
50928 
42736 
50929 
1777 
42737 
50930 
1778 
50931 
1779 
1780 
1781 
1782 
1783 
1784 
42745 
34554 
42746 
34555 
42747 
34556 
42748 
34560 
42753 
34562 
42754 
34563 
42755 
34564 
42756 
42757 
42758 
42759 
50952 
34568 
50953 
34569 
9993 
50954 
34570 
50955 
34571 
50956 
50957 
34574 
42766 
50959 
42767 
50960 
34576 
42768 
50961 
34577 
42769 
50962 
34578 
42770 
50963 
42771 
50964 
42772 
42773 
42777 
50973 
50974 
10014 
50975 
50976 
50977 
42785 
50978 
42786 
50979 
42787 
42788 
34597 
42789 
42790 
42791 
42792 
50985 
50987 
50988 
50989 
50990 
50991 
42799 
50992 
42800 
42801 
83768 
83769 
83770 
83771 
83774 
42814 
83775 
42815 
83776 
42816 
83777 
1857 
1858 
83779 
1859 
83780 
51012 
1860 
83781 
51013 
83782 
51014 
51015 
1863 
83784 
1864 
83785 
51017 
1865 
83786 
51018 
1866 
83787 
51019 
42827 
51020 
42828 
1869 
42829 
1870 
42830 
34639 
1871 
42831 
1872 
42832 
42833 
1875 
1876 
1877 
42837 
1878 
42838 
42839 
42840 
42841 
42842 
42843 
34653 
42845 
42846 
42847 
83808 
51040 
42848 
83809 
42849 
83810 
42850 
83811 
42851 
83812 
83813 
51045 
10085 
42853 
83814 
42854 
42855 
42856 
42857 
42858 
42859 
10093 
51056 
83825 
51057 
83826 
51058 
83827 
51059 
83828 
51060 
51061 
51062 
51063 
51065 
83834 
51066 
83835 
51067 
83836 
51068 
83837 
51069 
51070 
51071 
51072 
34711 
34712 
34713 
34714 
34716 
83869 
83870 
83871 
83872 
34721 
34722 
83875 
34723 
83876 
34724 
83877 
34725 
83878 
34726 
83879 
34727 
83880 
51112 
83881 
51113 
83882 
51114 
51115 
83884 
51116 
83885 
51117 
34733 
83886 
51118 
34734 
83887 
51119 
34735 
51120 
34736 
51121 
51122 
34738 
51123 
51124 
51125 
51126 
51127 
83906 
83907 
83908 
83909 
83910 
83911 
83912 
51148 
51149 
51150 
51151 
51152 
83921 
51153 
83922 
83923 
51155 
83924 
51156 
34772 
51157 
34773 
51158 
34774 
51159 
51160 
83929 
83930 
83931 
83932 
51171 
51172 
34788 
51173 
34789 
51174 
34790 
51175 
51176 
51177 
51182 
51183 
51184 
34800 
51185 
34803 
34804 
34805 
34806 
34807 
34808 
51193 
34809 
51194 
51195 
51196 
51197 
51198 
51199 
51203 
51204 
51205 
51206 
34834 
34835 
34836 
34837 
34838 
34840 
34841 
34842 
34843 
34848 
34849 
34850 
34859 
34860 
34861 
34862 
51247 
51248 
51249 
34866 
34867 
34868 
51253 
34869 
51254 
51255 
43064 
43065 
43066 
43067 
43068 
43069 
43070 
43073 
43074 
43075 
43076 
43077 
43078 
43079 
43081 
43082 
43083 
43084 
43085 
43086 
43087 
43092 
43093 
43094 
43095 
34904 
43096 
51289 
34905 
43097 
51290 
34906 
43098 
51291 
34907 
34908 
34909 
51296 
51297 
51298 
34918 
34919 
34920 
34921 
34922 
34923 
34924 
34933 
34934 
34935 
34936 
34937 
34938 
34939 
34940 
51327 
51328 
51329 
51330 
51331 
51332 
51333 
51336 
51337 
51338 
34954 
51339 
34955 
34956 
51341 
34957 
51342 
34958 
51343 
34959 
51344 
34960 
51345 
34961 
51346 
51347 
51349 
51350 
51351 
51352 
43232 
35041 
35042 
43237 
35046 
35048 
51433 
51434 
51435 
51436 
43244 
51437 
43245 
51438 
43246 
51439 
43247 
43248 
43249 
43250 
51443 
35059 
43251 
51444 
51445 
35061 
43253 
51446 
35062 
35063 
43258 
84219 
35067 
84220 
35068 
84221 
35069 
51454 
35070 
51455 
35071 
51456 
35072 
84225 
51457 
35073 
84226 
51458 
35074 
84227 
51459 
51460 
35076 
35078 
84231 
35079 
84232 
51464 
35080 
84233 
51465 
35081 
51466 
35082 
51467 
35083 
35084 
51504 
51505 
51506 
35125 
51510 
35126 
51511 
35127 
51512 
35128 
35130 
35131 
35132 
35133 
84294 
35142 
84295 
35143 
84296 
35144 
35145 
84300 
84301 
84302 
35151 
35152 
84305 
35153 
84306 
35154 
84307 
35156 
35158 
35159 
35160 
51545 
35161 
51546 
35162 
51547 
35163 
35164 
43357 
43358 
43359 
51552 
43360 
51553 
43361 
51554 
43362 
43363 
43364 
43365 
35174 
35175 
35176 
35177 
43369 
35178 
35180 
35181 
43373 
35182 
35183 
35184 
35185 
43377 
35186 
51578 
51579 
51580 
43388 
51581 
51582 
51583 
51584 
43392 
51587 
51588 
51589 
35205 
51590 
43399 
51592 
43400 
51593 
43401 
51594 
43402 
51595 
43403 
51596 
43404 
51597 
43405 
51598 
35214 
43406 
35215 
51600 
35216 
51601 
35217 
51602 
35218 
51603 
35219 
43411 
43416 
35236 
35237 
35238 
35239 
35240 
35241 
35279 
35280 
35284 
35286 
43505 
43506 
43507 
43508 
43509 
43510 
43511 
43512 
43513 
43517 
43521 
43525 
43535 
43536 
43541 
43546 
43550 
35359 
35360 
35361 
35362 
43554 
35369 
35370 
35371 
35372 
35373 
35374 
35375 
35381 
35382 
35383 
35384 
35420 
35421 
35422 
35434 
35438 
35439 
35440 
43651 
43652 
43656 
43660 
51856 
43664 
43671 
51865 
51866 
51867 
51868 
51869 
51870 
51871 
51874 
51875 
51876 
51877 
51878 
51879 
51880 
51881 
51888 
51889 
51890 
51891 
51895 
51896 
51897 
51898 
51901 
51902 
51903 
51904 
51905 
51906 
51910 
51911 
51912 
51916 
51917 
51918 
51919 
51920 
51921 
35538 
35550 
35551 
84709 
35559 
35561 
84714 
35565 
43760 
51957 
43765 
51958 
51959 
51960 
51961 
51962 
43772 
51965 
43773 
51966 
43774 
51967 
43775 
84736 
43776 
43777 
51970 
43778 
51971 
43779 
51972 
51973 
43781 
51974 
51975 
43786 
35595 
35596 
35597 
84750 
35598 
84751 
84752 
35600 
84753 
35601 
84754 
35602 
84755 
35603 
84756 
84760 
84761 
84762 
84763 
35612 
35613 
84766 
35614 
84767 
35615 
84768 
84769 
84770 
84771 
84772 
35620 
84773 
35621 
84774 
35622 
84775 
35623 
84776 
35624 
35625 
35626 
35627 
84781 
35629 
84782 
84783 
84784 
84785 
84786 
84787 
84789 
84790 
84791 
84792 
84793 
35641 
84794 
35642 
84795 
35643 
35644 
35645 
84798 
35646 
35647 
84800 
35648 
84801 
84802 
35650 
84807 
84809 
84810 
84811 
52044 
52051 
52052 
52053 
52054 
52055 
52056 
52057 
52058 
84829 
52064 
84833 
52065 
52066 
52067 
52068 
52069 
52070 
52074 
52075 
52076 
52077 
43885 
43886 
43887 
52080 
43888 
52081 
43889 
52082 
43890 
52083 
43891 
43892 
84853 
43893 
52086 
52087 
52088 
52089 
43897 
52090 
52091 
35708 
35709 
43901 
35710 
52095 
52096 
84865 
52097 
43905 
84866 
84867 
84868 
84869 
52101 
84870 
52102 
84871 
52103 
52104 
52105 
52106 
84875 
84876 
43916 
84877 
84878 
35726 
35727 
84880 
35728 
43920 
84881 
84882 
84883 
84884 
84885 
84886 
84887 
43927 
84888 
43928 
84889 
43929 
84890 
43930 
43931 
43932 
43933 
43934 
43939 
35752 
43944 
35753 
35754 
52141 
35757 
52142 
35758 
52143 
35759 
52144 
35760 
52145 
52146 
52149 
52150 
52151 
52154 
52155 
52156 
52157 
52158 
52159 
35845 
35846 
35847 
44039 
35848 
44040 
35849 
44041 
35850 
44042 
44043 
44044 
44045 
44046 
44047 
35859 
44051 
35860 
35861 
35862 
35863 
44055 
35864 
35865 
44059 
35875 
35876 
35877 
35878 
35880 
35882 
35883 
35884 
44076 
35885 
44077 
35886 
44078 
35887 
44079 
35888 
44080 
44081 
44082 
44086 
44087 
44088 
44089 
35898 
44090 
35899 
44091 
35900 
44092 
35901 
35902 
44094 
44095 
35904 
44096 
35905 
44097 
35906 
44098 
35907 
44099 
35908 
44100 
35909 
35910 
44102 
44103 
44104 
44105 
44106 
44107 
44108 
35918 
35929 
35934 
35956 
85121 
85122 
85123 
85190 
85191 
85192 
36078 
36079 
36080 
36088 
36089 
36090 
36093 
36094 
36095 
36108 
36109 
36110 
36111 
36113 
36114 
36115 
44307 
36116 
44308 
36117 
44309 
36118 
44310 
36119 
44311 
44312 
44313 
44316 
44317 
44318 
44319 
36128 
44320 
36129 
44321 
36130 
44322 
36131 
44324 
44325 
44326 
44327 
44328 
36137 
44329 
36138 
44330 
36139 
36140 
44335 
36144 
44336 
36145 
44337 
36146 
44338 
36147 
44339 
44340 
44341 
36157 
36158 
36159 
36160 
36163 
36164 
36165 
36166 
36171 
36172 
36173 
36174 
36175 
36176 
36177 
36178 
36180 
36192 
36193 
36194 
36195 
36196 
36197 
36198 
36199 
36201 
36213 
36214 
36215 
36216 
36217 
36218 
36219 
36220 
36227 
36232 
36233 
36234 
36235 
36236 
36237 
36238 
36239 
85426 
85427 
85428 
85429 
85430 
85431 
85432 
85436 
85437 
85438 
85439 
85440 
85441 
85442 
36290 
36291 
36292 
85445 
85446 
85447 
85448 
85449 
44489 
85450 
85451 
44492 
44493 
36302 
44494 
85455 
36303 
85456 
36304 
85457 
85458 
85459 
85460 
85461 
36317 
36318 
36319 
44516 
44519 
44520 
44521 
44547 
44555 
85521 
85522 
44562 
85523 
44563 
85524 
44564 
85525 
44565 
85526 
44566 
85527 
44567 
44568 
44569 
85531 
85532 
85533 
44573 
85534 
44574 
85535 
44575 
85536 
44576 
85537 
44577 
44578 
85539 
44579 
85540 
44580 
85541 
85542 
85543 
85544 
85545 
44585 
85548 
85549 
85550 
85551 
85552 
85553 
44593 
85554 
44594 
44595 
44596 
44597 
44598 
44599 
44605 
44606 
44607 
44608 
44622 
44623 
44624 
44625 
44626 
44627 
44628 
44635 
44636 
44637 
44638 
44639 
44640 
44641 
44642 
44647 
36457 
44652 
44653 
44654 
44655 
44656 
44657 
44658 
44659 
36469 
36470 
44669 
36478 
44670 
44671 
36480 
44672 
44673 
44674 
44675 
36484 
44685 
44686 
44687 
44688 
44695 
44696 
11928 
44697 
44698 
3738 
44699 
44700 
44701 
44705 
44706 
44707 
3756 
11951 
44720 
44721 
44722 
44726 
3767 
3768 
44729 
3769 
44730 
3770 
44731 
3777 
3778 
3779 
3780 
44745 
44747 
44748 
44749 
36565 
36577 
36578 
44778 
36586 
36588 
36592 
44786 
3831 
44793 
44794 
44795 
12027 
44796 
44797 
44798 
44799 
44800 
12036 
44808 
44809 
44810 
44811 
44812 
44813 
44814 
44815 
3855 
44816 
3860 
3861 
3862 
44824 
44825 
44826 
44827 
44828 
44829 
44830 
3872 
3877 
44838 
36646 
3878 
44839 
36647 
3879 
44840 
36648 
44841 
36649 
36650 
36651 
3883 
36652 
36653 
36658 
44856 
44857 
36665 
44858 
36666 
44859 
36667 
44860 
36668 
3900 
44861 
36669 
3901 
44862 
36670 
3902 
36671 
44868 
36676 
44869 
36677 
44870 
36678 
44871 
36679 
44872 
44873 
44874 
36682 
44875 
36683 
36684 
36685 
44879 
36691 
44890 
44891 
44892 
44893 
44894 
44895 
44896 
44897 
44900 
3940 
44901 
44902 
44903 
44904 
44905 
44906 
44916 
44917 
3957 
44918 
44919 
85880 
85881 
44921 
85882 
44922 
44923 
44924 
44925 
85886 
44926 
85887 
44927 
85888 
85891 
85892 
85893 
85894 
3974 
85895 
3975 
85896 
44936 
3976 
85897 
44937 
3977 
44938 
85901 
85902 
85903 
85904 
85905 
85906 
85907 
3989 
3990 
44951 
3991 
44952 
3992 
44953 
3995 
3996 
3997 
3998 
4007 
36776 
4008 
36777 
4009 
36778 
4010 
36779 
36780 
36781 
36782 
36783 
36790 
36791 
36792 
36793 
36794 
36795 
36796 
36798 
44997 
36806 
36807 
36808 
36809 
36812 
36813 
36814 
85967 
36815 
85968 
85969 
45010 
45011 
45012 
36820 
85973 
45013 
85974 
45014 
85975 
45015 
45016 
85977 
45017 
85978 
85979 
85980 
85981 
4061 
85982 
85983 
85986 
85987 
85988 
85989 
85990 
45030 
85991 
45031 
85992 
45032 
45033 
45034 
45035 
45036 
45037 
45038 
45046 
45047 
45048 
45049 
45050 
45051 
45052 
45055 
45056 
45057 
45058 
36876 
36877 
36878 
36879 
36881 
45074 
36882 
45075 
36883 
45076 
36884 
45077 
36885 
45078 
36886 
45079 
36887 
45080 
36896 
36897 
36898 
36899 
36900 
36901 
36902 
12339 
4147 
45110 
45111 
45112 
45113 
12345 
4153 
4163 
4164 
36933 
4165 
36934 
4166 
36935 
36936 
12361 
36938 
45131 
36939 
4171 
45132 
36940 
45133 
36941 
45134 
36942 
36943 
36944 
36945 
36950 
4182 
36951 
4183 
36952 
4184 
36953 
4185 
36954 
36955 
36956 
36957 
12385 
12390 
45162 
45163 
45164 
12402 
45180 
45181 
45182 
36997 
36998 
36999 
45195 
45196 
45197 
45198 
37006 
45199 
37007 
45200 
37008 
45201 
37009 
45202 
37010 
37011 
45207 
45208 
45209 
45210 
45211 
45212 
37020 
45213 
37021 
45214 
37022 
37023 
37024 
37025 
37027 
37028 
37029 
4283 
4284 
4285 
4286 
4287 
4288 
4289 
4290 
45254 
45255 
4295 
45256 
4296 
45257 
4297 
45258 
4298 
45259 
4299 
45260 
4300 
45261 
4301 
45262 
4302 
45271 
45281 
4325 
4326 
4327 
4328 
45289 
4329 
45290 
45291 
45292 
45293 
45294 
45295 
45296 
45303 
4344 
4345 
4346 
4347 
4348 
4396 
4397 
4398 
4399 
86327 
86328 
86329 
45374 
4415 
4416 
37185 
4417 
4418 
45385 
45386 
45387 
45388 
45389 
45390 
4430 
45391 
12623 
4431 
45392 
4432 
4433 
12629 
45398 
4438 
4439 
4440 
4441 
4447 
4448 
45409 
4449 
45410 
4450 
45411 
45412 
45413 
12645 
45414 
4454 
45415 
4455 
45416 
4456 
4457 
45420 
45421 
45422 
45423 
45424 
45425 
45426 
45429 
45430 
45431 
45432 
12666 
37244 
37245 
37246 
4478 
86399 
37247 
12671 
4479 
86400 
37248 
4480 
86401 
4481 
37249 
86402 
37250 
37252 
45445 
37253 
45446 
4486 
37254 
45447 
4487 
37255 
45448 
4488 
37256 
45449 
4489 
37257 
45450 
12682 
37258 
45451 
37260 
37261 
4494 
37262 
4495 
37263 
4496 
37264 
4497 
37265 
37266 
37268 
37269 
37270 
37271 
37272 
37273 
37274 
4512 
4513 
4514 
4515 
37287 
37288 
45481 
37289 
45482 
37290 
45483 
37291 
45484 
37292 
37293 
4526 
4527 
4528 
37296 
4529 
37297 
37298 
37299 
37300 
4533 
37301 
4534 
37302 
4535 
4536 
37304 
37305 
86458 
37306 
37307 
37308 
4541 
37309 
86462 
45502 
4542 
37310 
45503 
4543 
45504 
4544 
45505 
37313 
37314 
86467 
37315 
37316 
37317 
37318 
37319 
86472 
4552 
4553 
4554 
4555 
4569 
45530 
4570 
45531 
4571 
45532 
4572 
86495 
86496 
86497 
4577 
86498 
4578 
86499 
4579 
86500 
4580 
45544 
4584 
45545 
4585 
37353 
45546 
4586 
86507 
4587 
37355 
86508 
37356 
86509 
37357 
86510 
86511 
86512 
37361 
37362 
37363 
86516 
37364 
86517 
37365 
86518 
37366 
37367 
45560 
37368 
45561 
4601 
45562 
4602 
37370 
45563 
4603 
86524 
45564 
4604 
37372 
86525 
45565 
37373 
86526 
45566 
37374 
45567 
37375 
37376 
37377 
37378 
45572 
45573 
4613 
45574 
4614 
45575 
4615 
45576 
4616 
45577 
45578 
45579 
86540 
4620 
4621 
86542 
4622 
86543 
4623 
86544 
86545 
86546 
86547 
86548 
45588 
45589 
45590 
45591 
37399 
86552 
37400 
86553 
37401 
86554 
37402 
86555 
86557 
37405 
86558 
37406 
86559 
45599 
37407 
86560 
45600 
37408 
86561 
45601 
45602 
86563 
45603 
86564 
45604 
86565 
45605 
4645 
86566 
4646 
86567 
45607 
4647 
86568 
45608 
4648 
86569 
45609 
45610 
45611 
45612 
45613 
4657 
4658 
86579 
4659 
4660 
86583 
86587 
86591 
37452 
37454 
37455 
37456 
37460 
37461 
37462 
37463 
86616 
37464 
86617 
37465 
86618 
37466 
86619 
37467 
86620 
86621 
37469 
86623 
37471 
86624 
37472 
86625 
37473 
86626 
37474 
86627 
37475 
86628 
37476 
37477 
86631 
86632 
86633 
86638 
4718 
86639 
4719 
86640 
4720 
4721 
4730 
4731 
4732 
4733 
37521 
37529 
37537 
12975 
45748 
45749 
45750 
45751 
12988 
45757 
45758 
45759 
45760 
45761 
45762 
12994 
45763 
13002 
45771 
4811 
45772 
4812 
45773 
4813 
37581 
45774 
13006 
4814 
37582 
45775 
4815 
37583 
45776 
37584 
45777 
13012 
37588 
37589 
37590 
37591 
4824 
13025 
13033 
37609 
37610 
37611 
4847 
37615 
37616 
37617 
37618 
37619 
4852 
37620 
37621 
37624 
37625 
37626 
37627 
4860 
37628 
4861 
37629 
4862 
37630 
4863 
4864 
4873 
13070 
13083 
13093 
13097 
13101 
37680 
37681 
13106 
37682 
37683 
37687 
4920 
37688 
4921 
37689 
4922 
37690 
4923 
4924 
4925 
4926 
4927 
13120 
4932 
13125 
4933 
4934 
4935 
4936 
4937 
4938 
4939 
37713 
37714 
37715 
37716 
37717 
37718 
37719 
37721 
37722 
37723 
37724 
37725 
37726 
37727 
37729 
37730 
37731 
37732 
37733 
37734 
37735 
37737 
37738 
37739 
37740 
37741 
37742 
37743 
45937 
45939 
45940 
45941 
45942 
45943 
45944 
45948 
37756 
45949 
37757 
45950 
37758 
37759 
37760 
37761 
37762 
37765 
37766 
37767 
37768 
45961 
37769 
45962 
5002 
37770 
45963 
5003 
37771 
5004 
5005 
37773 
5006 
37774 
45967 
5007 
37775 
5008 
37776 
45969 
5009 
37777 
45970 
37778 
45971 
37779 
45972 
45973 
5013 
45974 
5014 
37782 
5015 
37783 
5016 
37784 
5017 
37785 
5018 
37786 
5019 
37787 
5020 
37788 
5046 
5047 
5048 
5049 
5050 
37819 
5058 
5059 
5060 
46021 
5061 
5063 
46030 
46031 
46032 
46033 
46037 
46038 
46039 
87000 
46040 
87001 
87002 
5084 
87005 
5085 
87006 
5086 
87007 
5087 
46048 
46049 
5089 
87010 
46050 
87011 
46051 
87012 
46053 
5096 
5097 
5098 
5099 
5101 
5116 
46086 
5126 
46087 
46088 
46089 
46096 
46097 
46098 
46099 
46104 
46105 
46106 
46107 
46116 
46117 
37925 
46118 
87079 
46119 
87080 
46120 
87081 
46121 
5161 
87084 
87085 
87086 
46127 
87088 
46128 
87089 
46129 
87090 
5170 
46133 
46134 
46135 
46137 
46138 
46139 
46140 
46141 
46142 
46148 
46149 
46150 
5191 
5192 
5193 
46154 
5194 
46155 
5195 
46156 
5196 
5197 
5198 
46167 
46168 
46169 
46172 
46173 
46174 
46178 
5220 
5221 
5222 
5223 
5224 
5225 
5226 
87147 
5227 
87148 
87149 
46189 
87150 
46190 
5231 
5232 
5233 
87154 
46194 
5234 
87155 
5235 
87156 
5236 
87157 
5237 
5238 
38007 
87160 
38008 
87161 
46201 
38009 
87162 
46202 
38010 
87163 
38011 
38012 
87165 
38013 
87166 
87167 
87168 
38017 
38018 
38019 
38020 
5260 
5261 
13454 
5262 
13455 
5263 
13456 
5264 
5265 
5266 
5267 
13460 
13461 
5269 
13462 
5270 
38039 
38040 
38041 
38042 
46235 
38043 
46236 
38044 
46237 
13469 
38045 
13470 
13471 
46241 
46242 
46243 
13475 
13476 
13477 
87206 
87207 
87208 
87209 
87210 
87211 
87212 
46255 
46256 
46257 
46262 
46263 
46264 
87225 
87226 
87227 
87228 
38077 
38078 
5311 
38079 
5312 
38080 
38081 
38082 
87235 
38083 
87236 
87237 
87238 
38087 
38088 
38089 
38090 
87252 
46292 
87253 
46293 
13525 
87254 
46294 
13526 
87255 
13527 
87260 
87261 
46301 
38109 
87262 
46302 
38110 
87263 
46303 
38111 
38112 
13537 
38113 
87266 
13538 
5346 
38114 
87267 
13539 
5347 
38115 
87268 
46308 
5348 
87269 
46309 
5349 
46310 
5350 
87271 
5351 
87272 
46312 
5352 
87273 
46313 
5353 
87274 
46314 
38122 
38123 
38124 
38125 
46319 
46320 
46321 
38130 
38131 
38132 
38133 
38134 
38135 
38136 
46329 
46330 
38138 
46331 
38139 
38140 
38141 
38142 
5375 
38143 
46336 
5376 
38144 
46337 
5377 
46338 
5378 
5379 
46340 
5380 
46341 
5381 
46342 
5382 
46346 
5386 
5387 
46348 
5388 
46349 
5389 
46350 
5390 
46351 
5391 
46352 
5392 
46353 
5393 
46356 
87317 
46357 
46358 
87322 
87326 
46367 
46368 
46369 
46370 
87331 
46371 
46372 
46373 
38182 
46375 
5415 
38183 
46376 
5416 
38184 
46377 
5417 
38185 
5418 
5419 
87340 
5420 
87341 
5421 
87342 
5422 
38191 
38192 
38193 
38194 
38195 
38196 
38197 
5434 
87355 
87356 
38204 
87357 
38205 
38206 
38207 
38208 
38209 
87362 
38210 
87363 
87364 
5445 
87368 
87369 
87370 
87381 
87382 
87383 
46424 
87386 
87387 
87388 
46435 
46436 
46437 
46438 
87401 
46442 
5482 
46443 
46444 
46445 
87407 
87408 
87409 
46449 
87410 
46450 
87411 
46451 
5491 
87412 
46452 
87413 
87414 
87416 
87417 
87418 
87419 
46459 
87420 
87421 
87422 
87423 
87425 
38281 
87439 
38288 
38289 
38290 
87443 
38291 
38292 
38293 
5526 
38294 
87448 
46488 
46489 
46490 
38298 
46491 
13723 
38299 
13724 
38300 
87453 
13725 
5533 
38301 
5534 
38302 
5535 
38303 
5536 
38304 
5538 
38306 
46499 
46500 
87461 
46501 
87462 
46502 
87463 
13735 
13736 
13737 
5546 
38314 
46507 
5547 
38315 
46508 
5548 
38316 
46509 
5549 
38317 
46510 
38320 
38321 
38322 
38323 
87476 
87477 
87478 
46519 
46520 
46521 
87482 
46522 
87483 
46523 
38331 
87484 
46524 
5564 
13759 
13760 
13761 
46530 
46531 
87492 
46532 
5572 
87493 
5573 
87494 
5574 
5575 
46536 
5576 
46537 
46538 
13770 
87499 
13771 
87500 
46540 
13772 
87501 
46541 
46542 
87503 
46543 
87504 
46544 
5584 
87505 
46545 
5585 
5586 
5587 
87517 
46558 
46559 
46560 
46561 
87522 
46565 
87526 
46566 
46567 
46568 
87531 
46576 
46577 
46578 
46579 
87540 
87541 
5621 
87542 
5622 
5623 
5624 
87545 
87546 
87547 
87555 
87556 
46596 
87557 
46597 
46598 
46599 
87561 
87562 
87563 
46603 
46604 
46605 
46606 
87568 
87569 
87570 
46610 
46611 
38419 
46612 
87573 
46613 
87574 
87575 
13847 
38425 
5659 
38427 
5660 
38428 
5661 
38429 
5662 
38430 
5663 
38431 
5664 
38432 
5665 
38433 
87586 
5666 
87587 
38435 
87588 
46628 
87589 
46629 
5669 
87590 
46630 
5670 
87591 
46631 
5671 
5672 
38440 
5673 
46634 
5674 
46635 
5675 
38443 
46636 
5676 
38444 
46637 
38445 
38446 
38447 
38448 
38449 
13874 
46643 
87604 
46644 
46645 
46646 
38454 
38455 
87608 
38456 
38457 
87612 
38460 
38461 
38462 
38463 
87617 
13889 
13890 
46659 
13891 
46660 
46661 
38469 
46662 
13895 
13896 
13897 
46668 
5708 
46669 
5709 
87630 
46670 
5710 
46671 
5711 
13904 
13905 
87634 
13906 
46676 
46677 
87638 
46678 
13910 
46679 
13911 
13912 
87642 
87650 
87651 
87652 
13924 
46695 
46696 
46697 
87658 
46698 
5738 
87659 
5739 
87660 
5740 
5741 
46703 
46704 
87665 
46705 
87666 
46706 
5746 
87667 
87671 
87672 
87673 
5756 
87677 
87678 
87679 
46719 
13951 
46720 
46721 
46722 
87685 
87686 
5766 
87687 
5771 
87692 
13964 
87693 
13965 
87694 
46734 
13966 
87695 
46735 
87696 
46736 
87697 
46737 
13970 
13971 
13972 
46741 
46742 
46743 
46744 
13978 
5786 
13979 
5787 
13980 
5788 
5789 
46752 
13984 
46753 
13985 
46754 
13986 
5794 
46755 
63143 
63144 
63145 
5802 
63149 
46765 
63150 
46766 
63151 
46767 
63152 
46768 
63153 
63154 
5811 
46774 
46775 
5815 
63160 
46776 
63161 
46777 
63162 
46785 
46786 
46787 
46788 
46795 
46796 
46797 
46798 
38607 
46805 
46806 
46807 
46808 
38618 
46814 
63199 
46815 
63200 
46816 
63201 
46817 
38627 
63204 
63205 
63206 
63207 
38631 
63208 
63209 
63211 
63212 
63213 
46832 
46833 
46834 
46835 
14067 
46839 
46840 
46841 
46842 
46854 
46855 
46856 
46857 
5897 
5898 
5899 
5900 
14094 
46869 
5909 
46870 
5910 
46871 
5911 
46872 
5912 
14106 
14107 
46876 
14108 
46877 
46878 
46879 
14112 
14113 
14114 
46883 
46884 
46885 
46886 
14120 
14121 
14122 
14126 
14127 
14128 
46900 
46901 
46902 
46903 
14140 
46909 
46910 
46911 
46912 
63299 
63300 
63301 
46917 
46918 
46919 
46920 
63305 
63306 
63307 
5964 
5965 
63310 
5966 
63311 
5967 
63312 
46929 
46930 
46931 
46932 
14167 
5975 
5976 
5977 
46938 
5978 
46939 
46940 
46941 
46946 
46947 
5987 
46948 
5988 
46949 
5989 
5990 
5998 
5999 
6000 
6001 
63349 
63350 
63351 
63354 
63355 
63356 
63358 
63359 
63360 
6016 
6017 
6018 
6019 
6023 
6024 
6025 
6026 
6031 
6032 
6033 
6034 
6046 
6047 
6048 
6049 
6058 
6059 
14252 
6060 
14253 
6061 
14254 
6066 
6067 
6068 
6069 
14263 
14264 
14265 
6073 
6074 
6075 
6076 
6088 
6089 
6090 
6091 
47052 
47054 
47055 
47056 
6099 
6100 
6101 
6102 
47064 
63449 
47065 
63450 
47066 
6106 
63451 
47067 
6107 
47068 
6108 
6109 
63455 
47071 
63456 
47072 
63457 
47073 
47074 
47075 
63460 
47076 
63461 
47077 
63462 
47078 
47083 
47084 
47085 
47102 
47107 
63499 
63500 
47116 
63501 
47117 
47118 
47119 
63504 
47120 
63505 
47121 
63506 
47122 
63508 
63509 
63510 
38936 
38937 
38938 
38939 
38940 
38941 
38942 
38944 
47142 
47143 
47144 
38952 
47145 
38953 
47146 
38954 
38955 
47148 
47149 
47150 
38958 
47151 
38959 
38960 
38961 
38962 
38963 
47156 
38964 
47157 
6197 
47158 
6198 
6199 
38967 
6200 
6201 
6202 
6203 
14422 
14427 
39003 
47197 
47199 
47200 
47201 
47203 
47204 
47205 
47206 
47207 
14440 
63593 
47209 
63594 
47210 
63595 
47211 
47212 
39020 
47213 
39021 
47214 
63599 
47215 
6255 
63600 
47216 
63601 
14449 
39025 
39026 
63604 
63605 
47221 
63606 
47222 
47223 
14455 
6271 
14465 
47237 
14472 
47241 
6285 
6286 
6287 
47250 
14482 
47252 
47253 
47254 
47255 
47256 
47257 
63642 
63643 
39067 
63644 
39068 
80029 
39069 
39070 
63647 
47263 
80032 
63648 
80033 
63649 
47265 
39073 
80034 
47266 
39074 
63651 
47267 
39075 
63652 
47268 
39076 
80037 
63653 
47269 
39077 
80038 
47270 
39078 
80039 
39079 
80040 
39081 
39086 
39087 
6320 
39088 
6321 
39089 
6322 
39090 
6323 
39091 
80052 
6324 
39092 
6325 
80054 
6326 
39094 
80055 
6327 
80056 
80057 
80059 
80060 
47292 
80061 
47294 
47295 
47296 
47298 
47299 
47300 
47301 
6342 
6343 
6344 
6345 
6346 
6347 
6348 
39126 
47323 
39139 
47332 
39140 
39141 
39142 
39143 
39144 
39145 
39146 
47339 
47340 
47341 
47342 
47343 
47344 
47345 
47346 
47348 
47349 
47350 
47351 
39159 
47352 
39160 
47353 
39161 
47354 
39162 
47355 
39163 
39164 
39165 
39166 
39167 
80136 
39176 
39177 
39178 
80139 
80140 
80141 
80145 
39185 
80146 
80147 
39187 
80148 
39188 
39189 
39190 
39191 
39192 
80159 
39200 
80161 
14625 
39201 
80162 
39202 
80163 
39203 
39204 
47397 
39205 
47398 
39206 
80167 
47399 
47400 
80169 
47401 
39209 
80170 
47402 
39210 
80171 
47403 
39211 
47404 
14637 
47406 
47407 
47408 
47409 
47410 
47411 
47412 
47413 
14647 
14652 
14656 
39237 
14662 
39238 
39239 
39240 
47437 
47438 
47439 
47440 
47441 
47442 
47444 
47445 
47446 
14678 
47447 
47448 
47449 
39258 
14683 
39259 
39260 
39261 
39289 
63866 
39290 
63867 
39291 
63868 
63872 
63873 
63874 
63875 
63876 
47492 
63877 
47493 
47494 
47495 
47496 
47497 
47498 
39307 
47500 
39308 
39309 
63886 
47502 
63887 
47503 
63888 
47504 
47505 
47506 
47507 
47508 
39322 
39323 
47516 
39324 
47517 
39325 
47518 
39326 
47519 
39327 
47520 
39328 
47521 
39329 
47522 
47523 
47526 
39334 
47527 
39335 
47528 
39336 
47529 
39337 
47530 
39338 
47531 
39339 
47532 
39340 
39341 
63922 
63923 
63924 
63927 
63928 
63929 
63930 
63931 
63932 
63935 
63936 
63937 
47553 
47558 
47582 
47583 
47587 
47588 
47632 
47633 
47634 
47635 
47636 
47637 
47638 
47640 
47642 
80411 
47643 
80412 
47644 
80413 
47645 
80414 
47646 
80415 
47647 
80416 
47648 
80417 
47650 
47651 
47652 
47653 
47654 
80423 
47655 
47656 
80425 
47657 
80426 
80427 
47659 
80428 
47660 
80429 
47661 
80430 
47662 
47663 
47664 
80433 
47665 
80436 
80437 
80438 
39484 
39485 
80446 
39486 
39487 
80448 
39488 
80449 
39489 
80450 
39490 
47683 
39491 
39492 
47687 
39502 
47696 
47698 
47699 
47700 
47701 
47702 
47703 
6743 
6744 
6745 
39513 
47709 
47711 
47712 
47713 
47714 
47715 
47716 
6756 
39524 
6757 
39525 
6758 
39526 
39527 
39528 
39529 
39530 
39531 
39536 
47735 
47736 
47737 
6780 
47741 
6781 
6782 
47743 
47744 
47745 
47746 
47747 
47748 
47750 
47751 
6791 
47752 
6792 
47753 
6793 
47754 
47755 
47756 
64145 
64146 
64147 
64151 
64152 
64153 
64154 
64155 
64156 
47778 
64165 
64166 
64167 
47787 
47794 
47795 
47796 
47797 
39605 
47798 
47799 
47800 
47801 
39610 
47803 
47804 
39612 
47805 
39613 
47806 
39614 
47807 
39615 
47808 
39616 
47809 
39617 
47810 
39618 
64199 
39623 
64200 
39624 
64201 
39625 
39626 
64204 
39628 
64205 
64206 
64207 
64208 
39632 
64209 
39635 
64212 
39636 
64213 
39637 
64214 
39638 
39639 
39640 
39641 
39647 
47852 
47853 
47854 
39662 
47855 
47856 
47857 
47858 
47859 
39667 
47861 
47862 
47863 
47864 
47865 
47866 
47867 
47868 
15115 
47892 
47893 
47894 
47895 
15127 
47896 
47897 
47899 
47900 
15132 
47901 
47902 
47903 
47904 
15142 
15146 
15152 
39738 
39739 
15164 
39740 
39741 
39742 
15169 
39747 
39749 
39750 
39751 
39752 
39753 
39754 
47947 
39755 
47948 
15180 
39756 
47949 
47950 
47951 
47952 
39760 
47953 
39762 
39763 
39764 
47957 
39765 
47958 
39766 
47959 
39767 
47960 
15192 
39768 
80733 
15197 
39773 
47968 
47969 
7009 
47970 
7010 
47971 
7011 
47972 
47973 
47974 
15207 
47978 
39786 
47979 
15211 
47980 
80749 
47981 
39790 
80752 
15216 
80753 
80754 
80755 
80756 
80757 
47989 
80758 
47990 
47991 
47992 
47993 
47994 
39802 
80763 
47995 
15227 
39803 
80764 
39804 
80765 
80766 
15232 
39809 
80770 
39810 
80771 
39811 
80772 
80773 
80774 
80776 
80777 
48009 
80778 
48010 
80779 
48011 
80780 
48012 
80781 
80782 
48015 
48016 
39824 
48017 
39825 
48018 
39826 
39832 
39833 
39834 
39835 
64418 
64419 
64420 
48039 
39847 
64424 
48040 
64425 
39849 
64426 
64427 
64428 
48044 
64429 
48045 
39856 
39857 
64435 
64436 
7092 
64437 
7093 
39861 
7094 
39895 
64472 
39896 
64473 
48089 
39897 
64474 
48090 
48091 
48092 
64477 
48093 
39901 
64478 
48094 
39902 
64479 
48095 
39903 
64480 
64481 
64482 
48099 
64484 
48100 
64485 
48101 
64486 
48102 
48104 
48105 
48106 
48107 
39915 
48108 
39916 
48109 
39917 
48110 
48113 
48114 
39922 
48115 
39923 
48116 
39924 
80888 
80889 
80890 
80891 
48123 
80892 
48124 
80893 
48125 
80894 
48126 
48127 
48128 
48129 
7177 
7178 
7179 
80909 
48141 
80910 
48142 
80911 
48143 
80912 
48144 
48146 
48147 
39955 
48148 
39956 
48149 
39957 
80922 
80923 
80924 
80925 
39966 
39967 
39968 
39974 
39975 
39976 
39979 
39980 
80941 
39981 
39985 
39986 
39987 
80949 
80950 
80951 
80952 
80953 
80954 
80955 
39995 
80956 
39996 
39997 
80960 
80961 
80962 
40002 
80963 
40003 
80964 
40004 
80965 
80966 
15430 
40006 
80967 
15431 
40007 
40008 
80969 
15436 
40022 
40023 
15448 
40024 
15449 
40025 
80988 
40030 
40031 
40032 
40033 
80994 
80999 
40042 
40043 
40044 
81005 
40045 
40064 
40065 
40066 
40067 
15493 
15494 
40071 
40072 
40073 
15498 
40074 
15505 
15506 
40083 
40084 
40085 
40086 
40097 
40098 
40099 
40100 
40109 
40110 
40111 
40112 
64691 
64692 
64693 
40118 
40119 
40120 
64697 
40121 
64698 
64699 
64702 
64703 
64704 
40132 
40133 
40134 
40135 
40142 
40143 
40144 
40145 
40151 
40152 
40153 
40154 
64740 
64741 
64742 
64745 
64746 
64747 
40172 
64749 
40173 
64750 
40174 
64751 
40175 
40180 
40181 
40182 
15607 
40183 
15608 
40187 
40188 
15613 
40189 
40190 
15621 
15622 
40212 
40213 
40214 
40215 
40219 
40220 
40221 
40222 
40226 
40227 
40228 
40229 
15668 
40244 
15669 
40245 
40246 
40247 
15673 
40250 
40251 
40252 
15677 
40253 
15678 
40259 
40260 
40261 
40262 
40276 
40277 
40278 
40279 
40282 
40283 
40284 
40285 
40291 
40292 
40293 
40294 
40315 
40316 
40317 
40318 
40322 
40323 
40324 
40325 
40333 
40334 
40335 
40336 
7580 
7581 
7582 
40355 
40356 
40357 
40358 
7592 
7593 
7594 
40362 
40363 
40364 
40365 
40369 
40370 
40371 
40372 
7617 
7618 
7619 
40388 
40389 
40390 
40391 
7628 
7629 
7630 
40400 
40401 
40402 
40403 
40405 
40406 
40407 
40408 
15840 
15845 
40422 
40423 
40424 
40425 
40431 
40432 
40433 
15858 
40434 
40439 
40440 
40441 
40442 
15867 
15873 
15881 
40458 
40459 
40460 
40461 
15889 
40466 
40467 
40468 
15893 
40469 
40477 
40478 
40479 
40480 
40497 
40498 
40499 
40500 
40504 
40505 
40506 
40507 
40511 
40512 
40513 
40514 
40528 
40529 
40530 
40531 
40537 
40538 
40539 
40540 
40545 
40546 
40547 
40548 
40558 
40559 
40560 
40561 
15987 
40564 
40565 
40566 
40567 
40573 
40574 
40575 
40576 
16014 
16019 
40595 
40596 
40597 
40598 
40602 
40603 
40604 
40605 
16039 
40617 
40618 
40619 
40620 
40634 
40635 
40636 
40637 
40641 
40642 
40643 
40644 
40648 
16073 
40649 
16074 
40650 
40651 
16079 
40666 
16091 
40667 
16092 
40668 
40669 
40677 
40678 
40679 
40680 
16105 
40685 
40686 
40687 
40688 
16119 
40698 
40699 
40700 
40701 
7938 
40707 
40708 
40709 
40710 
7944 
40715 
40716 
16141 
40717 
16142 
40718 
16146 
7954 
40726 
40728 
16153 
40729 
16154 
40730 
40731 
40732 
40733 
40743 
40744 
40745 
16172 
7984 
40756 
16181 
7989 
40757 
40758 
40759 
7993 
40761 
40762 
40763 
40764 
40765 
40766 
40792 
40801 
40802 
40803 
40804 
40808 
40809 
40810 
40811 
40815 
40816 
40817 
40818 
40824 
16255 
16256 
16261 
49037 
16269 
49038 
16270 
49039 
49040 
49041 
49042 
49043 
49044 
49049 
40857 
40858 
40859 
40860 
49055 
16287 
49056 
49057 
49058 
49059 
40867 
49060 
40868 
49061 
40869 
40870 
40872 
49065 
40873 
49066 
40874 
49067 
40875 
49068 
49072 
49073 
16305 
49074 
49075 
16321 
16322 
16326 
49098 
16330 
49099 
16331 
49100 
49101 
49102 
49103 
40914 
49107 
40915 
49108 
40916 
49109 
40917 
40918 
40919 
49113 
49114 
49115 
49116 
49117 
16349 
49118 
40930 
40931 
40932 
40935 
40936 
40937 
40938 
40939 
40940 
16365 
40941 
40942 
40943 
40949 
40950 
40951 
40955 
40956 
49149 
40957 
49150 
49151 
)

// ************************************************************************* //
